9 0.4625 0.53984375 0.018359375 0.02109375
12 0.4703125 0.5546875 0.1359375 0.064453125
11 0.463671875 0.563671875 0.008984375 0.013671875
4 0.426953125 0.53984375 0.017578125 0.020703125
4 0.519140625 0.540625 0.016796875 0.02109375
2 0.44921875 0.53984375 0.01015625 0.01875
2 0.50390625 0.540625 0.0109375 0.01875
2 0.484765625 0.56640625 0.0109375 0.023046875
3 0.448046875 0.565625 0.02265625 0.026171875
9 0.498828125 0.566015625 0.02265625 0.02578125
10 0.48125 0.540625 0.017578125 0.02109375