12 0.566796875 0.4328125 0.15703125 0.1671875
3 0.54140625 0.4296875 0.00859375 0.034765625
11 0.5984375 0.38828125 0.009765625 0.03046875
11 0.58828125 0.38515625 0.00859375 0.03671875
11 0.5421875 0.392578125 0.009765625 0.03046875
2 0.51171875 0.4828125 0.00390625 0.028125
2 0.559375 0.38515625 0.0078125 0.04140625
5 0.572265625 0.426171875 0.009765625 0.032421875
6 0.56171875 0.42734375 0.009765625 0.034765625
5 0.517578125 0.48046875 0.0078125 0.028125
4 0.569921875 0.38515625 0.0109375 0.04140625
2 0.54296875 0.473828125 0.00390625 0.04140625
6 0.566015625 0.473046875 0.0109375 0.0390625
7 0.58203125 0.426171875 0.009765625 0.032421875
7 0.550390625 0.473046875 0.0109375 0.043359375
9 0.5515625 0.42734375 0.009765625 0.034765625
1 0.578125 0.470703125 0.01171875 0.0390625
11 0.521484375 0.389453125 0.009765625 0.04140625
11 0.531640625 0.39375 0.00859375 0.028125
11 0.55859375 0.473828125 0.00390625 0.028125
11 0.52890625 0.479296875 0.00859375 0.03046875
11 0.595703125 0.419921875 0.0078125 0.015234375
11 0.58984375 0.417578125 0.00390625 0.01953125
11 0.60859375 0.389453125 0.009765625 0.028125