9 0.6265625 0.402734375 0.01640625 0.044140625
11 0.654296875 0.509765625 0.008984375 0.0359375
11 0.70078125 0.4421875 0.0125 0.018359375
11 0.689453125 0.441015625 0.008984375 0.023046875
11 0.6421875 0.444921875 0.00859375 0.021875
11 0.604296875 0.448046875 0.008984375 0.023046875
11 0.6140625 0.447265625 0.0109375 0.021875
11 0.6328125 0.446875 0.010546875 0.023046875
11 0.62421875 0.44609375 0.009765625 0.021875
9 0.644921875 0.4015625 0.01640625 0.044140625
10 0.663671875 0.4 0.01640625 0.04296875
6 0.682421875 0.398046875 0.016796875 0.044140625
5 0.701171875 0.396875 0.016796875 0.039453125
2 0.6125 0.405078125 0.006640625 0.041796875
12 0.658984375 0.467578125 0.223828125 0.24765625