11 0.595703125 0.637890625 0.015625 0.020703125
11 0.5828125 0.634765625 0.009765625 0.0265625
11 0.459375 0.64453125 0.0109375 0.027734375
12 0.544140625 0.6734375 0.278515625 0.3125
11 0.541796875 0.7203125 0.010546875 0.0453125
1 0.596484375 0.5828125 0.01953125 0.051953125
0 0.585546875 0.603515625 0.005859375 0.010546875
6 0.5734375 0.583203125 0.0203125 0.053125
7 0.5515625 0.584375 0.0203125 0.053125
2 0.53515625 0.58671875 0.0078125 0.0484375
11 0.43046875 0.646484375 0.01171875 0.02890625
11 0.4421875 0.645703125 0.0109375 0.027734375
11 0.450390625 0.645703125 0.005078125 0.027734375