12 0.489453125 0.534765625 0.291796875 0.121875
11 0.5296875 0.539453125 0.00703125 0.0109375
11 0.5390625 0.5421875 0.012109375 0.009765625
11 0.465234375 0.547265625 0.0140625 0.0125
2 0.442578125 0.519921875 0.0171875 0.01484375
2 0.441015625 0.541015625 0.0140625 0.015625
1 0.4515625 0.54375 0.02421875 0.01953125
7 0.45234375 0.52265625 0.015625 0.017578125
7 0.48359375 0.53046875 0.02265625 0.017578125
6 0.4765625 0.5515625 0.026171875 0.01953125
8 0.49921875 0.556640625 0.019140625 0.021484375
3 0.46953125 0.5265625 0.019140625 0.017578125
10 0.5015625 0.534765625 0.0171875 0.01875
5 0.5171875 0.5390625 0.0171875 0.015625