12 0.47265625 0.52421875 0.126953125 0.179296875
7 0.46953125 0.51640625 0.033203125 0.01171875
11 0.462890625 0.488671875 0.015625 0.008203125
11 0.46171875 0.495703125 0.01796875 0.00546875
11 0.512890625 0.53203125 0.0265625 0.005078125
11 0.435546875 0.597265625 0.0390625 0.0125
0 0.438671875 0.4671875 0.016796875 0.00625
10 0.430859375 0.486328125 0.03671875 0.010546875
8 0.510546875 0.508203125 0.037890625 0.01328125
7 0.47265625 0.55234375 0.035546875 0.010546875
5 0.470703125 0.53984375 0.033203125 0.014453125
5 0.43046875 0.45234375 0.037890625 0.014453125
4 0.43046875 0.475 0.040234375 0.01171875
1 0.512890625 0.541015625 0.040234375 0.013671875
3 0.510546875 0.523046875 0.037890625 0.01171875
2 0.469921875 0.525 0.032421875 0.00546875
2 0.47109375 0.5609375 0.034375 0.005078125
2 0.514453125 0.55078125 0.0390625 0.005078125
9 0.46875 0.5046875 0.034375 0.0125