3 0.469140625 0.566796875 0.019921875 0.026171875
11 0.4859375 0.56484375 0.006640625 0.01328125
6 0.541796875 0.53828125 0.01484375 0.02109375
10 0.4828125 0.5390625 0.016015625 0.020703125
2 0.468359375 0.539453125 0.006640625 0.01875
2 0.5296875 0.566015625 0.007421875 0.023046875
3 0.521484375 0.53828125 0.016796875 0.020703125
4 0.444921875 0.53984375 0.01484375 0.020703125
1 0.50234375 0.5390625 0.016796875 0.020703125
1 0.501953125 0.56640625 0.020703125 0.026171875
12 0.494921875 0.555859375 0.146484375 0.066796875