9 0.535546875 0.500390625 0.019921875 0.015625
1 0.55703125 0.50078125 0.01875 0.01640625
1 0.5171875 0.527734375 0.02109375 0.01796875
1 0.5921875 0.52890625 0.022265625 0.017578125
3 0.49296875 0.52734375 0.02109375 0.017578125
3 0.54296875 0.528125 0.02109375 0.017578125
3 0.579296875 0.50078125 0.01875 0.01484375
6 0.5671875 0.528515625 0.02109375 0.01796875
2 0.475 0.526953125 0.0078125 0.01640625
0 0.568359375 0.5078125 0.00546875 0.004296875
11 0.503515625 0.512890625 0.008984375 0.009375
11 0.514453125 0.5140625 0.01328125 0.00703125
12 0.53046875 0.51640625 0.165625 0.05703125