2 0.490625 0.5046875 0.0078125 0.016796875
8 0.508984375 0.5046875 0.019921875 0.016796875
4 0.5328125 0.50546875 0.02109375 0.01796875
5 0.583203125 0.50625 0.022265625 0.01640625
11 0.49375 0.48984375 0.01015625 0.00859375
11 0.50546875 0.49140625 0.01328125 0.00625
0 0.559375 0.48515625 0.00546875 0.005078125
12 0.521484375 0.492578125 0.165625 0.05859375
1 0.54765625 0.477734375 0.019921875 0.015625
1 0.57109375 0.47734375 0.019921875 0.01640625
2 0.465625 0.504296875 0.008984375 0.017578125
1 0.558203125 0.505859375 0.02109375 0.01796875