12 0.480859375 0.519921875 0.20703125 0.06953125
6 0.496484375 0.534375 0.026171875 0.02734375
10 0.526171875 0.50703125 0.02265625 0.021484375
5 0.50078125 0.50625 0.020703125 0.01875
7 0.55234375 0.507421875 0.019140625 0.0203125
7 0.473828125 0.505859375 0.02265625 0.021484375
2 0.453125 0.505859375 0.012109375 0.021484375
2 0.428515625 0.5328125 0.012109375 0.02421875
2 0.53203125 0.534375 0.020703125 0.025390625
4 0.42421875 0.5046875 0.020703125 0.021484375
9 0.451171875 0.533203125 0.026171875 0.02734375
11 0.474609375 0.5328125 0.010546875 0.01640625