5 0.456640625 0.5015625 0.016796875 0.01796875
6 0.505859375 0.50078125 0.01328125 0.01796875
6 0.47265625 0.501171875 0.01328125 0.01875
5 0.4984375 0.52578125 0.019921875 0.01953125
10 0.454296875 0.479296875 0.01484375 0.02109375
10 0.4890625 0.50078125 0.016796875 0.01953125
1 0.454296875 0.5265625 0.018359375 0.020703125
2 0.440234375 0.5265625 0.007421875 0.020703125
2 0.484765625 0.526171875 0.007421875 0.01875
3 0.5015625 0.478515625 0.018359375 0.021875
8 0.4703125 0.478515625 0.016015625 0.020703125
0 0.482421875 0.4859375 0.008203125 0.009375
9 0.438671875 0.5015625 0.016015625 0.01953125
11 0.56484375 0.481640625 0.016796875 0.015625
11 0.4671875 0.526171875 0.005859375 0.013671875
11 0.375390625 0.479296875 0.016015625 0.02109375
11 0.392578125 0.480078125 0.016796875 0.02109375
11 0.40859375 0.48046875 0.0140625 0.023046875
11 0.532421875 0.4796875 0.016796875 0.021875
11 0.54921875 0.479296875 0.01484375 0.02265625
11 0.52890625 0.4984375 0.0109375 0.009375
11 0.519140625 0.497265625 0.01015625 0.010546875
12 0.4828125 0.50234375 0.25234375 0.09375