2 0.51875 0.649609375 0.00390625 0.032421875
1 0.509375 0.59765625 0.0109375 0.03671875
1 0.58984375 0.59765625 0.009765625 0.03671875
1 0.5578125 0.643359375 0.01171875 0.04140625
3 0.548828125 0.596484375 0.009765625 0.034765625
4 0.56953125 0.59765625 0.009765625 0.03671875
6 0.5796875 0.59765625 0.00859375 0.03671875
6 0.5734375 0.6421875 0.01171875 0.043359375
4 0.52421875 0.649609375 0.0078125 0.032421875
3 0.54609375 0.6421875 0.01171875 0.043359375
9 0.559375 0.596484375 0.009765625 0.034765625
12 0.5734375 0.598828125 0.154296875 0.160546875
11 0.5296875 0.55625 0.0109375 0.04140625
11 0.539453125 0.56171875 0.0109375 0.03046875
11 0.54921875 0.56171875 0.00859375 0.03046875
11 0.595703125 0.55546875 0.009765625 0.0390625
11 0.60546875 0.559765625 0.009765625 0.03046875
11 0.615234375 0.560546875 0.009765625 0.032421875
11 0.597265625 0.5890625 0.0046875 0.01953125
11 0.603125 0.58984375 0.00703125 0.0171875
11 0.5359375 0.64765625 0.0078125 0.032421875
2 0.5671875 0.55625 0.009765625 0.04140625
2 0.57734375 0.55546875 0.009765625 0.043359375
2 0.58828125 0.641015625 0.00703125 0.04140625