3 0.38671875 0.58984375 0.031640625 0.038671875
2 0.355859375 0.64296875 0.018359375 0.04296875
2 0.41640625 0.54453125 0.02421875 0.04296875
8 0.45 0.54453125 0.033203125 0.04296875
8 0.47578125 0.641796875 0.03515625 0.04375
8 0.38359375 0.64140625 0.032421875 0.04296875
3 0.31796875 0.59140625 0.030859375 0.039453125
3 0.489453125 0.58984375 0.032421875 0.038671875
4 0.21875 0.59140625 0.02734375 0.039453125
4 0.42265625 0.58984375 0.030078125 0.03984375
6 0.43515625 0.64140625 0.03828125 0.042578125
9 0.455859375 0.590234375 0.031640625 0.03828125
5 0.3515625 0.590625 0.031640625 0.036328125
11 0.4078125 0.64140625 0.0125 0.029296875
11 0.285546875 0.54609375 0.029296875 0.04296875
11 0.318359375 0.55 0.030078125 0.03359375
11 0.351953125 0.546875 0.030859375 0.0375
11 0.515234375 0.58125 0.0140625 0.02109375
11 0.535546875 0.583984375 0.02578125 0.01796875
11 0.512109375 0.5453125 0.032421875 0.040625
11 0.54375 0.548828125 0.032421875 0.03515625
11 0.5765625 0.54921875 0.031640625 0.03203125
12 0.430859375 0.591015625 0.533203125 0.183203125