2 0.44609375 0.49375 0.010546875 0.01875
12 0.50078125 0.482421875 0.168359375 0.056640625
11 0.4859375 0.48046875 0.0140625 0.005859375
11 0.473828125 0.47890625 0.010546875 0.00859375
0 0.53984375 0.474609375 0.00703125 0.005859375
2 0.57109375 0.49609375 0.010546875 0.017578125
2 0.471484375 0.494140625 0.00859375 0.017578125
8 0.489453125 0.49453125 0.020703125 0.01875
8 0.5078125 0.46640625 0.019140625 0.01640625
7 0.5140625 0.49453125 0.020703125 0.01875
7 0.5390625 0.495703125 0.02265625 0.01875
7 0.5296875 0.466796875 0.020703125 0.015625
3 0.551953125 0.4671875 0.020703125 0.01640625