0 0.517578125 0.513671875 0.006640625 0.0078125
11 0.40234375 0.5078125 0.012890625 0.015625
7 0.474609375 0.525390625 0.01171875 0.013671875
5 0.46171875 0.52421875 0.01171875 0.013671875
3 0.435546875 0.525390625 0.01171875 0.015625
3 0.4921875 0.54453125 0.012890625 0.01640625
11 0.55546875 0.511328125 0.01171875 0.0125
11 0.54296875 0.50859375 0.010546875 0.015625
11 0.42578125 0.509375 0.010546875 0.0125
3 0.49921875 0.525390625 0.01171875 0.015625
4 0.45 0.52421875 0.01171875 0.013671875
11 0.431640625 0.5453125 0.008984375 0.01484375
11 0.51640625 0.52265625 0.008984375 0.005859375
1 0.53203125 0.509375 0.01171875 0.01640625
12 0.48125 0.52578125 0.194140625 0.06328125
1 0.5078125 0.508203125 0.012890625 0.01640625
1 0.458984375 0.54375 0.014453125 0.017578125
2 0.482421875 0.54453125 0.006640625 0.01640625
2 0.44921875 0.54375 0.005078125 0.015625
8 0.419140625 0.54609375 0.0078125 0.01171875
8 0.4875 0.525 0.01171875 0.01484375
0 0.435546875 0.512109375 0.006640625 0.00703125
11 0.508984375 0.521484375 0.005078125 0.0078125