12 0.4953125 0.45703125 0.2625 0.09296875
11 0.480859375 0.4796875 0.005078125 0.016796875
11 0.54609375 0.450390625 0.0140625 0.009375
11 0.536328125 0.44921875 0.008984375 0.010546875
2 0.51953125 0.479296875 0.0125 0.023828125
2 0.454296875 0.47890625 0.008203125 0.02109375
1 0.49453125 0.47890625 0.020703125 0.023046875
9 0.523046875 0.45390625 0.017578125 0.019921875
9 0.45390625 0.452734375 0.017578125 0.020703125
9 0.46796875 0.479296875 0.017578125 0.02265625
5 0.47109375 0.453515625 0.017578125 0.01953125
5 0.48828125 0.453125 0.016796875 0.01875
10 0.505859375 0.45390625 0.016796875 0.019921875