2 0.61484375 0.639453125 0.0125 0.057421875
3 0.623046875 0.727734375 0.037109375 0.073046875
3 0.70859375 0.733203125 0.0359375 0.073046875
6 0.636328125 0.640625 0.03046875 0.0625
6 0.765625 0.64921875 0.029296875 0.061328125
11 0.5796875 0.55859375 0.03046875 0.0703125
11 0.609375 0.5703125 0.029296875 0.051953125
12 0.71640625 0.6515625 0.49296875 0.311328125
11 0.80703125 0.640625 0.02421875 0.026171875
11 0.7890625 0.63671875 0.015625 0.03125
10 0.66875 0.641796875 0.029296875 0.0625
8 0.736328125 0.645703125 0.02734375 0.059765625
8 0.732421875 0.568359375 0.029296875 0.069140625
7 0.74453125 0.734375 0.0359375 0.0703125
7 0.70078125 0.64375 0.03203125 0.061328125
1 0.66015625 0.7296875 0.03515625 0.071484375
3 0.699609375 0.567578125 0.03046875 0.0703125
11 0.63984375 0.573046875 0.029296875 0.051953125
11 0.790625 0.573046875 0.03203125 0.0703125
11 0.819921875 0.583984375 0.03046875 0.05078125
11 0.8484375 0.5859375 0.029296875 0.051953125