5 0.410546875 0.607421875 0.019921875 0.01484375
1 0.4609375 0.629296875 0.02109375 0.01796875
2 0.393359375 0.63046875 0.012109375 0.019921875
2 0.3765625 0.6078125 0.0078125 0.01640625
6 0.438671875 0.629296875 0.02109375 0.01953125
6 0.43046875 0.6078125 0.01796875 0.01640625
2 0.4765625 0.6078125 0.0078125 0.01484375
7 0.390625 0.607421875 0.01796875 0.017578125
2 0.41484375 0.629296875 0.008984375 0.01796875
11 0.423828125 0.6296875 0.008984375 0.013671875
11 0.485546875 0.603515625 0.0078125 0.00859375
11 0.497265625 0.6046875 0.015625 0.007421875
8 0.453125 0.607421875 0.016796875 0.01640625
12 0.437109375 0.609765625 0.302734375 0.069921875