11 0.648046875 0.69921875 0.00703125 0.015625
11 0.581640625 0.66875 0.01484375 0.030078125
11 0.566796875 0.66875 0.0125 0.024609375
11 0.55390625 0.66484375 0.013671875 0.03515625
11 0.675 0.67578125 0.013671875 0.026171875
11 0.6609375 0.67578125 0.013671875 0.0234375
11 0.646875 0.669921875 0.0125 0.032421875
11 0.60234375 0.743359375 0.005859375 0.026171875
5 0.623046875 0.70390625 0.013671875 0.030078125
11 0.656640625 0.701171875 0.0125 0.014453125
10 0.6296875 0.744140625 0.015625 0.03515625
1 0.594140625 0.70234375 0.0125 0.030078125
1 0.59140625 0.7421875 0.01484375 0.036328125
4 0.637109375 0.705859375 0.0125 0.03125
4 0.61328125 0.743359375 0.013671875 0.033984375
3 0.62109375 0.66875 0.015625 0.03515625
2 0.580078125 0.744921875 0.005859375 0.0390625
2 0.612890625 0.703125 0.00703125 0.03125
2 0.56953125 0.701953125 0.0078125 0.03125
10 0.580078125 0.701171875 0.013671875 0.030078125
12 0.615625 0.7078125 0.2296875 0.149609375