12 0.3921875 0.51015625 0.266015625 0.070703125
3 0.3875 0.4921875 0.01875 0.017578125
11 0.4359375 0.50859375 0.008984375 0.007421875
11 0.447265625 0.509765625 0.01328125 0.00625
11 0.3546875 0.49296875 0.01796875 0.013671875
11 0.3375 0.491796875 0.014453125 0.014453125
11 0.319140625 0.4890625 0.019921875 0.017578125
11 0.376953125 0.529296875 0.006640625 0.01171875
11 0.43671875 0.49453125 0.01875 0.015625
11 0.454296875 0.497265625 0.016796875 0.0125
11 0.471484375 0.498046875 0.015625 0.01328125
8 0.405859375 0.49296875 0.01796875 0.01640625
7 0.351953125 0.50859375 0.016796875 0.01484375
7 0.387109375 0.51015625 0.015625 0.01484375
6 0.405078125 0.510546875 0.015625 0.015625
5 0.39375 0.530078125 0.022265625 0.015625
5 0.4234375 0.51171875 0.016796875 0.015625
5 0.369921875 0.508984375 0.016796875 0.013671875
2 0.33984375 0.5078125 0.0078125 0.01484375
2 0.350390625 0.52890625 0.008984375 0.017578125
2 0.417578125 0.531640625 0.012109375 0.01640625
1 0.364453125 0.52890625 0.01875 0.01796875