12 0.489453125 0.566796875 0.140625 0.06171875
11 0.481640625 0.57734375 0.0078125 0.015625
4 0.4453125 0.554296875 0.015625 0.0203125
2 0.465625 0.55390625 0.01171875 0.01953125
2 0.451171875 0.57890625 0.01171875 0.0234375
2 0.501953125 0.578125 0.008984375 0.021484375
8 0.4796875 0.552734375 0.014453125 0.01953125
8 0.467578125 0.578125 0.018359375 0.0234375
9 0.496875 0.55390625 0.016796875 0.01953125
9 0.515625 0.578125 0.018359375 0.025390625
3 0.514453125 0.553125 0.015625 0.0203125
3 0.533203125 0.55234375 0.016796875 0.0203125