2 0.515625 0.498046875 0.00703125 0.013671875
11 0.533984375 0.4953125 0.012109375 0.005859375
11 0.425390625 0.515234375 0.0140625 0.0125
1 0.384375 0.49453125 0.015625 0.01484375
3 0.47734375 0.48046875 0.0171875 0.015625
3 0.494921875 0.480859375 0.0171875 0.01484375
3 0.446875 0.495703125 0.015625 0.01484375
12 0.484375 0.49921875 0.25 0.068359375
7 0.4625 0.496484375 0.015625 0.01484375
3 0.495703125 0.49765625 0.015625 0.01484375
10 0.480078125 0.496875 0.015625 0.013671875
10 0.458203125 0.513671875 0.020703125 0.015625
6 0.48359375 0.51484375 0.019140625 0.015625
9 0.4078125 0.515625 0.0140625 0.01171875
9 0.502734375 0.515234375 0.019140625 0.01484375
11 0.417578125 0.480078125 0.019140625 0.01640625
11 0.433984375 0.48125 0.0140625 0.013671875
11 0.449609375 0.48203125 0.0140625 0.0125
11 0.52265625 0.48203125 0.0171875 0.01484375
11 0.53828125 0.483984375 0.0140625 0.0125
11 0.553125 0.484375 0.015625 0.01171875
11 0.52421875 0.494140625 0.00703125 0.0078125