11 0.4859375 0.435546875 0.0140625 0.0078125
11 0.473828125 0.433984375 0.010546875 0.0109375
10 0.488671875 0.44921875 0.02265625 0.01953125
2 0.4703125 0.44921875 0.010546875 0.017578125
2 0.4453125 0.44921875 0.012109375 0.01953125
3 0.5078125 0.421484375 0.019140625 0.01875
2 0.535546875 0.419921875 0.00859375 0.015625
2 0.49140625 0.4203125 0.010546875 0.01640625
7 0.540625 0.449609375 0.02265625 0.0203125
4 0.553125 0.42109375 0.019140625 0.017578125
4 0.566796875 0.45 0.02265625 0.021484375
4 0.51484375 0.45 0.019140625 0.01953125
12 0.502734375 0.437890625 0.168359375 0.059375
0 0.540625 0.42890625 0.005078125 0.0078125