4 0.46875 0.421484375 0.015625 0.01640625
11 0.496484375 0.45859375 0.00859375 0.0125
11 0.534765625 0.4359375 0.00859375 0.00859375
11 0.54765625 0.437109375 0.0140625 0.00703125
11 0.442578125 0.4359375 0.00859375 0.00859375
11 0.4546875 0.43671875 0.012109375 0.0078125
11 0.464453125 0.43671875 0.010546875 0.0078125
11 0.473828125 0.4359375 0.00859375 0.00703125
11 0.48515625 0.43671875 0.010546875 0.0078125
1 0.404296875 0.45859375 0.019140625 0.01640625
1 0.480078125 0.4578125 0.020703125 0.017578125
2 0.5390625 0.458984375 0.010546875 0.017578125
2 0.466015625 0.458984375 0.00703125 0.017578125
8 0.53125 0.421875 0.015625 0.015625
7 0.50859375 0.421484375 0.015625 0.01484375
3 0.44765625 0.421875 0.015625 0.015625
6 0.488671875 0.421875 0.017578125 0.015625
12 0.484375 0.439453125 0.217578125 0.0703125
4 0.512109375 0.4578125 0.019140625 0.01953125
5 0.550390625 0.421875 0.019140625 0.013671875