1 0.254296875 0.569140625 0.0125 0.018359375
12 0.30078125 0.645703125 0.185546875 0.182421875
5 0.245703125 0.576953125 0.0125 0.018359375
4 0.294921875 0.649609375 0.029296875 0.036328125
3 0.369140625 0.573046875 0.02734375 0.033984375
3 0.35 0.60625 0.03046875 0.040234375
6 0.3203125 0.623828125 0.03125 0.0390625
4 0.215625 0.63359375 0.013671875 0.01953125
1 0.2421875 0.700390625 0.029296875 0.0390625
1 0.26953125 0.6765625 0.029296875 0.040234375
1 0.2140625 0.678515625 0.01171875 0.018359375
1 0.22578125 0.62578125 0.013671875 0.01953125