6 0.502734375 0.490625 0.026171875 0.03046875
11 0.544140625 0.453125 0.018359375 0.01171875
11 0.530078125 0.451171875 0.010546875 0.013671875
11 0.572265625 0.430078125 0.022265625 0.02265625
12 0.477734375 0.45859375 0.348828125 0.13203125
11 0.55078125 0.43046875 0.020703125 0.021484375
11 0.529296875 0.42734375 0.022265625 0.028125
11 0.424609375 0.428125 0.0234375 0.02265625
11 0.403515625 0.429296875 0.018359375 0.02265625
11 0.38203125 0.425390625 0.022265625 0.028125
10 0.514453125 0.45625 0.020703125 0.025390625
5 0.469921875 0.45625 0.0234375 0.0234375
9 0.423828125 0.456640625 0.022265625 0.02421875
8 0.444140625 0.4890625 0.0234375 0.029296875
4 0.48828125 0.42734375 0.0234375 0.03046875
4 0.446484375 0.456640625 0.020703125 0.0265625
3 0.4765625 0.490625 0.026171875 0.028125
2 0.497265625 0.45625 0.010546875 0.025390625
2 0.465625 0.426171875 0.016796875 0.028125
2 0.423828125 0.48984375 0.01171875 0.03046875