11 0.5046875 0.421484375 0.05859375 0.06328125
11 0.6359375 0.402734375 0.03515625 0.0734375
11 0.681640625 0.39609375 0.053515625 0.07109375
11 0.69609375 0.52265625 0.030078125 0.04296875
11 0.74140625 0.521875 0.055859375 0.03203125
6 0.474609375 0.54453125 0.079296875 0.07734375
12 0.4890625 0.392578125 0.977734375 0.78515625
1 0.309375 0.355078125 0.298046875 0.2921875
11 0.57734375 0.4171875 0.084765625 0.05078125
11 0.04765625 0.63203125 0.05078125 0.064453125
2 0.0890625 0.625390625 0.02734375 0.04375
3 0.5578125 0.53203125 0.071484375 0.080078125
0 0.598828125 0.558203125 0.012890625 0.02265625
4 0.64140625 0.519921875 0.071484375 0.07734375
6 0.049609375 0.13515625 0.096484375 0.1359375
3 0.15546875 0.11796875 0.10546875 0.13671875
11 0.241015625 0.074609375 0.059765625 0.075
11 0.309375 0.065625 0.076953125 0.060546875
11 0.0109375 0.63671875 0.021875 0.04375