11 0.5796875 0.42265625 0.01796875 0.00859375
12 0.5078125 0.42734375 0.34375 0.08359375
4 0.478125 0.42421875 0.019921875 0.019921875
4 0.548828125 0.425390625 0.016796875 0.01953125
4 0.53671875 0.451953125 0.025390625 0.02265625
3 0.44765625 0.45 0.0234375 0.02265625
10 0.50234375 0.424609375 0.02109375 0.01953125
5 0.51015625 0.451171875 0.0234375 0.019921875
9 0.455078125 0.42421875 0.022265625 0.01953125
1 0.4734375 0.45 0.0234375 0.02109375
7 0.525390625 0.424609375 0.02109375 0.01953125
11 0.491796875 0.45078125 0.008984375 0.01484375
11 0.565625 0.42109375 0.01015625 0.011328125