8 0.48125 0.522265625 0.0140625 0.01953125
8 0.46640625 0.52109375 0.016015625 0.01875
3 0.487890625 0.546875 0.019140625 0.02109375
3 0.5703125 0.50390625 0.020703125 0.021875
4 0.448828125 0.521875 0.016015625 0.01875
12 0.46953125 0.5234375 0.2625 0.095703125
9 0.430859375 0.52109375 0.018359375 0.01796875
11 0.402734375 0.498046875 0.0140625 0.02265625
11 0.372265625 0.496484375 0.017578125 0.021875
7 0.497265625 0.523046875 0.0140625 0.019921875
7 0.540234375 0.502734375 0.016015625 0.021875
1 0.469140625 0.54609375 0.016796875 0.02265625
1 0.444140625 0.545703125 0.016796875 0.02109375
1 0.524609375 0.50234375 0.016015625 0.021875
2 0.43046875 0.5453125 0.008984375 0.01953125
2 0.508984375 0.501171875 0.01484375 0.02265625
0 0.55078125 0.509375 0.008203125 0.00859375
11 0.45703125 0.54609375 0.007421875 0.01640625
11 0.51875 0.520703125 0.0140625 0.00859375
11 0.50859375 0.51875 0.007421875 0.011328125
11 0.448828125 0.49921875 0.019140625 0.02265625
11 0.432421875 0.498828125 0.01171875 0.02265625
11 0.418359375 0.4984375 0.01484375 0.021875
11 0.387109375 0.497265625 0.0140625 0.021875