12 0.48359375 0.528125 0.141796875 0.06640625
11 0.4765625 0.538671875 0.0078125 0.01640625
1 0.491015625 0.540625 0.020703125 0.028125
3 0.512890625 0.54296875 0.0234375 0.02734375
10 0.514453125 0.51640625 0.015625 0.021484375
8 0.498046875 0.515234375 0.014453125 0.02265625
7 0.478515625 0.5140625 0.016796875 0.02265625
2 0.462109375 0.5125 0.010546875 0.021484375
4 0.4609375 0.5390625 0.018359375 0.029296875
4 0.4421875 0.511328125 0.01953125 0.02265625
5 0.53515625 0.51875 0.020703125 0.021484375