2 0.38203125 0.58984375 0.009765625 0.013671875
2 0.333203125 0.59140625 0.0078125 0.01484375
9 0.487109375 0.57578125 0.01796875 0.01484375
4 0.435546875 0.60625 0.01796875 0.015625
11 0.33125 0.574609375 0.016015625 0.01484375
11 0.348046875 0.574609375 0.0140625 0.01484375
11 0.36328125 0.575 0.016015625 0.015625
11 0.380078125 0.574609375 0.01796875 0.01484375
11 0.410546875 0.574609375 0.016015625 0.01484375
11 0.4265625 0.574609375 0.016015625 0.01484375
11 0.420703125 0.60625 0.0078125 0.01171875
12 0.435546875 0.590625 0.251953125 0.0546875
6 0.461328125 0.589453125 0.0140625 0.01484375
6 0.39375 0.589453125 0.0140625 0.01484375
0 0.516015625 0.5796875 0.01171875 0.00703125
7 0.53359375 0.574609375 0.019921875 0.01640625
7 0.406640625 0.60625 0.023828125 0.017578125
10 0.503125 0.574609375 0.0140625 0.01484375
10 0.453515625 0.605859375 0.01796875 0.01640625
3 0.409765625 0.58984375 0.01796875 0.013671875
3 0.427734375 0.589453125 0.0140625 0.01484375
1 0.44453125 0.58984375 0.016015625 0.013671875