4 0.45234375 0.328125 0.020703125 0.017578125
2 0.434765625 0.327734375 0.0140625 0.01640625
2 0.480859375 0.327734375 0.015625 0.01640625
2 0.4625 0.351171875 0.017578125 0.0203125
2 0.488671875 0.351171875 0.017578125 0.02265625
1 0.49921875 0.327734375 0.020703125 0.01640625
3 0.381640625 0.327734375 0.02265625 0.01875
3 0.404296875 0.3515625 0.026171875 0.021484375
3 0.43125 0.351953125 0.02421875 0.02265625
9 0.405078125 0.327734375 0.02421875 0.01875
12 0.441015625 0.32734375 0.304296875 0.095703125