5 0.542578125 0.700390625 0.0125 0.036328125
11 0.53359375 0.700390625 0.0046875 0.0296875
11 0.5 0.706640625 0.009765625 0.027734375
11 0.5765625 0.652734375 0.00859375 0.0171875
11 0.569921875 0.65 0.0046875 0.019140625
11 0.590234375 0.6234375 0.0109375 0.027734375
11 0.57890625 0.62421875 0.01171875 0.026171875
11 0.5671875 0.619921875 0.01171875 0.034765625
11 0.51484375 0.620703125 0.01171875 0.036328125
11 0.50234375 0.625 0.0109375 0.027734375
11 0.491796875 0.622265625 0.0109375 0.036328125
4 0.5609375 0.65703125 0.0125 0.036328125
10 0.525 0.699609375 0.0125 0.03828125
9 0.548828125 0.6578125 0.01171875 0.03125
9 0.55546875 0.699609375 0.013671875 0.034765625
7 0.48671875 0.706640625 0.0109375 0.027734375
5 0.5375 0.6578125 0.0109375 0.03125
8 0.526953125 0.65703125 0.0109375 0.0328125
3 0.5140625 0.6578125 0.0125 0.034765625
3 0.54609375 0.619921875 0.013671875 0.03828125
2 0.51484375 0.70234375 0.005859375 0.03984375
1 0.46875 0.659765625 0.01171875 0.03828125
12 0.541015625 0.65625 0.1796875 0.145703125