4 0.61953125 0.626953125 0.0125 0.030078125
11 0.55625 0.63203125 0.0125 0.030078125
11 0.56875 0.630859375 0.0125 0.02734375
11 0.58203125 0.63359375 0.013671875 0.022265625
11 0.64453125 0.62578125 0.013671875 0.030078125
11 0.6578125 0.628125 0.0125 0.022265625
11 0.6703125 0.628125 0.0125 0.022265625
11 0.646875 0.6515625 0.00703125 0.01171875
11 0.65546875 0.65234375 0.009765625 0.010546875
11 0.60625 0.698046875 0.005859375 0.020703125
10 0.596875 0.662109375 0.013671875 0.02734375
9 0.58359375 0.662890625 0.0125 0.026171875
8 0.624609375 0.658203125 0.0125 0.024609375
7 0.637109375 0.658984375 0.0125 0.026171875
7 0.6328125 0.69609375 0.015625 0.030078125
6 0.6171875 0.697265625 0.015625 0.030078125
6 0.61015625 0.6609375 0.013671875 0.02734375
2 0.585546875 0.7 0.0046875 0.02734375
2 0.57421875 0.66328125 0.005859375 0.024609375
3 0.60625 0.628125 0.013671875 0.030078125
1 0.59609375 0.69921875 0.01484375 0.03125
12 0.617578125 0.6640625 0.21015625 0.137890625