11 0.536328125 0.49140625 0.00703125 0.0078125
7 0.55390625 0.4796875 0.0140625 0.01171875
7 0.5875 0.50625 0.015625 0.01484375
4 0.56953125 0.4796875 0.0140625 0.01171875
4 0.583203125 0.47890625 0.0140625 0.0125
6 0.598046875 0.478515625 0.015625 0.01171875
1 0.49296875 0.509375 0.0140625 0.0125
1 0.551171875 0.507421875 0.015625 0.01484375
2 0.53828125 0.508203125 0.00703125 0.0125
3 0.571875 0.50703125 0.015625 0.013671875
11 0.519921875 0.491796875 0.00859375 0.00703125
11 0.528515625 0.490625 0.00859375 0.00703125
11 0.543359375 0.490625 0.00703125 0.00703125
11 0.551953125 0.490625 0.00703125 0.00703125
11 0.5875 0.490234375 0.00859375 0.005859375
11 0.598046875 0.490234375 0.012109375 0.00390625
7 0.5390625 0.480078125 0.015625 0.0125
12 0.56328125 0.4953125 0.1890625 0.064453125