1 0.491796875 0.94921875 0.03984375 0.065625
9 0.449609375 0.94921875 0.03984375 0.06328125
8 0.409375 0.946484375 0.0390625 0.0625
3 0.533203125 0.94921875 0.041015625 0.065625
3 0.484375 0.873046875 0.044921875 0.07265625
2 0.44375 0.87109375 0.03046875 0.07265625
2 0.376953125 0.946484375 0.017578125 0.064453125
2 0.335546875 0.94609375 0.01875 0.065625
11 0.591796875 0.9390625 0.033203125 0.02734375
11 0.564453125 0.9359375 0.01953125 0.03515625
11 0.64140625 0.88359375 0.041015625 0.05546875
11 0.6015625 0.88203125 0.037109375 0.05234375
11 0.562890625 0.87421875 0.03984375 0.0703125
11 0.366796875 0.8796875 0.03828125 0.059375
11 0.32734375 0.870703125 0.0390625 0.071484375
11 0.28671875 0.869921875 0.0421875 0.074609375
12 0.465234375 0.90234375 0.6359375 0.189453125