4 0.471484375 0.45234375 0.019140625 0.015625
12 0.49921875 0.452734375 0.31015625 0.06328125
2 0.518359375 0.45234375 0.009375 0.01484375
11 0.565234375 0.45078125 0.01640625 0.008203125
11 0.549609375 0.45 0.012109375 0.01015625
8 0.525 0.471484375 0.023046875 0.01796875
2 0.50625 0.47265625 0.012109375 0.017578125
2 0.4328125 0.451953125 0.012109375 0.01640625
11 0.484375 0.471875 0.012109375 0.013671875
7 0.533203125 0.45234375 0.0203125 0.01484375
6 0.45 0.45234375 0.019140625 0.015625
1 0.465625 0.471875 0.02578125 0.017578125
3 0.440234375 0.472265625 0.02421875 0.01796875
8 0.493359375 0.45234375 0.021875 0.016796875