2 0.426953125 0.5046875 0.026171875 0.021484375
1 0.317578125 0.56640625 0.0078125 0.009765625
5 0.32734375 0.509375 0.01171875 0.0109375
6 0.3625 0.4875 0.01171875 0.009765625
1 0.34453125 0.5734375 0.02734375 0.021484375
1 0.40703125 0.52265625 0.030078125 0.021484375
1 0.333203125 0.503515625 0.015625 0.0109375
1 0.318359375 0.537109375 0.008984375 0.01171875
1 0.369140625 0.48203125 0.01171875 0.00859375
6 0.3625 0.55390625 0.032421875 0.0234375
5 0.388671875 0.5390625 0.02734375 0.021484375
5 0.447265625 0.4875 0.024609375 0.015625
12 0.39375 0.537109375 0.16015625 0.119140625