1 0.520703125 0.40546875 0.02890625 0.026953125
12 0.471484375 0.4078125 0.45625 0.11640625
10 0.491015625 0.405078125 0.027734375 0.02890625
9 0.429296875 0.405078125 0.03125 0.026953125
6 0.485546875 0.37421875 0.030078125 0.033203125
6 0.504296875 0.43984375 0.034375 0.03125
5 0.460546875 0.405078125 0.033203125 0.026171875
3 0.45546875 0.375 0.032421875 0.03203125
3 0.472265625 0.440234375 0.032421875 0.03125
2 0.402734375 0.438671875 0.01796875 0.03046875
2 0.406640625 0.40546875 0.014453125 0.02421875
2 0.379296875 0.405078125 0.01796875 0.025
1 0.425 0.438671875 0.033203125 0.03203125
11 0.44921875 0.43984375 0.0109375 0.02265625
11 0.543359375 0.399609375 0.01875 0.01484375
11 0.56328125 0.40078125 0.0234375 0.0125
11 0.569140625 0.378515625 0.027734375 0.023046875
11 0.60078125 0.378515625 0.02890625 0.023046875
11 0.540625 0.375390625 0.035546875 0.030078125
11 0.401953125 0.376953125 0.032421875 0.023828125
11 0.37265625 0.37734375 0.02890625 0.02421875
11 0.34296875 0.3734375 0.032421875 0.03125