6 0.721875 0.46484375 0.0234375 0.0546875
6 0.7171875 0.3984375 0.0265625 0.0625
10 0.693359375 0.46484375 0.0234375 0.0546875
7 0.636328125 0.466015625 0.02265625 0.051953125
1 0.664453125 0.465625 0.02421875 0.05078125
5 0.701171875 0.53984375 0.02734375 0.055859375
2 0.5359375 0.467578125 0.009765625 0.0546875
11 0.824609375 0.403515625 0.028125 0.051953125
11 0.79609375 0.40234375 0.0234375 0.044140625
11 0.769140625 0.396484375 0.0265625 0.061328125
11 0.6390625 0.396484375 0.02265625 0.063671875
11 0.612890625 0.409375 0.02265625 0.04296875
11 0.58515625 0.400390625 0.025390625 0.05859375
11 0.769921875 0.451171875 0.0109375 0.030078125
11 0.787109375 0.45390625 0.01953125 0.024609375
11 0.680078125 0.53828125 0.00703125 0.048046875
2 0.617578125 0.467578125 0.00859375 0.057421875
2 0.69140625 0.39765625 0.015625 0.063671875
2 0.637109375 0.540234375 0.0109375 0.059765625
9 0.65859375 0.53828125 0.0265625 0.061328125
9 0.7484375 0.4640625 0.02265625 0.053515625
6 0.734375 0.5390625 0.02734375 0.059765625
12 0.70625 0.470703125 0.421875 0.243359375