7 0.378515625 0.4875 0.041796875 0.025390625
2 0.4859375 0.43515625 0.02421875 0.01875
8 0.5078125 0.427734375 0.019140625 0.013671875
6 0.362109375 0.425390625 0.02265625 0.00859375
5 0.300390625 0.441796875 0.0171875 0.0125
12 0.390625 0.482421875 0.2671875 0.125
1 0.307421875 0.51953125 0.041796875 0.025390625
1 0.2640625 0.50546875 0.0140625 0.01484375
1 0.277734375 0.473046875 0.0171875 0.01484375
1 0.31328125 0.437109375 0.019140625 0.0125
4 0.455859375 0.456640625 0.043359375 0.0265625
4 0.2640625 0.478125 0.0171875 0.0125
2 0.34453125 0.50546875 0.0328125 0.0265625
9 0.415625 0.47265625 0.043359375 0.025390625