3 0.32734375 0.494140625 0.0296875 0.0078125
12 0.371484375 0.5484375 0.15625 0.1828125
2 0.37421875 0.558984375 0.0328125 0.00703125
2 0.37421875 0.569921875 0.0328125 0.0046875
2 0.333203125 0.52265625 0.03828125 0.005859375
2 0.32734375 0.487890625 0.0296875 0.0046875
3 0.37421875 0.521875 0.0328125 0.0125
8 0.41328125 0.552734375 0.03828125 0.013671875
8 0.37578125 0.533203125 0.0328125 0.009765625
10 0.37578125 0.544921875 0.0328125 0.01171875
10 0.334375 0.531640625 0.036328125 0.0125
6 0.334375 0.54921875 0.036328125 0.0125
5 0.33515625 0.562109375 0.034765625 0.0125
11 0.410546875 0.499609375 0.036328125 0.0125
11 0.410546875 0.5109375 0.036328125 0.009765625
11 0.40625 0.521484375 0.03125 0.01171875
11 0.4125 0.573828125 0.036328125 0.0109375
11 0.408984375 0.584375 0.0296875 0.0109375
11 0.409765625 0.5953125 0.03125 0.0109375
11 0.334375 0.53984375 0.026171875 0.00390625
11 0.328125 0.50703125 0.027734375 0.009765625
11 0.3828125 0.575 0.019140625 0.005859375
11 0.38125 0.5828125 0.015625 0.0078125