11 0.475390625 0.391015625 0.030859375 0.016796875
3 0.4953125 0.433984375 0.03828125 0.021875
1 0.536328125 0.43359375 0.04375 0.02109375
2 0.596484375 0.43359375 0.021875 0.01953125
2 0.58359375 0.410546875 0.014453125 0.01875
2 0.514453125 0.41015625 0.018359375 0.017578125
2 0.481640625 0.41015625 0.021875 0.017578125
2 0.381640625 0.40859375 0.018359375 0.017578125
2 0.57109375 0.389453125 0.02890625 0.02109375
11 0.68984375 0.4078125 0.02734375 0.008203125
11 0.668359375 0.40703125 0.01640625 0.01015625
11 0.73359375 0.392578125 0.034375 0.01640625
11 0.70078125 0.392578125 0.030859375 0.01640625
11 0.66640625 0.38984375 0.034375 0.020703125
11 0.508203125 0.39140625 0.034375 0.016796875
11 0.441796875 0.38828125 0.036328125 0.021875
12 0.5828125 0.41875 0.536328125 0.08515625
2 0.65078125 0.41171875 0.018359375 0.016796875
5 0.628125 0.43359375 0.041796875 0.019921875
6 0.61015625 0.410546875 0.034375 0.01875
9 0.542578125 0.41015625 0.034375 0.01875
9 0.60546875 0.3890625 0.036328125 0.020703125