11 0.130859375 0.26796875 0.037890625 0.03046875
2 0.11328125 0.27578125 0.057421875 0.04375
6 0.14921875 0.23984375 0.08984375 0.07734375
10 0.18828125 0.1984375 0.08984375 0.080078125
11 0.017578125 0.40078125 0.03515625 0.02421875
11 0.037890625 0.374609375 0.041796875 0.03203125
11 0.060546875 0.3515625 0.040234375 0.029296875
12 0.48515625 0.4265625 0.969921875 0.697265625
1 0.40625 0.2671875 0.2734375 0.25078125
11 0.563671875 0.234765625 0.059765625 0.04375
11 0.602734375 0.20234375 0.0625 0.05859375
11 0.630078125 0.166015625 0.03125 0.052734375
11 0.653125 0.15 0.061328125 0.04609375
11 0.783203125 0.21953125 0.040234375 0.029296875
11 0.81328125 0.196875 0.04296875 0.03828125
0 0.739453125 0.278125 0.012890625 0.013671875
5 0.646484375 0.308984375 0.076953125 0.0515625
6 0.690234375 0.278125 0.080859375 0.072265625
2 0.462890625 0.509375 0.02734375 0.02265625
10 0.737109375 0.23671875 0.083203125 0.07109375
11 0.376171875 0.580078125 0.036328125 0.029296875
11 0.407421875 0.56171875 0.046875 0.03515625
11 0.42578125 0.54296875 0.026171875 0.021484375
11 0.4375 0.527734375 0.03125 0.034375
11 0.2078125 0.153125 0.04296875 0.037109375
11 0.229296875 0.123046875 0.049609375 0.046875