9 0.655078125 0.32109375 0.07109375 0.115625
2 0.4015625 0.36796875 0.03203125 0.1265625
1 0.46953125 0.359765625 0.08046875 0.130078125
6 0.56953125 0.334765625 0.073828125 0.1265625
11 0.317578125 0.306640625 0.03125 0.0375
11 0.60078125 0.162109375 0.028125 0.033984375
11 0.599609375 0.2484375 0.016796875 0.02578125
11 0.615625 0.24609375 0.013671875 0.02734375
11 0.630078125 0.242578125 0.01484375 0.02578125
11 0.6453125 0.2390625 0.015625 0.0265625
11 0.662109375 0.235546875 0.016796875 0.025
12 0.458203125 0.353515625 0.636328125 0.68515625
1 0.433203125 0.544140625 0.048828125 0.083984375
11 0.334375 0.4984375 0.019921875 0.029296875
11 0.355078125 0.49453125 0.01875 0.028125
11 0.37578125 0.489453125 0.01875 0.028125
4 0.364453125 0.562109375 0.048828125 0.083203125
8 0.5 0.521484375 0.04609375 0.072265625
10 0.564453125 0.5109375 0.044921875 0.07890625
7 0.626953125 0.494921875 0.04609375 0.07890625