11 0.400390625 0.46015625 0.01328125 0.019921875
11 0.2375 0.3953125 0.027734375 0.030078125
11 0.26640625 0.395703125 0.025390625 0.028125
11 0.295703125 0.3953125 0.0265625 0.02890625
11 0.323046875 0.39453125 0.027734375 0.02890625
11 0.495703125 0.42109375 0.014453125 0.014453125
11 0.5140625 0.422265625 0.022265625 0.010546875
0 0.5734375 0.405859375 0.016796875 0.0125
6 0.5515625 0.396875 0.02890625 0.03046875
7 0.608984375 0.397265625 0.032421875 0.03125
7 0.3515625 0.426953125 0.02890625 0.026953125
2 0.46875 0.462109375 0.016796875 0.030078125
2 0.3515625 0.46171875 0.01328125 0.030078125
2 0.33046875 0.42734375 0.0109375 0.028125
2 0.492578125 0.396875 0.022265625 0.03046875
1 0.521875 0.396484375 0.02890625 0.02890625
1 0.375390625 0.461328125 0.030078125 0.03046875
5 0.380859375 0.426953125 0.027734375 0.023046875
4 0.4125 0.4265625 0.02890625 0.025
4 0.42421875 0.461328125 0.030078125 0.029296875
3 0.471484375 0.426953125 0.024609375 0.02578125
8 0.44453125 0.426953125 0.0234375 0.026953125
12 0.4203125 0.43046875 0.48046875 0.11953125