5 0.46015625 0.44765625 0.01171875 0.01484375
9 0.49296875 0.4671875 0.014453125 0.01640625
11 0.400390625 0.430078125 0.014453125 0.01640625
11 0.424609375 0.43203125 0.012890625 0.01484375
11 0.54296875 0.430078125 0.010546875 0.01875
11 0.5546875 0.4328125 0.012890625 0.013671875
11 0.50859375 0.444921875 0.006640625 0.00859375
11 0.51640625 0.445703125 0.008984375 0.00703125
11 0.430859375 0.46875 0.010546875 0.01171875
11 0.46796875 0.466796875 0.00390625 0.01171875
0 0.51640625 0.4359375 0.006640625 0.00703125
1 0.50703125 0.43125 0.014453125 0.01640625
1 0.53125 0.43125 0.012890625 0.01640625
1 0.458984375 0.46640625 0.014453125 0.01640625
2 0.4484375 0.466796875 0.006640625 0.015625
3 0.435546875 0.447265625 0.014453125 0.015625
3 0.498046875 0.44765625 0.01171875 0.01484375
3 0.477734375 0.466796875 0.012890625 0.017578125
0 0.434375 0.435546875 0.006640625 0.0078125
4 0.4484375 0.447265625 0.01171875 0.015625
4 0.4734375 0.447265625 0.01171875 0.015625
6 0.486328125 0.447265625 0.01171875 0.015625
8 0.4171875 0.468359375 0.008984375 0.0125
12 0.477734375 0.44921875 0.1953125 0.064453125