0 0.64140625 0.6046875 0.005078125 0.008203125
2 0.625390625 0.6984375 0.00703125 0.047265625
11 0.6046875 0.700390625 0.0078125 0.037109375
11 0.649609375 0.633203125 0.012890625 0.018359375
11 0.6390625 0.630078125 0.00703125 0.02421875
11 0.53828125 0.6359375 0.009765625 0.02421875
11 0.53125 0.63671875 0.00390625 0.023046875
11 0.52421875 0.637890625 0.0109375 0.023046875
11 0.514453125 0.637890625 0.008984375 0.025390625
4 0.6140625 0.588671875 0.014453125 0.04296875
8 0.63984375 0.69609375 0.017578125 0.049609375
2 0.6 0.58984375 0.005859375 0.040625
3 0.59140625 0.700390625 0.017578125 0.053125
3 0.571484375 0.701953125 0.018359375 0.054296875
7 0.649609375 0.58671875 0.016796875 0.044140625
4 0.631640625 0.5875 0.014453125 0.04296875
12 0.609765625 0.658984375 0.224609375 0.246484375