7 0.557421875 0.60625 0.0265625 0.03359375
6 0.583984375 0.60703125 0.0265625 0.03125
1 0.586328125 0.673046875 0.032421875 0.036328125
1 0.412890625 0.667578125 0.029296875 0.032421875
2 0.56484375 0.673828125 0.01484375 0.03359375
3 0.516015625 0.67109375 0.028515625 0.036328125
3 0.487109375 0.67109375 0.029296875 0.03671875
7 0.50390625 0.60390625 0.029296875 0.029296875
8 0.531640625 0.605078125 0.025 0.02890625
11 0.607421875 0.63515625 0.0234375 0.014453125
11 0.468359375 0.6296875 0.01484375 0.015625
11 0.523046875 0.63203125 0.016015625 0.01640625
11 0.482421875 0.63125 0.01484375 0.01640625
11 0.49609375 0.630859375 0.0140625 0.015625
11 0.508984375 0.630859375 0.01328125 0.015625
11 0.590234375 0.634375 0.0140625 0.01640625
11 0.53828125 0.671484375 0.01484375 0.02421875
8 0.61484375 0.60703125 0.0265625 0.02734375
12 0.5453125 0.6421875 0.317578125 0.14453125