11 0.212890625 0.54296875 0.044140625 0.05390625
12 0.476953125 0.60390625 0.645703125 0.21328125
11 0.686328125 0.54296875 0.0359375 0.053125
11 0.7296875 0.548828125 0.045703125 0.04140625
11 0.5734375 0.58984375 0.021484375 0.02578125
11 0.601171875 0.59140625 0.032421875 0.020703125
0 0.323046875 0.561328125 0.020703125 0.019921875
0 0.600390625 0.559765625 0.02265625 0.01953125
11 0.314453125 0.673046875 0.033984375 0.04140625
1 0.205078125 0.60078125 0.043359375 0.045703125
1 0.473828125 0.664453125 0.04765625 0.05390625
1 0.456640625 0.600390625 0.043359375 0.048046875
1 0.569921875 0.54296875 0.041796875 0.05390625
11 0.291796875 0.550390625 0.043359375 0.041796875
3 0.329296875 0.60078125 0.044921875 0.04765625
3 0.268359375 0.67265625 0.03671875 0.040625
3 0.522265625 0.6640625 0.04765625 0.05546875
4 0.372265625 0.601171875 0.0390625 0.048828125
7 0.4140625 0.600390625 0.041796875 0.048046875
7 0.543359375 0.6 0.041796875 0.048828125
2 0.491015625 0.543359375 0.031640625 0.054296875
6 0.529296875 0.543359375 0.043359375 0.05546875
9 0.6484375 0.54296875 0.041796875 0.05546875
10 0.5 0.600390625 0.041796875 0.04921875
8 0.410546875 0.663671875 0.045703125 0.05390625