12 0.476953125 0.4390625 0.544921875 0.16328125
1 0.44453125 0.466796875 0.05 0.03515625
7 0.402734375 0.403125 0.04609375 0.029296875
7 0.490625 0.4 0.041796875 0.028125
1 0.579296875 0.39609375 0.04375 0.028125
6 0.44765625 0.401953125 0.03984375 0.03046875
11 0.351953125 0.43125 0.026953125 0.0203125
11 0.37890625 0.430078125 0.026953125 0.01640625
11 0.401953125 0.4296875 0.01875 0.017578125
11 0.551171875 0.425 0.020703125 0.017578125
11 0.420703125 0.4296875 0.01875 0.015625
11 0.442578125 0.42890625 0.029296875 0.015625
9 0.554296875 0.4640625 0.05234375 0.03515625
3 0.393359375 0.469140625 0.048046875 0.0359375
3 0.534375 0.39765625 0.041796875 0.029296875
11 0.579296875 0.425390625 0.035546875 0.01640625
4 0.507421875 0.464453125 0.04609375 0.0359375