11 0.571484375 0.632421875 0.01171875 0.0359375
3 0.62578125 0.630859375 0.01171875 0.034765625
10 0.614453125 0.63125 0.010546875 0.03359375
10 0.596484375 0.668359375 0.010546875 0.03125
1 0.591015625 0.71015625 0.012890625 0.0359375
1 0.646875 0.6296875 0.0109375 0.034765625
1 0.5734375 0.66953125 0.0109375 0.03125
3 0.56171875 0.66953125 0.010546875 0.03125
3 0.57734375 0.710546875 0.012890625 0.037109375
7 0.58515625 0.669140625 0.0109375 0.032421875
7 0.55 0.6703125 0.0109375 0.030078125
2 0.5421875 0.671484375 0.0046875 0.027734375
2 0.564453125 0.71171875 0.005078125 0.032421875
2 0.5515625 0.71171875 0.005078125 0.032421875
0 0.634375 0.641015625 0.005859375 0.0140625
11 0.612109375 0.66328125 0.008984375 0.0140625
11 0.605078125 0.661328125 0.0046875 0.015234375
11 0.56015625 0.63359375 0.0109375 0.0359375
11 0.5390625 0.634765625 0.01171875 0.0359375
11 0.528125 0.634765625 0.01171875 0.0359375
11 0.5171875 0.634765625 0.0109375 0.03359375
11 0.506640625 0.635546875 0.01171875 0.034765625
12 0.576953125 0.673046875 0.182421875 0.146875