3 0.6921875 0.48828125 0.025390625 0.049609375
4 0.60859375 0.55859375 0.02734375 0.0546875
10 0.612890625 0.489453125 0.02421875 0.049609375
11 0.7125 0.42578125 0.0265625 0.057421875
12 0.6515625 0.497265625 0.40625 0.239453125
3 0.666015625 0.4890625 0.025390625 0.048046875
3 0.67890625 0.5578125 0.029296875 0.055859375
4 0.6484375 0.559375 0.02734375 0.055859375
6 0.5859375 0.490234375 0.025390625 0.05078125
3 0.638671875 0.4890625 0.025390625 0.05078125
1 0.482421875 0.490234375 0.0234375 0.048046875
2 0.56796875 0.490234375 0.0109375 0.045703125
11 0.587890625 0.435546875 0.025390625 0.04296875
11 0.537109375 0.428515625 0.025390625 0.057421875
11 0.562109375 0.427734375 0.02265625 0.055859375
2 0.6625 0.4265625 0.01640625 0.055859375
3 0.63671875 0.4265625 0.025390625 0.055859375
11 0.712890625 0.4765625 0.01171875 0.026171875
11 0.72890625 0.479296875 0.0203125 0.020703125
11 0.76328125 0.432421875 0.0265625 0.041796875
11 0.7375 0.4328125 0.025390625 0.04296875
3 0.578125 0.559765625 0.029296875 0.057421875