12 0.49375 0.50859375 0.168359375 0.05859375
1 0.541796875 0.4921875 0.020703125 0.017578125
2 0.43671875 0.51953125 0.012109375 0.021484375
2 0.4609375 0.52109375 0.00859375 0.01875
4 0.504296875 0.52109375 0.02265625 0.0203125
4 0.55390625 0.5203125 0.020703125 0.01953125
10 0.479296875 0.5203125 0.020703125 0.01953125
7 0.528515625 0.5203125 0.02265625 0.01953125
11 0.463671875 0.50546875 0.010546875 0.0109375
11 0.4765625 0.50703125 0.015625 0.0078125
0 0.5296875 0.5 0.00703125 0.005859375
1 0.519140625 0.492578125 0.020703125 0.01640625