12 0.2828125 0.35859375 0.421875 0.360546875
9 0.36484375 0.43984375 0.03984375 0.085546875
3 0.32109375 0.273828125 0.04609375 0.094921875
2 0.225390625 0.26484375 0.026953125 0.08359375
1 0.2609375 0.26875 0.040625 0.08984375
1 0.28671875 0.4390625 0.03828125 0.078515625
11 0.290625 0.274609375 0.017578125 0.0640625
11 0.434375 0.358984375 0.02265625 0.040234375
11 0.191015625 0.3375 0.02421875 0.04765625
7 0.25 0.4328125 0.032421875 0.078515625
8 0.330859375 0.4375 0.029296875 0.079296875
8 0.21328125 0.423828125 0.03046875 0.070703125
9 0.367578125 0.2796875 0.04765625 0.087890625