11 0.252734375 0.66640625 0.03125 0.02265625
1 0.194140625 0.3921875 0.3046875 0.2625
11 0.35859375 0.36015625 0.063671875 0.046875
11 0.395703125 0.32734375 0.065234375 0.060546875
11 0.419921875 0.289453125 0.04296875 0.0578125
11 0.442578125 0.271484375 0.065234375 0.046875
11 0.57734375 0.34375 0.040234375 0.03125
11 0.604296875 0.319921875 0.046875 0.04375
7 0.45 0.44453125 0.08203125 0.0703125
3 0.489453125 0.402734375 0.078125 0.07109375
9 0.534375 0.36015625 0.076953125 0.072265625
0 0.536328125 0.403125 0.015625 0.013671875
11 0.209765625 0.70234375 0.0390625 0.029296875
11 0.235546875 0.683203125 0.044140625 0.03203125
11 0.2625 0.65078125 0.032421875 0.034375
2 0.287890625 0.6328125 0.028515625 0.0234375
12 0.396484375 0.530859375 0.78515625 0.7296875