2 0.55703125 0.496484375 0.008203125 0.040234375
8 0.5796875 0.5328125 0.009375 0.03203125
6 0.569140625 0.534765625 0.010546875 0.0359375
5 0.558984375 0.53671875 0.009375 0.03203125
9 0.54921875 0.5375 0.010546875 0.0359375
3 0.5671875 0.4953125 0.010546875 0.040234375
3 0.53828125 0.53828125 0.01015625 0.0375
3 0.515234375 0.591015625 0.00703125 0.029296875
2 0.540234375 0.58203125 0.00546875 0.0390625
2 0.509765625 0.591015625 0.004296875 0.0265625
11 0.55546875 0.58203125 0.00390625 0.027734375
1 0.56328125 0.58125 0.01171875 0.040234375
1 0.49921875 0.541796875 0.010546875 0.0359375
11 0.526171875 0.589453125 0.007421875 0.03203125
11 0.59296875 0.526953125 0.008203125 0.015234375
11 0.58671875 0.52578125 0.00390625 0.01796875
11 0.6046875 0.497265625 0.010546875 0.03046875
11 0.59453125 0.497265625 0.009375 0.03046875
11 0.52890625 0.4984375 0.009375 0.0390625
11 0.584765625 0.49296875 0.010546875 0.0390625
12 0.562890625 0.539453125 0.160546875 0.16796875
11 0.53828125 0.502734375 0.009375 0.03046875
8 0.548828125 0.58125 0.01015625 0.0375
11 0.519140625 0.50078125 0.010546875 0.040234375
8 0.57578125 0.578515625 0.01171875 0.040234375