5 0.471484375 0.54140625 0.01484375 0.016796875
2 0.40390625 0.54140625 0.005859375 0.016796875
12 0.426953125 0.55703125 0.141015625 0.0625
4 0.38203125 0.541796875 0.0140625 0.01875
11 0.419140625 0.56484375 0.006640625 0.0125
10 0.453515625 0.54140625 0.01484375 0.01953125
9 0.4171875 0.541796875 0.016015625 0.01875
8 0.43671875 0.541015625 0.01328125 0.01796875
8 0.40546875 0.56640625 0.0140625 0.02265625
2 0.3890625 0.566796875 0.008203125 0.02265625
2 0.459765625 0.567578125 0.007421875 0.02265625
1 0.433984375 0.566796875 0.019921875 0.023828125