12 0.66328125 0.65703125 0.220703125 0.12890625
3 0.6609375 0.6921875 0.015625 0.032421875
6 0.6671875 0.618359375 0.013671875 0.03125
7 0.655859375 0.65234375 0.0125 0.026171875
8 0.6703125 0.65234375 0.0125 0.026171875
9 0.62578125 0.653125 0.013671875 0.02734375
1 0.638671875 0.6921875 0.015625 0.032421875
2 0.628515625 0.692578125 0.00703125 0.028515625
2 0.61640625 0.653125 0.005859375 0.024609375
3 0.652734375 0.618359375 0.0125 0.03125
5 0.683984375 0.653125 0.0125 0.024609375
5 0.677734375 0.6921875 0.015625 0.030078125
10 0.640625 0.653125 0.013671875 0.02734375
11 0.650390625 0.6921875 0.0078125 0.022265625
11 0.6953125 0.647265625 0.005859375 0.015625
11 0.703515625 0.64765625 0.0109375 0.01171875
11 0.693359375 0.619140625 0.013671875 0.032421875
11 0.707421875 0.622265625 0.0125 0.0234375
11 0.720703125 0.622265625 0.013671875 0.0234375
11 0.59921875 0.618359375 0.0125 0.03125
11 0.612890625 0.623046875 0.0125 0.022265625
11 0.626953125 0.6203125 0.013671875 0.02734375