11 0.5125 0.49375 0.01171875 0.0109375
11 0.510546875 0.51328125 0.012890625 0.0125
11 0.455859375 0.5109375 0.012890625 0.01171875
11 0.50390625 0.494140625 0.005078125 0.01171875
11 0.494921875 0.49296875 0.010546875 0.01171875
11 0.48515625 0.49296875 0.008984375 0.01171875
11 0.5046875 0.482421875 0.01171875 0.0078125
11 0.494140625 0.480859375 0.008984375 0.0109375
0 0.45703125 0.49609375 0.005078125 0.00390625
1 0.466015625 0.4859375 0.018359375 0.0203125
1 0.4484375 0.4859375 0.016796875 0.0203125
12 0.455078125 0.500390625 0.178515625 0.0734375