2 0.52421875 0.58671875 0.01171875 0.033203125
1 0.471484375 0.586328125 0.03125 0.0359375
2 0.529296875 0.50859375 0.024609375 0.037109375
2 0.348828125 0.544921875 0.010546875 0.029296875
1 0.4765625 0.544921875 0.026171875 0.03125
3 0.44140625 0.585546875 0.028515625 0.0359375
12 0.51171875 0.551171875 0.434765625 0.1453125
11 0.42578125 0.512109375 0.0234375 0.0265625
11 0.39765625 0.5078125 0.024609375 0.03515625
10 0.53203125 0.544921875 0.02734375 0.03125
5 0.45 0.544921875 0.024609375 0.029296875
7 0.503125 0.5453125 0.024609375 0.03046875
7 0.559765625 0.544921875 0.026171875 0.03125
4 0.54765625 0.586328125 0.02734375 0.0359375
3 0.42109375 0.5453125 0.02734375 0.03203125
11 0.493359375 0.58671875 0.010546875 0.0234375
11 0.59765625 0.53984375 0.018359375 0.013671875
11 0.580078125 0.53828125 0.014453125 0.015625
11 0.603515625 0.512109375 0.024609375 0.0265625
11 0.578125 0.50859375 0.026171875 0.03515625
11 0.63203125 0.513671875 0.024609375 0.02734375
11 0.45 0.5078125 0.016796875 0.03515625