12 0.698828125 0.45234375 0.440625 0.256640625
11 0.625390625 0.383984375 0.02421875 0.051953125
1 0.6515625 0.448046875 0.02734375 0.0546875
1 0.7359375 0.4484375 0.02421875 0.05078125
5 0.71953125 0.522265625 0.03125 0.057421875
8 0.71015625 0.448046875 0.0234375 0.0546875
6 0.68046875 0.448046875 0.025390625 0.0546875
10 0.70546875 0.38203125 0.0265625 0.061328125
1 0.644921875 0.52265625 0.03046875 0.061328125
7 0.623046875 0.448046875 0.0234375 0.0546875
2 0.697265625 0.522265625 0.009765625 0.057421875
2 0.623046875 0.52421875 0.009765625 0.055859375
2 0.603515625 0.44921875 0.009765625 0.0546875
11 0.757421875 0.380078125 0.02421875 0.059765625
11 0.78359375 0.38984375 0.02421875 0.04296875
11 0.8109375 0.389453125 0.0265625 0.044140625
11 0.666015625 0.52265625 0.01171875 0.04296875
11 0.757421875 0.435546875 0.0125 0.02734375
11 0.77421875 0.43828125 0.01953125 0.022265625
11 0.5703125 0.380078125 0.02734375 0.0625
11 0.5984375 0.389453125 0.025390625 0.044140625