8 0.52421875 0.530859375 0.01171875 0.014453125
12 0.487890625 0.548828125 0.129296875 0.061328125
11 0.48515625 0.54453125 0.006640625 0.00703125
11 0.478515625 0.54453125 0.006640625 0.007421875
11 0.471484375 0.54453125 0.008203125 0.007421875
11 0.4640625 0.54453125 0.006640625 0.007421875
11 0.4921875 0.544921875 0.005859375 0.007421875
11 0.52734375 0.544921875 0.006640625 0.007421875
11 0.53515625 0.54609375 0.01015625 0.00625
11 0.49921875 0.56484375 0.003515625 0.01328125
10 0.489453125 0.56484375 0.0125 0.017578125
1 0.509765625 0.56484375 0.016015625 0.017578125
1 0.43671875 0.563671875 0.01328125 0.01640625
2 0.47890625 0.565234375 0.005859375 0.016796875
7 0.495703125 0.53203125 0.01171875 0.01484375
6 0.525390625 0.56484375 0.0140625 0.017578125
5 0.537890625 0.53203125 0.0140625 0.01328125
5 0.509765625 0.53203125 0.0125 0.013671875
4 0.481640625 0.53125 0.01171875 0.01484375
3 0.466796875 0.53046875 0.01328125 0.01640625