12 0.53203125 0.587890625 0.932421875 0.234375
1 0.61015625 0.64765625 0.067578125 0.0625
10 0.731640625 0.517578125 0.067578125 0.060546875
4 0.794140625 0.51796875 0.057421875 0.06171875
4 0.457421875 0.57890625 0.057421875 0.056640625
5 0.90625 0.517578125 0.06953125 0.060546875
5 0.519140625 0.578515625 0.058984375 0.0515625
5 0.637890625 0.578125 0.0609375 0.052734375
0 0.8375 0.53515625 0.026171875 0.025390625
1 0.158984375 0.580078125 0.067578125 0.0546875
1 0.5796875 0.578515625 0.058984375 0.05390625
2 0.35078125 0.57890625 0.034765625 0.05078125
2 0.46875 0.646875 0.0453125 0.06171875
7 0.396875 0.580078125 0.0609375 0.0546875
3 0.380078125 0.64765625 0.0796875 0.064453125
3 0.536328125 0.646875 0.06953125 0.06328125
11 0.6859375 0.566796875 0.027734375 0.03046875
11 0.721484375 0.56953125 0.043359375 0.0234375
11 0.16484375 0.5203125 0.0625 0.0625
11 0.22734375 0.521484375 0.058984375 0.060546875
11 0.2828125 0.51953125 0.058984375 0.060546875
11 0.339453125 0.519921875 0.057421875 0.059375
11 0.4 0.51953125 0.05390625 0.060546875
11 0.4515625 0.521484375 0.05546875 0.021484375
11 0.511328125 0.51796875 0.067578125 0.059375