12 0.597265625 0.765625 0.2765625 0.31953125
2 0.544921875 0.6859375 0.0078125 0.051953125
10 0.624609375 0.671875 0.0203125 0.05546875
10 0.6453125 0.669140625 0.017578125 0.05390625
11 0.580078125 0.731640625 0.01171875 0.0296875
11 0.56875 0.73359375 0.0109375 0.0328125
11 0.558203125 0.7328125 0.0109375 0.03125
11 0.547265625 0.73515625 0.0125 0.0296875
11 0.53515625 0.737890625 0.01171875 0.03125
11 0.64609375 0.723828125 0.01484375 0.02421875
11 0.633203125 0.723046875 0.00859375 0.0296875
11 0.5953125 0.80625 0.00703125 0.046875
5 0.634375 0.800390625 0.02421875 0.05546875
1 0.609765625 0.8046875 0.0203125 0.067578125
4 0.580078125 0.808984375 0.021484375 0.066015625
3 0.55625 0.816015625 0.0203125 0.066015625
10 0.603125 0.676171875 0.01875 0.057421875
9 0.5609375 0.682421875 0.02265625 0.05546875
8 0.5828125 0.67890625 0.01953125 0.05546875