11 0.630078125 0.422265625 0.009375 0.030078125
11 0.63984375 0.425 0.00859375 0.0265625
11 0.65078125 0.425 0.010546875 0.0265625
11 0.567578125 0.498828125 0.008203125 0.0234375
11 0.59765625 0.492578125 0.004296875 0.024609375
11 0.630859375 0.44921875 0.005078125 0.015625
12 0.605859375 0.458203125 0.161328125 0.1203125
11 0.6375 0.44921875 0.00703125 0.01328125
10 0.590625 0.456640625 0.009375 0.030078125
9 0.55546875 0.49765625 0.00859375 0.0234375
10 0.612109375 0.45546875 0.01015625 0.030078125
1 0.601953125 0.45625 0.010546875 0.02890625
4 0.62265625 0.456640625 0.009375 0.030078125
3 0.6 0.42265625 0.010546875 0.033203125
3 0.58046875 0.45546875 0.00859375 0.030078125
2 0.58125 0.49375 0.004296875 0.03125
1 0.610546875 0.422265625 0.010546875 0.030078125
1 0.589453125 0.49375 0.010546875 0.03125
1 0.605859375 0.49375 0.01171875 0.033203125
1 0.61875 0.492578125 0.01328125 0.033203125
11 0.56015625 0.4234375 0.01015625 0.034375
11 0.57109375 0.4265625 0.00859375 0.025390625
11 0.582421875 0.4265625 0.011328125 0.027734375