6 0.581640625 0.51953125 0.0171875 0.017578125
11 0.652734375 0.51484375 0.0171875 0.021484375
11 0.471484375 0.529296875 0.019140625 0.015625
11 0.434765625 0.52890625 0.019140625 0.01875
5 0.61796875 0.51640625 0.020703125 0.01953125
10 0.5328125 0.564453125 0.020703125 0.01953125
10 0.512109375 0.54375 0.0171875 0.017578125
10 0.57109375 0.539453125 0.020703125 0.01640625
7 0.590234375 0.5390625 0.0171875 0.017578125
4 0.56171875 0.519921875 0.019140625 0.01875
2 0.55625 0.541015625 0.00859375 0.017578125
2 0.4984375 0.544921875 0.00703125 0.015625
3 0.56171875 0.562890625 0.019140625 0.0203125
2 0.5171875 0.565625 0.010546875 0.021484375
0 0.488671875 0.53125 0.015625 0.0078125
0 0.597265625 0.5234375 0.0140625 0.009765625
3 0.53203125 0.542578125 0.019140625 0.01875
11 0.67265625 0.515625 0.019140625 0.015625
11 0.604296875 0.53359375 0.00703125 0.00859375
11 0.61640625 0.53359375 0.0140625 0.00703125
3 0.58515625 0.56171875 0.020703125 0.01953125
12 0.558984375 0.54296875 0.31953125 0.095703125
1 0.434765625 0.548828125 0.019140625 0.017578125