8 0.458203125 0.3046875 0.026171875 0.147265625
12 0.533203125 0.214453125 0.336328125 0.42890625
11 0.65 0.10078125 0.023828125 0.078125
11 0.633984375 0.33359375 0.016796875 0.03828125
11 0.6203125 0.330859375 0.01171875 0.03984375
7 0.59375 0.287109375 0.03125 0.152734375
2 0.5671875 0.291015625 0.01953125 0.13828125
10 0.525390625 0.298046875 0.034375 0.141796875
6 0.4890625 0.302734375 0.028125 0.147265625
11 0.44453125 0.21015625 0.01015625 0.0453125
11 0.433203125 0.21015625 0.011328125 0.0453125
11 0.421875 0.2109375 0.011328125 0.047265625
11 0.409375 0.21171875 0.0125 0.04921875
11 0.396484375 0.21171875 0.01328125 0.0453125
11 0.431640625 0.134375 0.01953125 0.07265625