3 0.43828125 0.513671875 0.0328125 0.013671875
10 0.440234375 0.5359375 0.0328125 0.01171875
12 0.440234375 0.540625 0.16484375 0.17890625
11 0.480859375 0.490625 0.05546875 0.0125
11 0.46796875 0.50234375 0.0296875 0.0109375
11 0.4765625 0.5125 0.03984375 0.009765625
11 0.480078125 0.566015625 0.036328125 0.0125
11 0.4765625 0.5765625 0.0296875 0.0109375
11 0.4765625 0.58828125 0.0296875 0.0109375
11 0.450390625 0.568359375 0.02265625 0.005859375
11 0.448828125 0.57578125 0.015625 0.00859375
9 0.478125 0.544921875 0.036328125 0.013671875
1 0.433984375 0.46875 0.03125 0.01171875
1 0.38984375 0.48671875 0.0328125 0.00859375
2 0.38984375 0.48046875 0.0296875 0.005859375
2 0.395703125 0.515234375 0.03828125 0.0046875
8 0.440234375 0.52421875 0.0296875 0.009765625
11 0.38984375 0.500390625 0.0328125 0.00859375
10 0.396875 0.525 0.036328125 0.0125
5 0.401171875 0.555078125 0.03125 0.01484375
5 0.401171875 0.54140625 0.03125 0.0125
8 0.442578125 0.559375 0.03125 0.01171875
10 0.395703125 0.525390625 0.03828125 0.013671875
10 0.441015625 0.5484375 0.03125 0.0125