4 0.803125 0.575390625 0.03828125 0.078125
11 0.85234375 0.46796875 0.015625 0.040234375
11 0.873046875 0.47265625 0.021484375 0.03125
2 0.75390625 0.399609375 0.02734375 0.080859375
2 0.7859375 0.39921875 0.025390625 0.08203125
2 0.658203125 0.48125 0.015625 0.06640625
2 0.68046875 0.573046875 0.01953125 0.073046875
1 0.548828125 0.47578125 0.033203125 0.06640625
1 0.719140625 0.481640625 0.034375 0.067578125
7 0.683984375 0.481640625 0.034375 0.067578125
9 0.7546875 0.483203125 0.03125 0.067578125
9 0.71015625 0.573046875 0.041015625 0.078125
6 0.76171875 0.57421875 0.0390625 0.078125
12 0.75234375 0.487109375 0.49296875 0.315234375
10 0.825 0.48359375 0.033203125 0.069140625
4 0.789453125 0.482421875 0.03203125 0.069140625
11 0.621484375 0.395703125 0.0359375 0.080859375
11 0.655859375 0.40703125 0.03046875 0.061328125
11 0.6890625 0.407421875 0.0359375 0.059765625
11 0.853125 0.400390625 0.0359375 0.079296875
11 0.8875 0.412109375 0.03125 0.055859375
11 0.921484375 0.41328125 0.034375 0.061328125