1 0.53046875 0.4453125 0.03828125 0.03125
11 0.312109375 0.40546875 0.0421875 0.033203125
11 0.383203125 0.41015625 0.034375 0.02734375
11 0.740234375 0.414453125 0.032421875 0.03828125
11 0.78046875 0.41875 0.036328125 0.029296875
11 0.637109375 0.440625 0.0171875 0.017578125
11 0.658984375 0.44296875 0.026953125 0.0125
11 0.5125 0.483984375 0.01328125 0.02421875
0 0.412890625 0.418359375 0.02109375 0.0125
0 0.62734375 0.422265625 0.02109375 0.01484375
4 0.586328125 0.484375 0.0421875 0.03515625
12 0.544921875 0.44921875 0.584375 0.13671875
7 0.5640625 0.41015625 0.040234375 0.033203125
2 0.42734375 0.441796875 0.023046875 0.028125
2 0.464453125 0.44375 0.0171875 0.028125
2 0.493359375 0.484375 0.0171875 0.03515625
2 0.5796875 0.44609375 0.0171875 0.03125
2 0.6015625 0.41171875 0.023046875 0.034375
9 0.49140625 0.44375 0.032421875 0.03203125
1 0.5421875 0.484375 0.0421875 0.03515625
4 0.67421875 0.41328125 0.0421875 0.037109375
7 0.608203125 0.44609375 0.032421875 0.029296875
3 0.44140625 0.4828125 0.044140625 0.034375