8 0.418359375 0.450390625 0.01484375 0.018359375
1 0.445703125 0.67890625 0.01640625 0.018359375
1 0.48359375 0.69921875 0.013671875 0.014453125
1 0.473046875 0.5875 0.03046875 0.0390625
4 0.486328125 0.628515625 0.02734375 0.037890625
4 0.449609375 0.69375 0.01484375 0.016796875
3 0.459375 0.548828125 0.03203125 0.040625
8 0.44140625 0.515625 0.03125 0.033984375
12 0.471875 0.57109375 0.123046875 0.27265625
1 0.4984375 0.667578125 0.03203125 0.03515625
4 0.44296875 0.461328125 0.028125 0.03515625