4 0.396484375 0.57109375 0.03828125 0.046875
3 0.351953125 0.570703125 0.042578125 0.04765625
10 0.52109375 0.573046875 0.042578125 0.04765625
3 0.562109375 0.573828125 0.041015625 0.04609375
0 0.348046875 0.53046875 0.02421875 0.01953125
1 0.552734375 0.51796875 0.041015625 0.053125
9 0.5921875 0.51796875 0.0390625 0.05234375
3 0.513671875 0.51640625 0.041015625 0.051953125
0 0.620703125 0.53515625 0.019921875 0.01953125
11 0.706640625 0.520703125 0.031640625 0.05234375
11 0.7484375 0.527734375 0.041796875 0.03828125
11 0.618359375 0.56640625 0.030078125 0.020703125
11 0.593359375 0.563671875 0.019921875 0.025
11 0.46171875 0.636328125 0.018359375 0.0375
11 0.337890625 0.64140625 0.032421875 0.03984375
11 0.31796875 0.51953125 0.041015625 0.040625
11 0.241015625 0.51328125 0.044921875 0.05703125
12 0.49375 0.576171875 0.64765625 0.225
6 0.492578125 0.6359375 0.044921875 0.054296875
9 0.540234375 0.635546875 0.04765625 0.05234375
6 0.669921875 0.5203125 0.03984375 0.053125
9 0.427734375 0.63515625 0.04765625 0.053125
6 0.4796875 0.57265625 0.0390625 0.04765625
1 0.437109375 0.571875 0.041015625 0.04765625
3 0.29140625 0.63984375 0.0359375 0.038671875