12 0.46796875 0.53515625 0.244921875 0.0625
11 0.50703125 0.5171875 0.0140625 0.01640625
11 0.372265625 0.516015625 0.015625 0.01640625
4 0.488671875 0.551171875 0.019140625 0.01640625
5 0.393359375 0.55234375 0.012109375 0.0109375
6 0.46953125 0.55078125 0.019140625 0.015625
6 0.480078125 0.533203125 0.015625 0.013671875
6 0.464453125 0.5328125 0.015625 0.01484375
3 0.428125 0.550390625 0.019140625 0.01640625
3 0.432421875 0.5328125 0.0171875 0.01484375
1 0.36875 0.53203125 0.015625 0.013671875
1 0.567578125 0.5171875 0.0171875 0.01640625
1 0.551171875 0.5171875 0.015625 0.01640625
2 0.449609375 0.551171875 0.00703125 0.01484375
2 0.38359375 0.553125 0.00703125 0.0109375
2 0.5375 0.5171875 0.012109375 0.01640625
9 0.495703125 0.533203125 0.015625 0.013671875
9 0.47734375 0.5171875 0.0171875 0.01640625
0 0.459375 0.521484375 0.00859375 0.005859375
8 0.448828125 0.53203125 0.015625 0.013671875
8 0.446875 0.51640625 0.015625 0.015625
11 0.457421875 0.55078125 0.005078125 0.01171875
11 0.409765625 0.552734375 0.010546875 0.01171875
11 0.518359375 0.530859375 0.012109375 0.00703125
11 0.50859375 0.53046875 0.00703125 0.0078125
11 0.521875 0.519140625 0.015625 0.0125
11 0.403515625 0.516015625 0.015625 0.01640625
11 0.387890625 0.51796875 0.015625 0.0125