5 0.532421875 0.50390625 0.016796875 0.012890625
1 0.489453125 0.504296875 0.017578125 0.015234375
3 0.466796875 0.504296875 0.016796875 0.015234375
0 0.530078125 0.493359375 0.006640625 0.004296875
12 0.5015625 0.491796875 0.162109375 0.0484375
3 0.446484375 0.504296875 0.016796875 0.015234375
10 0.51015625 0.504296875 0.016796875 0.014453125
10 0.547265625 0.483984375 0.02421875 0.021484375
10 0.51484375 0.484765625 0.02421875 0.021484375
6 0.480859375 0.48515625 0.021484375 0.021484375
2 0.457421875 0.485546875 0.009375 0.01875
2 0.558203125 0.50390625 0.009375 0.0140625