11 0.54296875 0.422265625 0.012890625 0.0109375
11 0.53125 0.4203125 0.0078125 0.0125
1 0.462890625 0.449609375 0.016796875 0.02265625
5 0.501953125 0.425 0.016796875 0.01953125
6 0.48359375 0.425 0.014453125 0.021484375
4 0.466015625 0.423828125 0.015625 0.021484375
9 0.4484375 0.42421875 0.016796875 0.0203125
2 0.522265625 0.425390625 0.0078125 0.0203125
1 0.489453125 0.44921875 0.018359375 0.0234375
1 0.50859375 0.451171875 0.01953125 0.0234375
2 0.450390625 0.449609375 0.0078125 0.0203125
12 0.490234375 0.425390625 0.256640625 0.08671875
11 0.4765625 0.449609375 0.0078125 0.01640625