2 0.50625 0.453125 0.004296875 0.01640625
12 0.51484375 0.436328125 0.146484375 0.067578125
1 0.4625 0.451953125 0.01171875 0.01484375
9 0.55078125 0.419921875 0.01171875 0.01484375
1 0.536328125 0.453515625 0.0140625 0.01796875
10 0.516796875 0.452734375 0.01328125 0.016796875
8 0.553515625 0.453125 0.01328125 0.01875
8 0.537109375 0.41953125 0.0109375 0.01484375
6 0.523046875 0.418359375 0.0109375 0.015625
4 0.50859375 0.41875 0.0109375 0.01484375
3 0.49453125 0.419140625 0.0125 0.014453125
11 0.56328125 0.433984375 0.01015625 0.00703125
11 0.5546875 0.43359375 0.005859375 0.008203125
11 0.51953125 0.4328125 0.005859375 0.008203125
11 0.5125 0.4328125 0.006640625 0.008203125
11 0.505859375 0.43203125 0.006640625 0.007421875
11 0.4984375 0.432421875 0.008203125 0.007421875
11 0.490234375 0.43203125 0.005859375 0.008203125
5 0.566015625 0.4203125 0.01328125 0.014453125