2 0.51875 0.47890625 0.006640625 0.01484375
0 0.5671875 0.4875 0.00546875 0.005078125
11 0.501171875 0.49140625 0.008984375 0.009375
11 0.512109375 0.49296875 0.01328125 0.00703125
2 0.473828125 0.505859375 0.0078125 0.016796875
2 0.4984375 0.506640625 0.0078125 0.016796875
1 0.53515625 0.479296875 0.01875 0.01640625
8 0.5578125 0.4796875 0.01796875 0.015625
10 0.579296875 0.48046875 0.01875 0.016796875
10 0.515625 0.50703125 0.019921875 0.017578125
7 0.540625 0.507421875 0.02109375 0.01875
7 0.565625 0.50859375 0.022265625 0.01796875
5 0.591015625 0.50859375 0.022265625 0.01796875
12 0.52890625 0.495703125 0.166796875 0.057421875