9 0.549609375 0.531640625 0.0625 0.073046875
7 0.46875 0.45078125 0.05078125 0.064453125
7 0.36171875 0.453125 0.0484375 0.0625
8 0.7140625 0.378125 0.05 0.06640625
2 0.60546875 0.38203125 0.044140625 0.070703125
2 0.3203125 0.453125 0.02734375 0.061328125
12 0.48125 0.45546875 0.808984375 0.26484375
5 0.5234375 0.450390625 0.056640625 0.060546875
5 0.4125 0.450390625 0.056640625 0.05546875
1 0.4859375 0.532421875 0.06484375 0.073828125
1 0.816796875 0.38203125 0.06171875 0.069921875
1 0.66171875 0.380859375 0.055078125 0.070703125
1 0.1515625 0.450390625 0.055078125 0.059375
2 0.426953125 0.53203125 0.029296875 0.06953125
2 0.591796875 0.453125 0.025 0.05859375
0 0.7515625 0.40234375 0.033203125 0.033203125
11 0.362890625 0.37890625 0.04765625 0.067578125
11 0.31171875 0.37890625 0.0484375 0.06796875
11 0.26171875 0.37890625 0.046484375 0.066796875
11 0.2125 0.37890625 0.0484375 0.06796875
11 0.162109375 0.3796875 0.04921875 0.06796875
11 0.613671875 0.43828125 0.02578125 0.03203125
11 0.64765625 0.441015625 0.043359375 0.02578125
11 0.41328125 0.37890625 0.055078125 0.06875
3 0.345703125 0.53125 0.058203125 0.06875