10 0.732421875 0.71015625 0.013671875 0.02734375
10 0.705078125 0.70625 0.013671875 0.02734375
11 0.7109375 0.744921875 0.0078125 0.0234375
11 0.693359375 0.674609375 0.01171875 0.0234375
11 0.68046875 0.671875 0.013671875 0.0234375
3 0.71875 0.675 0.015625 0.032421875
3 0.72109375 0.746875 0.01640625 0.032421875
2 0.681640625 0.703125 0.005859375 0.026171875
2 0.689453125 0.7421875 0.0078125 0.03125
11 0.66796875 0.666796875 0.015625 0.03125
11 0.75625 0.68046875 0.01484375 0.032421875
11 0.769140625 0.68671875 0.0125 0.024609375
11 0.78203125 0.688671875 0.013671875 0.0234375
2 0.705078125 0.744921875 0.0078125 0.028515625
1 0.745703125 0.712109375 0.01484375 0.028515625
1 0.73671875 0.74921875 0.01640625 0.032421875
8 0.732421875 0.67578125 0.013671875 0.03125
8 0.71953125 0.7078125 0.01171875 0.02734375
9 0.691015625 0.70390625 0.0125 0.02734375
11 0.755859375 0.708203125 0.005859375 0.018359375
12 0.724609375 0.71171875 0.21484375 0.155078125
11 0.7640625 0.71015625 0.0109375 0.014453125