11 0.580859375 0.464453125 0.015625 0.00703125
2 0.5328125 0.448828125 0.0140625 0.01875
2 0.515625 0.448828125 0.0140625 0.01875
2 0.48515625 0.46796875 0.00859375 0.015625
2 0.466015625 0.46796875 0.00859375 0.015625
2 0.480078125 0.4890625 0.00859375 0.017578125
11 0.56875 0.46484375 0.00859375 0.0078125
12 0.525 0.46875 0.28984375 0.068359375
8 0.519140625 0.46796875 0.0171875 0.015625
11 0.605078125 0.45078125 0.019140625 0.0125
11 0.5859375 0.45078125 0.019140625 0.0125
11 0.567578125 0.448828125 0.0171875 0.01875
11 0.480078125 0.451171875 0.019140625 0.013671875
11 0.4625 0.45078125 0.019140625 0.0125
11 0.44375 0.448828125 0.019140625 0.01875
2 0.542578125 0.46796875 0.00859375 0.015625
7 0.55546875 0.46796875 0.0171875 0.015625
1 0.494921875 0.488671875 0.020703125 0.01875
1 0.52265625 0.488671875 0.020703125 0.01875
1 0.5453125 0.48828125 0.020703125 0.01953125
8 0.5 0.4671875 0.0171875 0.01484375