12 0.6484375 0.635546875 0.25 0.344921875
11 0.66484375 0.5265625 0.01953125 0.0671875
11 0.6828125 0.525 0.01640625 0.066015625
11 0.701171875 0.525 0.01953125 0.066015625
11 0.7421875 0.61171875 0.018359375 0.061328125
11 0.67109375 0.709375 0.01171875 0.039453125
11 0.685546875 0.708203125 0.012890625 0.039453125
11 0.6984375 0.70546875 0.00703125 0.03828125
11 0.711328125 0.705859375 0.0109375 0.039453125
11 0.67265625 0.757421875 0.0125 0.03828125
11 0.686328125 0.755078125 0.01171875 0.040625
0 0.628125 0.726171875 0.006640625 0.015234375
1 0.646875 0.697265625 0.01875 0.068359375
1 0.61015625 0.699609375 0.01953125 0.068359375
2 0.648828125 0.759765625 0.013671875 0.03828125
2 0.5796875 0.765234375 0.01484375 0.039453125
4 0.707421875 0.612109375 0.017578125 0.06484375
6 0.629296875 0.527734375 0.01875 0.06484375
6 0.59296875 0.530078125 0.018359375 0.0671875
6 0.634765625 0.759765625 0.012890625 0.03828125
8 0.59296875 0.7640625 0.01171875 0.039453125
9 0.60703125 0.762890625 0.0125 0.039453125
7 0.620703125 0.76171875 0.0125 0.039453125
10 0.57421875 0.530078125 0.018359375 0.06484375