11 0.675390625 0.357421875 0.0625 0.02734375
11 0.622265625 0.35390625 0.03984375 0.03828125
11 0.543359375 0.1921875 0.0484375 0.02734375
11 0.50078125 0.193359375 0.036328125 0.029296875
11 0.231640625 0.45390625 0.03984375 0.02734375
2 0.26484375 0.45234375 0.019140625 0.029296875
0 0.67265625 0.4484375 0.012109375 0.009765625
11 0.199609375 0.45546875 0.020703125 0.03046875
11 0.165625 0.45703125 0.043359375 0.02734375
11 0.121484375 0.45859375 0.03828125 0.03046875
4 0.45234375 0.18203125 0.067578125 0.059375
6 0.293359375 0.18671875 0.073046875 0.0625
1 0.7171875 0.425 0.0625 0.044921875
1 0.644921875 0.427734375 0.0640625 0.046875
1 0.5015625 0.3078125 0.253515625 0.15625
2 0.403515625 0.181640625 0.036328125 0.048828125
12 0.48359375 0.28671875 0.9671875 0.49140625
11 0.793359375 0.435546875 0.0453125 0.01953125
11 0.75625 0.4359375 0.02265625 0.0265625
11 0.762109375 0.35078125 0.03828125 0.037109375
11 0.72578125 0.351171875 0.034765625 0.03984375