0 0.68046875 0.81484375 0.00703125 0.0140625
11 0.74296875 0.79453125 0.00703125 0.0359375
11 0.7328125 0.796484375 0.0125 0.039453125
11 0.71953125 0.796875 0.010546875 0.0359375
11 0.781640625 0.703125 0.01484375 0.061328125
11 0.74296875 0.6234375 0.01640625 0.061328125
11 0.72734375 0.623828125 0.016796875 0.06015625
11 0.7109375 0.625 0.016796875 0.0625
6 0.68671875 0.846484375 0.01171875 0.03828125
6 0.677734375 0.626171875 0.018359375 0.06484375
6 0.644921875 0.6296875 0.017578125 0.06484375
1 0.696875 0.786328125 0.017578125 0.063671875
10 0.62734375 0.6296875 0.017578125 0.0625
10 0.75 0.70546875 0.016796875 0.061328125
1 0.6640625 0.791015625 0.016796875 0.063671875
2 0.698828125 0.8484375 0.0109375 0.034765625
2 0.63671875 0.854296875 0.012890625 0.037109375
7 0.67421875 0.849609375 0.0109375 0.037109375
8 0.6484375 0.853125 0.01171875 0.039453125
9 0.6609375 0.851953125 0.0125 0.037109375
11 0.733984375 0.8421875 0.0125 0.03359375
12 0.69765625 0.73203125 0.23125 0.325390625
11 0.72109375 0.843359375 0.0125 0.040625
11 0.7546875 0.7921875 0.0109375 0.0359375