12 0.603515625 0.533203125 0.153125 0.147265625
11 0.5671875 0.578515625 0.00703125 0.03203125
11 0.62890625 0.516796875 0.00625 0.01953125
11 0.635546875 0.5203125 0.00859375 0.015234375
2 0.550390625 0.578515625 0.004296875 0.0265625
11 0.626953125 0.484765625 0.011328125 0.0390625
11 0.63671875 0.4890625 0.009375 0.027734375
1 0.61640625 0.571484375 0.01171875 0.040234375
1 0.604296875 0.570703125 0.011328125 0.0390625
1 0.540625 0.527734375 0.01015625 0.033203125
3 0.589453125 0.572265625 0.011328125 0.0390625
3 0.577734375 0.573046875 0.010546875 0.040234375
3 0.598828125 0.48671875 0.01015625 0.040234375
3 0.5796875 0.527734375 0.01171875 0.033203125
9 0.62109375 0.52578125 0.009375 0.034765625
9 0.610546875 0.52578125 0.01015625 0.034765625
9 0.600390625 0.5265625 0.009375 0.033203125
9 0.556640625 0.578515625 0.008203125 0.029296875
11 0.646875 0.489453125 0.01015625 0.029296875
11 0.58046875 0.490234375 0.009375 0.033203125
11 0.57109375 0.48828125 0.009375 0.040234375
11 0.5609375 0.48828125 0.010546875 0.0375
10 0.590234375 0.5265625 0.010546875 0.0359375
7 0.608984375 0.485546875 0.010546875 0.040234375