11 0.53359375 0.34453125 0.008984375 0.01328125
11 0.53203125 0.33125 0.007421875 0.0125
11 0.524609375 0.34453125 0.007421875 0.01328125
1 0.505859375 0.33828125 0.018359375 0.021875
1 0.4875 0.33984375 0.018359375 0.02265625
2 0.459765625 0.34140625 0.007421875 0.02265625
3 0.470703125 0.33984375 0.01484375 0.02265625
0 0.496484375 0.350390625 0.006640625 0.00703125
11 0.55078125 0.36328125 0.01328125 0.01328125
11 0.49765625 0.36484375 0.01328125 0.011328125
11 0.551953125 0.34453125 0.0109375 0.01484375
11 0.54296875 0.34453125 0.005859375 0.013671875
11 0.5421875 0.332421875 0.0109375 0.00859375
12 0.50390625 0.3453125 0.15234375 0.070703125