2 0.4171875 0.543359375 0.0125 0.01953125
12 0.430859375 0.523828125 0.2234375 0.07890625
4 0.45546875 0.52109375 0.0125 0.01640625
4 0.44140625 0.521484375 0.016015625 0.016796875
5 0.45078125 0.5421875 0.016796875 0.016796875
5 0.433203125 0.54296875 0.016796875 0.017578125
5 0.4125 0.52265625 0.01328125 0.01640625
11 0.34453125 0.50625 0.0140625 0.01875
11 0.358203125 0.50546875 0.01328125 0.01875
11 0.371484375 0.50546875 0.01328125 0.017578125
11 0.385546875 0.5046875 0.016015625 0.01796875
11 0.409765625 0.50390625 0.0125 0.017578125
11 0.424609375 0.503515625 0.0140625 0.01796875
11 0.466015625 0.5171875 0.006640625 0.010546875
11 0.475 0.51796875 0.01171875 0.008203125
10 0.476171875 0.501171875 0.0140625 0.01875
3 0.490234375 0.50078125 0.0125 0.01953125
0 0.501171875 0.506640625 0.007421875 0.008203125
1 0.5171875 0.5 0.017578125 0.01875
1 0.426953125 0.522265625 0.0140625 0.015625
2 0.3875 0.523046875 0.01015625 0.01484375
2 0.401171875 0.543359375 0.0125 0.01953125
7 0.399609375 0.523046875 0.0125 0.01640625