3 0.487109375 0.655859375 0.0375 0.02421875
1 0.41484375 0.624609375 0.016796875 0.014453125
1 0.38671875 0.6609375 0.01484375 0.01171875
3 0.549609375 0.632421875 0.032421875 0.026171875
5 0.40546875 0.63046875 0.0140625 0.016796875
1 0.376171875 0.693359375 0.0140625 0.01328125
8 0.45546875 0.669140625 0.030859375 0.026953125
8 0.51171875 0.637890625 0.03671875 0.02578125
8 0.555859375 0.612109375 0.01328125 0.01796875
4 0.3765625 0.6671875 0.016796875 0.015625
6 0.448828125 0.610546875 0.0140625 0.01484375
2 0.430078125 0.686328125 0.031640625 0.030078125
12 0.4765625 0.67109375 0.2 0.121875
1 0.405859375 0.70546875 0.033203125 0.028125