10 0.483984375 0.65234375 0.019921875 0.017578125
1 0.505859375 0.651953125 0.019921875 0.01875
2 0.3609375 0.65234375 0.01171875 0.015625
2 0.424609375 0.65234375 0.01171875 0.015625
1 0.621875 0.633203125 0.02578125 0.01875
12 0.491015625 0.654296875 0.33515625 0.076171875
3 0.432421875 0.67421875 0.023828125 0.0203125
5 0.526953125 0.651953125 0.021875 0.01640625
6 0.44140625 0.65234375 0.021875 0.017578125
8 0.51875 0.6734375 0.02578125 0.0203125
3 0.4921875 0.67421875 0.023828125 0.0203125
3 0.46015625 0.67421875 0.023828125 0.0203125
11 0.36015625 0.6328125 0.021875 0.01953125
11 0.380859375 0.633203125 0.019921875 0.01875
11 0.401953125 0.633203125 0.01796875 0.01875
11 0.420703125 0.633203125 0.019921875 0.01875
11 0.440625 0.6328125 0.019921875 0.01953125
11 0.46015625 0.633203125 0.019921875 0.01875
11 0.48203125 0.633203125 0.023828125 0.01875
11 0.54453125 0.6484375 0.009765625 0.009765625
11 0.556640625 0.64921875 0.0140625 0.0078125
11 0.475390625 0.67421875 0.009765625 0.01484375
0 0.597265625 0.638671875 0.01171875 0.0078125
2 0.4671875 0.651953125 0.009765625 0.01640625
9 0.560546875 0.633203125 0.021875 0.01875
10 0.58125 0.6328125 0.019921875 0.01953125