7 0.2921875 0.324609375 0.05078125 0.06328125
4 0.4484375 0.319921875 0.045703125 0.06171875
7 0.48046875 0.3984375 0.059765625 0.07421875
4 0.344921875 0.3234375 0.049609375 0.064453125
4 0.626953125 0.24453125 0.053515625 0.07109375
4 0.423828125 0.398828125 0.053515625 0.07109375
10 0.345703125 0.40234375 0.05859375 0.07421875
2 0.3015625 0.402734375 0.024609375 0.06953125
0 0.666015625 0.263671875 0.032421875 0.0390625
2 0.255859375 0.32578125 0.022265625 0.06328125
12 0.41015625 0.328515625 0.801953125 0.284375
6 0.3953125 0.320703125 0.05078125 0.065625
11 0.569140625 0.30703125 0.041796875 0.028125
11 0.533984375 0.305078125 0.026171875 0.03984375
11 0.38359375 0.4046875 0.022265625 0.05390625
11 0.096875 0.261328125 0.06640625 0.0734375
5 0.723828125 0.240625 0.051953125 0.0734375
10 0.576171875 0.24609375 0.05078125 0.07421875
1 0.09453125 0.33125 0.048046875 0.05859375
7 0.498828125 0.318359375 0.049609375 0.064453125