3 0.380859375 0.545703125 0.019921875 0.023046875
12 0.418359375 0.529296875 0.206640625 0.087109375
7 0.455859375 0.54765625 0.018359375 0.02265625
6 0.430859375 0.547265625 0.018359375 0.023828125
3 0.355859375 0.54453125 0.019921875 0.023046875
1 0.40625 0.545703125 0.019140625 0.021875
1 0.48046875 0.54921875 0.019140625 0.02265625
0 0.45546875 0.53203125 0.005859375 0.00703125
10 0.40078125 0.51640625 0.028515625 0.03203125
10 0.438671875 0.51796875 0.02734375 0.03125
10 0.476953125 0.51953125 0.02734375 0.03046875