5 0.494140625 0.636328125 0.030078125 0.0359375
6 0.509765625 0.59765625 0.024609375 0.033203125
12 0.49140625 0.598046875 0.399609375 0.13984375
0 0.40546875 0.572265625 0.01171875 0.017578125
11 0.39921875 0.640625 0.024609375 0.03125
11 0.473828125 0.63671875 0.0078125 0.029296875
11 0.573046875 0.59296875 0.018359375 0.015625
11 0.556640625 0.591796875 0.014453125 0.017578125
11 0.650390625 0.568359375 0.030078125 0.029296875
11 0.623828125 0.56328125 0.0234375 0.0390625
11 0.383984375 0.566015625 0.03125 0.03046875
11 0.337890625 0.5625 0.032421875 0.0390625
5 0.368359375 0.640234375 0.026171875 0.028125
1 0.33125 0.59765625 0.030078125 0.033203125
10 0.45234375 0.63671875 0.032421875 0.0390625
8 0.52734375 0.6359375 0.03125 0.037109375
4 0.529296875 0.56328125 0.024609375 0.037109375
4 0.434375 0.597265625 0.024609375 0.0359375
4 0.485546875 0.597265625 0.0234375 0.034375
3 0.502734375 0.5625 0.03125 0.037109375
3 0.55390625 0.56328125 0.022265625 0.037109375
3 0.5984375 0.56328125 0.02734375 0.0390625
0 0.572265625 0.573828125 0.014453125 0.01640625
3 0.405078125 0.59765625 0.028515625 0.03515625
3 0.53515625 0.5984375 0.026171875 0.033203125
5 0.459765625 0.597265625 0.026171875 0.03203125