2 0.5765625 0.50390625 0.004296875 0.02578125
1 0.50703125 0.50703125 0.013671875 0.02578125
11 0.62890625 0.4953125 0.010546875 0.0125
11 0.621484375 0.49375 0.00546875 0.0140625
11 0.559375 0.47578125 0.0125 0.025
11 0.545703125 0.475390625 0.0125 0.029296875
11 0.53359375 0.473828125 0.013671875 0.033984375
11 0.6203125 0.46875 0.01328125 0.029296875
11 0.6328125 0.471484375 0.01171875 0.021484375
12 0.590625 0.5078125 0.20625 0.120703125
1 0.57109375 0.5375 0.017578125 0.030078125
2 0.55 0.505859375 0.005078125 0.0234375
1 0.5984375 0.5015625 0.01328125 0.0265625
11 0.64609375 0.472265625 0.014453125 0.02421875
2 0.58359375 0.470703125 0.01015625 0.031640625
3 0.55546875 0.537890625 0.01328125 0.029296875
4 0.612109375 0.5 0.010546875 0.0265625
5 0.60625 0.53515625 0.01484375 0.0265625
6 0.590625 0.537109375 0.01484375 0.030859375
6 0.58515625 0.5015625 0.01171875 0.0265625
10 0.56015625 0.50390625 0.0125 0.02578125
10 0.595703125 0.469140625 0.0125 0.030078125