12 0.333203125 0.52734375 0.2953125 0.072265625
5 0.45234375 0.50546875 0.02265625 0.01875
4 0.41484375 0.5046875 0.0171875 0.01953125
4 0.309765625 0.52421875 0.019140625 0.015625
6 0.359375 0.54609375 0.020703125 0.01953125
6 0.348046875 0.52421875 0.015625 0.015625
2 0.293359375 0.546484375 0.00703125 0.01875
2 0.276953125 0.5265625 0.00859375 0.017578125
7 0.290625 0.525 0.015625 0.01640625
3 0.3375 0.5453125 0.019140625 0.01875
9 0.3671875 0.525 0.015625 0.01640625
1 0.308203125 0.54609375 0.019140625 0.01953125
8 0.3296875 0.52421875 0.0140625 0.015625
10 0.395703125 0.5046875 0.0171875 0.01953125
0 0.42890625 0.511328125 0.010546875 0.00859375
11 0.38203125 0.5203125 0.00703125 0.009765625
11 0.393359375 0.521484375 0.015625 0.0078125
11 0.21796875 0.507421875 0.019140625 0.0203125
11 0.237109375 0.50625 0.015625 0.01875
11 0.253515625 0.505859375 0.0171875 0.017578125
11 0.271875 0.505859375 0.015625 0.01953125
11 0.28828125 0.505859375 0.0171875 0.01953125
11 0.307421875 0.505859375 0.0171875 0.01953125
11 0.3265625 0.505859375 0.020703125 0.017578125