7 0.459375 0.427734375 0.015625 0.013671875
11 0.448046875 0.440625 0.010546875 0.0078125
11 0.43828125 0.440625 0.00859375 0.0078125
4 0.494921875 0.427734375 0.0140625 0.01171875
4 0.40703125 0.46015625 0.015625 0.013671875
2 0.459375 0.459375 0.00859375 0.01484375
6 0.4765625 0.427734375 0.015625 0.013671875
9 0.528515625 0.42734375 0.015625 0.0125
9 0.515625 0.458984375 0.0171875 0.015625
1 0.512109375 0.42734375 0.0171875 0.0125
1 0.472265625 0.459375 0.020703125 0.01484375
3 0.496484375 0.458984375 0.0171875 0.015625
11 0.4765625 0.440625 0.012109375 0.0078125
11 0.527734375 0.441015625 0.0140625 0.00703125
12 0.4859375 0.445703125 0.198046875 0.065625
11 0.457421875 0.440625 0.00859375 0.0078125
11 0.466015625 0.441015625 0.00859375 0.00859375
11 0.5171875 0.43984375 0.00703125 0.00859375