11 0.43984375 0.5796875 0.0265625 0.028125
11 0.655859375 0.578515625 0.028515625 0.028125
12 0.541015625 0.616015625 0.441796875 0.154296875
11 0.601953125 0.60546875 0.0125 0.01953125
11 0.6265625 0.57734375 0.025 0.02890625
11 0.600390625 0.575 0.02734375 0.03515625
11 0.4703125 0.5765625 0.030859375 0.033203125
11 0.512890625 0.655859375 0.0125 0.03046875
11 0.4109375 0.573828125 0.028515625 0.0375
6 0.5359375 0.65546875 0.031640625 0.03671875
6 0.581640625 0.6125 0.025 0.03359375
9 0.490234375 0.656640625 0.029296875 0.039453125
4 0.3546875 0.61328125 0.02578125 0.03359375
4 0.49765625 0.612890625 0.0265625 0.033203125
5 0.55 0.574609375 0.028515625 0.039453125
5 0.467578125 0.6125 0.028515625 0.02890625
3 0.437109375 0.614453125 0.02734375 0.03359375
3 0.520703125 0.57421875 0.028515625 0.036328125
8 0.569921875 0.6546875 0.028515625 0.03671875
2 0.56171875 0.61328125 0.01171875 0.03125
2 0.46796875 0.656640625 0.0125 0.03671875
2 0.534765625 0.6140625 0.016015625 0.03203125
11 0.62109375 0.60625 0.02421875 0.01484375