11 0.687890625 0.412109375 0.01484375 0.030078125
0 0.625390625 0.46171875 0.00859375 0.01171875
4 0.6125 0.431640625 0.02734375 0.05859375
1 0.58359375 0.432421875 0.028125 0.059765625
2 0.5640625 0.431640625 0.0109375 0.055859375
11 0.719140625 0.506640625 0.02265625 0.033984375
11 0.625390625 0.5078125 0.02265625 0.033984375
11 0.72109375 0.44921875 0.01875 0.036328125
11 0.70546875 0.45 0.00859375 0.032421875
11 0.691015625 0.45 0.01640625 0.03515625
11 0.675390625 0.44921875 0.01484375 0.033984375
11 0.706640625 0.416015625 0.01875 0.022265625
8 0.64140625 0.42890625 0.02734375 0.055859375
12 0.605859375 0.435546875 0.3 0.295703125