12 0.619140625 0.42890625 0.263671875 0.21484375
11 0.691015625 0.444140625 0.01640625 0.036328125
11 0.70625 0.444140625 0.0078125 0.033984375
11 0.72109375 0.4421875 0.01640625 0.037890625
1 0.6125 0.4265625 0.02734375 0.05859375
1 0.640625 0.42578125 0.029296875 0.057421875
11 0.62734375 0.501953125 0.02265625 0.03515625
11 0.71875 0.496875 0.021484375 0.03515625
11 0.675390625 0.442578125 0.0125 0.036328125
11 0.6875 0.404296875 0.015625 0.030078125
11 0.706640625 0.408984375 0.01875 0.0234375
0 0.626953125 0.4578125 0.01171875 0.01953125