5 0.46328125 0.41484375 0.016796875 0.01171875
6 0.44375 0.38984375 0.014453125 0.01171875
9 0.48125 0.41484375 0.01875 0.013671875
4 0.476953125 0.38984375 0.014453125 0.01171875
11 0.45078125 0.415625 0.008203125 0.0109375
11 0.483203125 0.400390625 0.00625 0.0078125
11 0.49375 0.400390625 0.014453125 0.005859375
11 0.405078125 0.400390625 0.008203125 0.0078125
11 0.414453125 0.400390625 0.010546875 0.0078125
11 0.423828125 0.400390625 0.008203125 0.0078125
11 0.43203125 0.400390625 0.008203125 0.0078125
11 0.440625 0.400390625 0.008203125 0.0078125
7 0.42578125 0.3890625 0.016796875 0.0109375
7 0.46015625 0.3890625 0.014453125 0.0109375
10 0.495703125 0.3890625 0.014453125 0.0109375
10 0.4375 0.415625 0.01875 0.0125
12 0.45390625 0.40234375 0.206640625 0.056640625