11 0.59375 0.551953125 0.013671875 0.026171875
1 0.608984375 0.58125 0.0125 0.02734375
1 0.63203125 0.54765625 0.013671875 0.030078125
2 0.597265625 0.619921875 0.00703125 0.028515625
2 0.584375 0.583203125 0.00703125 0.026171875
2 0.61796875 0.548046875 0.01171875 0.03125
3 0.629296875 0.61640625 0.01484375 0.030078125
11 0.61953125 0.618359375 0.0046875 0.020703125
11 0.66796875 0.572265625 0.009765625 0.01171875
11 0.659765625 0.57109375 0.00703125 0.016796875
11 0.68359375 0.54609375 0.013671875 0.024609375
11 0.669921875 0.548046875 0.01171875 0.0234375
11 0.656640625 0.544140625 0.01484375 0.03125
11 0.58046875 0.55546875 0.0125 0.024609375
11 0.5671875 0.551953125 0.013671875 0.03125
10 0.6359375 0.579296875 0.013671875 0.026171875
10 0.5953125 0.583203125 0.0125 0.026171875
7 0.65 0.578125 0.0125 0.026171875
7 0.62265625 0.580859375 0.0125 0.026171875
5 0.6453125 0.616015625 0.015625 0.028515625
1 0.608984375 0.618359375 0.01484375 0.03125
12 0.630859375 0.580859375 0.212890625 0.140625