2 0.32890625 0.355078125 0.018359375 0.023828125
2 0.359375 0.384375 0.0203125 0.02578125
11 0.567578125 0.351171875 0.022265625 0.01171875
11 0.594140625 0.3515625 0.03125 0.011328125
6 0.534375 0.35546875 0.040625 0.02421875
2 0.50078125 0.355078125 0.018359375 0.02265625
2 0.371484375 0.355078125 0.018359375 0.021875
12 0.459375 0.356640625 0.674609375 0.095703125
11 0.276171875 0.326953125 0.05 0.026953125
11 0.31796875 0.327734375 0.040625 0.026171875
11 0.360546875 0.330078125 0.040625 0.02109375
11 0.56484375 0.328515625 0.042578125 0.025
11 0.608203125 0.331640625 0.040625 0.01875
11 0.65234375 0.331640625 0.037109375 0.020703125
11 0.4296875 0.38515625 0.016796875 0.01875
3 0.442578125 0.328125 0.04609375 0.026953125
4 0.462890625 0.38515625 0.042578125 0.02734375
7 0.4484375 0.355078125 0.042578125 0.023046875
7 0.486328125 0.328515625 0.040625 0.026171875
9 0.40390625 0.354296875 0.038671875 0.023046875
10 0.39453125 0.384765625 0.04609375 0.026171875
10 0.512890625 0.38515625 0.04609375 0.026171875