1 0.5 0.529296875 0.028515625 0.033203125
11 0.416015625 0.490625 0.030078125 0.03828125
11 0.44453125 0.49453125 0.030078125 0.028125
11 0.4734375 0.492578125 0.02734375 0.03203125
11 0.60625 0.491796875 0.030078125 0.03828125
11 0.6328125 0.495703125 0.026171875 0.028125
11 0.661328125 0.49609375 0.028515625 0.029296875
11 0.608203125 0.52265625 0.012890625 0.017578125
11 0.62578125 0.52421875 0.022265625 0.013671875
11 0.517578125 0.571875 0.01171875 0.02421875
4 0.551953125 0.490625 0.033984375 0.03828125
4 0.5734375 0.5734375 0.032421875 0.037109375
4 0.496875 0.572265625 0.030078125 0.0390625
3 0.35859375 0.52890625 0.030078125 0.03203125
3 0.4421875 0.5296875 0.030078125 0.03203125
5 0.471484375 0.52890625 0.028515625 0.03046875
1 0.53984375 0.57265625 0.032421875 0.03828125
12 0.53828125 0.5328125 0.436328125 0.14765625
7 0.5578125 0.53046875 0.02734375 0.033203125
9 0.529296875 0.5296875 0.02734375 0.034375
10 0.587109375 0.5296875 0.028515625 0.034375
2 0.471875 0.572265625 0.014453125 0.037109375