2 0.462109375 0.730859375 0.026171875 0.04609375
2 0.5046875 0.730859375 0.024609375 0.04609375
2 0.344140625 0.7390625 0.016796875 0.03515625
8 0.502734375 0.671875 0.033984375 0.044921875
5 0.36796875 0.73828125 0.02890625 0.033203125
5 0.5546875 0.730078125 0.04453125 0.04609375
3 0.601171875 0.7296875 0.04296875 0.05078125
11 0.31328125 0.62109375 0.04453125 0.05078125
11 0.38515625 0.6265625 0.0390625 0.03828125
11 0.752734375 0.6171875 0.03515625 0.05078125
11 0.79375 0.623046875 0.041796875 0.037109375
11 0.648828125 0.660546875 0.018359375 0.02421875
11 0.672265625 0.663671875 0.02890625 0.01875
11 0.409765625 0.737890625 0.02890625 0.0359375
11 0.524609375 0.730859375 0.012890625 0.034375
0 0.415625 0.636328125 0.01953125 0.01875
12 0.554296875 0.67890625 0.612109375 0.208984375
1 0.5796875 0.6703125 0.03671875 0.04375
1 0.605859375 0.61796875 0.041796875 0.05078125
1 0.681640625 0.61875 0.041796875 0.0515625
1 0.540625 0.671484375 0.0390625 0.04609375
0 0.637109375 0.63359375 0.018359375 0.01953125
2 0.4328125 0.67265625 0.022265625 0.04296875
2 0.47109375 0.671484375 0.0234375 0.0421875
2 0.628125 0.67109375 0.0234375 0.041015625