11 0.62421875 0.618359375 0.01328125 0.0265625
11 0.610546875 0.62109375 0.0125 0.02421875
11 0.59765625 0.617578125 0.01328125 0.030078125
12 0.66171875 0.651171875 0.21796875 0.1359375
10 0.625390625 0.65 0.01328125 0.0265625
2 0.644140625 0.649609375 0.004296875 0.02421875
2 0.615625 0.650390625 0.005078125 0.02421875
2 0.628125 0.688671875 0.005078125 0.02734375
1 0.6390625 0.687109375 0.015625 0.030859375
3 0.65390625 0.6484375 0.0125 0.0265625
4 0.66875 0.648046875 0.0125 0.02734375
8 0.66328125 0.6140625 0.0125 0.030078125
10 0.68203125 0.647265625 0.01328125 0.02734375
2 0.650390625 0.61484375 0.009375 0.030078125
11 0.65 0.6875 0.005078125 0.021484375
11 0.700390625 0.641796875 0.009375 0.01015625
11 0.692578125 0.63984375 0.00625 0.01328125
11 0.7171875 0.616015625 0.01328125 0.0234375
11 0.702734375 0.61640625 0.01328125 0.02265625
11 0.68984375 0.61328125 0.01328125 0.030078125
6 0.66015625 0.68671875 0.014453125 0.031640625
10 0.676953125 0.6859375 0.01484375 0.031640625