12 0.7703125 0.879296875 0.318359375 0.237890625
11 0.7328125 0.903515625 0.0109375 0.036328125
11 0.691796875 0.90546875 0.01484375 0.036328125
11 0.70625 0.90546875 0.013671875 0.036328125
2 0.7046875 0.839453125 0.0109375 0.067578125
8 0.801171875 0.833203125 0.02265625 0.06953125
8 0.75 0.834375 0.021484375 0.067578125
11 0.71953125 0.901171875 0.013671875 0.041796875
11 0.824609375 0.8984375 0.01875 0.0296875
11 0.808203125 0.893359375 0.0125 0.036328125
11 0.7453125 0.901953125 0.013671875 0.03984375
10 0.8265625 0.830859375 0.02265625 0.067578125
7 0.775 0.834375 0.02265625 0.067578125
9 0.724609375 0.838671875 0.025390625 0.06953125