11 0.591796875 0.267578125 0.055078125 0.023828125
11 0.140234375 0.500390625 0.054296875 0.039453125
11 0.15390625 0.530078125 0.054296875 0.02734375
11 0.59609375 0.237890625 0.04765625 0.034375
11 0.439453125 0.287890625 0.0890625 0.033203125
11 0.4640625 0.39609375 0.081640625 0.03359375
11 0.4609375 0.35390625 0.055078125 0.048046875
11 0.441796875 0.3171875 0.080078125 0.02578125
11 0.667578125 0.700390625 0.043359375 0.023046875
11 0.668359375 0.67265625 0.0484375 0.026171875
11 0.6625 0.65390625 0.0515625 0.01015625
11 0.658984375 0.636328125 0.05 0.02109375
11 0.28984375 0.815625 0.033203125 0.026171875
11 0.280859375 0.79609375 0.031640625 0.02109375
11 0.278515625 0.773828125 0.030078125 0.023828125
11 0.2703125 0.75078125 0.0359375 0.026171875
11 0.259765625 0.724609375 0.0359375 0.023046875
11 0.232421875 0.80703125 0.03671875 0.023046875
11 0.2265625 0.79140625 0.041796875 0.01171875
11 0.2203125 0.7765625 0.032421875 0.02421875
11 0.2140625 0.75234375 0.03515625 0.026953125
11 0.221484375 0.64140625 0.056640625 0.011328125
2 0.23203125 0.6984375 0.083984375 0.01796875
0 0.623046875 0.33359375 0.019140625 0.008203125
2 0.654296875 0.614453125 0.046484375 0.01484375
12 0.410546875 0.53984375 0.820703125 0.88203125
3 0.22421875 0.67109375 0.103515625 0.0375
6 0.203515625 0.613671875 0.11015625 0.04140625
10 0.190234375 0.567578125 0.108984375 0.042578125
1 0.398828125 0.497265625 0.27265625 0.14296875
1 0.588671875 0.35859375 0.094140625 0.042578125
1 0.583984375 0.30390625 0.093359375 0.04453125