9 0.567578125 0.51328125 0.02421875 0.0203125
11 0.496484375 0.495703125 0.010546875 0.0109375
12 0.526171875 0.499609375 0.183984375 0.06328125
11 0.509375 0.496875 0.015625 0.0078125
0 0.56953125 0.49140625 0.00703125 0.005859375
1 0.582421875 0.4828125 0.02265625 0.01875
1 0.558203125 0.482421875 0.02265625 0.017578125
6 0.59453125 0.513671875 0.02265625 0.01953125
6 0.540625 0.5125 0.02265625 0.01953125
8 0.5140625 0.51171875 0.020703125 0.01953125
2 0.49296875 0.51171875 0.010546875 0.017578125
2 0.465234375 0.511328125 0.010546875 0.01875