11 0.462109375 0.47890625 0.005859375 0.01640625
9 0.437109375 0.45546875 0.0140625 0.01796875
8 0.449609375 0.47734375 0.016015625 0.02109375
11 0.538671875 0.437109375 0.016015625 0.01796875
11 0.523828125 0.43671875 0.0140625 0.015625
11 0.51015625 0.434765625 0.01484375 0.020703125
11 0.4375 0.433984375 0.01328125 0.01953125
11 0.42421875 0.43671875 0.01328125 0.01484375
11 0.40859375 0.433984375 0.016015625 0.020703125
8 0.4859375 0.45390625 0.01328125 0.017578125
5 0.453515625 0.45390625 0.018359375 0.01796875
3 0.481640625 0.43359375 0.018359375 0.02109375
3 0.465234375 0.43359375 0.016015625 0.020703125
2 0.502734375 0.45703125 0.005859375 0.01875
2 0.473046875 0.455078125 0.008984375 0.017578125
2 0.4375 0.477734375 0.01015625 0.021875
6 0.473046875 0.478515625 0.017578125 0.020703125
12 0.472265625 0.45703125 0.233984375 0.079296875
6 0.49140625 0.478515625 0.017578125 0.020703125
11 0.51953125 0.451953125 0.0109375 0.007421875
11 0.510546875 0.45078125 0.007421875 0.00859375