0 0.741796875 0.473828125 0.0203125 0.013671875
12 0.542578125 0.50078125 0.65703125 0.130078125
11 0.272265625 0.46953125 0.040625 0.032421875
11 0.314453125 0.46953125 0.037890625 0.032421875
11 0.430078125 0.466796875 0.03671875 0.03359375
11 0.471484375 0.46796875 0.040625 0.033203125
11 0.513671875 0.4671875 0.040625 0.034375
11 0.55546875 0.466015625 0.040625 0.033203125
11 0.66328125 0.494921875 0.03125 0.013671875
11 0.635546875 0.49375 0.02421875 0.01640625
11 0.50546875 0.541015625 0.019140625 0.02578125
1 0.4703125 0.54140625 0.043359375 0.034375
1 0.516796875 0.5015625 0.039453125 0.03046875
2 0.55078125 0.53984375 0.017578125 0.033203125
2 0.40390625 0.502734375 0.019140625 0.033203125
2 0.435546875 0.542578125 0.023046875 0.03515625
3 0.559765625 0.5 0.03515625 0.03125
4 0.47578125 0.50234375 0.03515625 0.030078125
4 0.603515625 0.500390625 0.033984375 0.03203125
2 0.355859375 0.47109375 0.033984375 0.035546875
7 0.788671875 0.46328125 0.0515625 0.038671875
7 0.587890625 0.539453125 0.048828125 0.03359375
6 0.4328125 0.50234375 0.03671875 0.030078125
10 0.66875 0.465625 0.03671875 0.03359375
9 0.711328125 0.465234375 0.040625 0.035546875