12 0.57890625 0.764453125 0.19140625 0.114453125
6 0.580078125 0.79609375 0.013671875 0.030078125
9 0.5859375 0.76171875 0.01171875 0.026171875
1 0.57421875 0.7625 0.01171875 0.02734375
1 0.562109375 0.763671875 0.0125 0.02734375
1 0.615234375 0.73046875 0.01171875 0.028515625
6 0.5609375 0.79765625 0.01484375 0.030078125
6 0.5984375 0.76171875 0.01171875 0.026171875
6 0.55 0.764453125 0.01171875 0.026171875
6 0.62734375 0.7296875 0.0125 0.030078125
7 0.59375 0.795703125 0.013671875 0.03125
7 0.650390625 0.7296875 0.013671875 0.030078125
2 0.50546875 0.767578125 0.0046875 0.024609375
2 0.540625 0.76484375 0.0046875 0.024609375
2 0.6046875 0.73125 0.009765625 0.030078125
0 0.6375 0.7375 0.0078125 0.014453125
11 0.5703125 0.79609375 0.00390625 0.01953125
11 0.55 0.734375 0.01171875 0.028515625
11 0.5375 0.734375 0.0109375 0.028515625
11 0.52578125 0.735546875 0.0125 0.028515625
11 0.5140625 0.735546875 0.0109375 0.028515625
11 0.50234375 0.736328125 0.0125 0.030078125
11 0.613671875 0.755859375 0.0109375 0.01171875
11 0.60625 0.755078125 0.005859375 0.012890625