2 0.473046875 0.46328125 0.00859375 0.01875
2 0.448828125 0.462890625 0.00859375 0.017578125
8 0.55625 0.43515625 0.019140625 0.01640625
0 0.543359375 0.4421875 0.00703125 0.005859375
5 0.5328125 0.434375 0.020703125 0.015625
12 0.505078125 0.45234375 0.1703125 0.056640625
11 0.47734375 0.4484375 0.010546875 0.009765625
11 0.489453125 0.44921875 0.0140625 0.0078125
9 0.509375 0.434375 0.02265625 0.017578125
9 0.542578125 0.4640625 0.02265625 0.01953125
4 0.5171875 0.46328125 0.02421875 0.01875
8 0.4921875 0.462890625 0.02265625 0.017578125