12 0.43828125 0.406640625 0.206640625 0.06953125
11 0.4203125 0.403125 0.00703125 0.005859375
11 0.478125 0.402734375 0.012109375 0.00703125
11 0.41328125 0.403125 0.00703125 0.005859375
1 0.36640625 0.422265625 0.0171875 0.01484375
3 0.4671875 0.419921875 0.0171875 0.015625
6 0.449609375 0.4203125 0.0171875 0.01640625
10 0.426171875 0.42109375 0.019140625 0.015625
3 0.4609375 0.390625 0.015625 0.01171875
1 0.47734375 0.38984375 0.0171875 0.013671875
1 0.4453125 0.391015625 0.015625 0.0125
7 0.4296875 0.391015625 0.015625 0.0125
7 0.41328125 0.39140625 0.0171875 0.013671875
11 0.43828125 0.421875 0.005078125 0.01171875
11 0.46796875 0.4015625 0.00859375 0.0078125
11 0.4046875 0.40390625 0.010546875 0.00703125
11 0.394921875 0.40390625 0.00859375 0.00703125
11 0.428125 0.40390625 0.00859375 0.00703125