2 0.428125 0.285546875 0.00859375 0.02421875
2 0.402734375 0.28515625 0.010546875 0.025390625
12 0.49375 0.290625 0.2484375 0.0734375
11 0.503515625 0.31640625 0.0171875 0.013671875
11 0.58515625 0.31640625 0.020703125 0.015625
11 0.559765625 0.2796875 0.012109375 0.0125
11 0.575390625 0.2828125 0.015625 0.00859375
3 0.49296875 0.287109375 0.02421875 0.025390625
7 0.46875 0.28671875 0.02421875 0.02421875
10 0.44375 0.285546875 0.02265625 0.02421875
10 0.519140625 0.287109375 0.02421875 0.0234375