1 0.438671875 0.48359375 0.01875 0.015625
1 0.537890625 0.505078125 0.0234375 0.01953125
2 0.50546875 0.4828125 0.0078125 0.01484375
10 0.519921875 0.4828125 0.01875 0.01640625
3 0.540625 0.48203125 0.019921875 0.017578125
3 0.56171875 0.48203125 0.019921875 0.016796875
9 0.5828125 0.48203125 0.019921875 0.016796875
6 0.603515625 0.48203125 0.01875 0.016796875
6 0.56953125 0.505078125 0.022265625 0.01953125
2 0.522265625 0.505859375 0.0078125 0.017578125
6 0.593359375 0.5046875 0.0234375 0.01875
1 0.636328125 0.460546875 0.019921875 0.01953125
11 0.441796875 0.4640625 0.019921875 0.01875
11 0.6953125 0.462109375 0.019921875 0.01484375
11 0.67421875 0.46015625 0.01796875 0.01953125
11 0.48046875 0.46484375 0.019921875 0.014453125
11 0.553515625 0.50546875 0.0078125 0.0125
0 0.6125 0.466796875 0.01015625 0.00703125
0 0.495703125 0.468359375 0.01015625 0.007421875
1 0.597265625 0.461328125 0.019921875 0.01953125
12 0.572265625 0.484765625 0.323828125 0.08125
11 0.630859375 0.478125 0.015625 0.00703125
11 0.619140625 0.477734375 0.01015625 0.00859375