11 0.50859375 0.52890625 0.016796875 0.0203125
2 0.529296875 0.517578125 0.01953125 0.025390625
2 0.48125 0.54375 0.01953125 0.025390625
10 0.494921875 0.53671875 0.033984375 0.034375
2 0.4609375 0.50625 0.018359375 0.02265625
2 0.440625 0.515625 0.01953125 0.0234375
7 0.4734375 0.5 0.030078125 0.029296875
12 0.497265625 0.49375 0.354296875 0.253125
11 0.536328125 0.4609375 0.012890625 0.01171875
4 0.510546875 0.480859375 0.028515625 0.028125
9 0.5421875 0.5109375 0.032421875 0.033203125
7 0.52734375 0.472265625 0.028515625 0.028125
11 0.54765625 0.456640625 0.014453125 0.0125
8 0.49140625 0.4875 0.02734375 0.0234375