11 0.52734375 0.480859375 0.005078125 0.01484375
11 0.48515625 0.45859375 0.008984375 0.0109375
11 0.55859375 0.459375 0.0078125 0.0109375
11 0.51875 0.458984375 0.008984375 0.009765625
11 0.5109375 0.458984375 0.006640625 0.009765625
11 0.503125 0.45859375 0.006640625 0.0109375
11 0.494921875 0.45859375 0.010546875 0.0109375
2 0.494140625 0.44296875 0.006640625 0.01640625
2 0.50390625 0.48203125 0.0078125 0.0203125
7 0.506640625 0.44375 0.015625 0.01875
8 0.5234375 0.443359375 0.012890625 0.017578125
4 0.53828125 0.44453125 0.014453125 0.017578125
4 0.555859375 0.48125 0.015625 0.01953125
3 0.53984375 0.48125 0.016796875 0.01953125
9 0.5546875 0.44375 0.015625 0.01875
6 0.5703125 0.44453125 0.015625 0.017578125
10 0.515625 0.480859375 0.015625 0.0203125
12 0.528515625 0.46796875 0.198046875 0.083984375
11 0.569140625 0.46015625 0.012890625 0.0078125