5 0.46015625 0.46953125 0.014453125 0.015625
8 0.44453125 0.469140625 0.01171875 0.01640625
2 0.4171875 0.491796875 0.008984375 0.0203125
2 0.430859375 0.469140625 0.010546875 0.01484375
4 0.412890625 0.46953125 0.015625 0.017578125
12 0.451953125 0.48203125 0.137890625 0.059375
11 0.44453125 0.490625 0.006640625 0.0109375
1 0.4578125 0.4921875 0.016796875 0.021484375
7 0.47578125 0.492578125 0.016796875 0.02265625
7 0.431640625 0.491796875 0.016796875 0.02265625
6 0.49140625 0.4703125 0.014453125 0.01875
10 0.47578125 0.46953125 0.014453125 0.017578125