11 0.44140625 0.50546875 0.0078125 0.00859375
12 0.46484375 0.512109375 0.169140625 0.075
11 0.45625 0.505859375 0.006640625 0.0078125
9 0.501953125 0.494140625 0.014453125 0.015625
11 0.463671875 0.52578125 0.010546875 0.01484375
11 0.490234375 0.50703125 0.008984375 0.0078125
11 0.49921875 0.507421875 0.008984375 0.00703125
11 0.4265625 0.504296875 0.008984375 0.00859375
11 0.435546875 0.505859375 0.006640625 0.0078125
11 0.4484375 0.50625 0.006640625 0.00859375
2 0.434375 0.4921875 0.008984375 0.013671875
7 0.446484375 0.4921875 0.015625 0.015625
8 0.46015625 0.4921875 0.01171875 0.015625
6 0.473828125 0.492578125 0.012890625 0.01640625
6 0.4875 0.49375 0.014453125 0.01640625