11 0.5921875 0.454296875 0.0125 0.045703125
11 0.60390625 0.45859375 0.0109375 0.032421875
11 0.61640625 0.4578125 0.01171875 0.034765625
11 0.5375 0.46328125 0.0109375 0.045703125
11 0.526953125 0.470703125 0.0109375 0.034765625
11 0.515234375 0.468359375 0.0125 0.04765625
5 0.5625 0.50546875 0.01171875 0.034765625
8 0.551171875 0.506640625 0.0109375 0.03671875
9 0.5859375 0.50234375 0.01171875 0.03671875
6 0.58203125 0.557421875 0.013671875 0.04765625
7 0.512109375 0.57265625 0.00859375 0.034765625
3 0.53671875 0.565234375 0.0125 0.045703125
3 0.5390625 0.5109375 0.01171875 0.04140625
2 0.5703125 0.4578125 0.009765625 0.04765625
1 0.568359375 0.559765625 0.013671875 0.04765625
1 0.550390625 0.56171875 0.0125 0.043359375
1 0.492578125 0.51640625 0.0109375 0.0390625
1 0.57421875 0.504296875 0.01171875 0.03671875
11 0.558984375 0.559765625 0.0046875 0.034765625
11 0.525 0.57265625 0.00859375 0.034765625
11 0.601953125 0.493359375 0.00859375 0.01953125
11 0.59453125 0.49140625 0.005859375 0.01953125
12 0.565625 0.507421875 0.18359375 0.199609375