12 0.623828125 0.46796875 0.563671875 0.330859375
3 0.605078125 0.4625 0.03515625 0.0734375
7 0.533984375 0.4625 0.03203125 0.075
9 0.6359375 0.3765625 0.040625 0.08671875
2 0.53203125 0.558203125 0.017578125 0.075
2 0.64921875 0.462109375 0.015625 0.066015625
2 0.577734375 0.462890625 0.015625 0.066015625
2 0.506640625 0.46328125 0.016796875 0.06484375
2 0.600390625 0.3765625 0.03046875 0.08515625
11 0.7265625 0.450390625 0.026953125 0.032421875
11 0.703125 0.44609375 0.017578125 0.042578125
11 0.771875 0.387890625 0.036328125 0.066015625
11 0.73515625 0.386328125 0.035546875 0.0640625
11 0.701171875 0.376171875 0.03359375 0.0859375
11 0.53359375 0.3875 0.03359375 0.06484375
11 0.49921875 0.387890625 0.03359375 0.066015625
11 0.46484375 0.3765625 0.03515625 0.08671875
8 0.658203125 0.553515625 0.03359375 0.083203125
4 0.6171875 0.55625 0.035546875 0.080859375
10 0.676171875 0.462890625 0.03359375 0.07421875
1 0.562109375 0.556640625 0.03828125 0.081640625