12 0.471875 0.478515625 0.186328125 0.08203125
11 0.439453125 0.469140625 0.008984375 0.00859375
2 0.438671875 0.4546875 0.010546875 0.01484375
2 0.485546875 0.45546875 0.010546875 0.01484375
2 0.50078125 0.456640625 0.008984375 0.01484375
5 0.451171875 0.455078125 0.014453125 0.013671875
7 0.466015625 0.455078125 0.015625 0.015625
7 0.512890625 0.45625 0.015625 0.015625
4 0.399609375 0.48984375 0.015625 0.01640625
10 0.4578125 0.491796875 0.016796875 0.01875
3 0.48125 0.4921875 0.016796875 0.01953125
6 0.498046875 0.492578125 0.016796875 0.01875
11 0.469921875 0.491796875 0.005078125 0.0125
11 0.43046875 0.46875 0.008984375 0.009765625
11 0.447265625 0.469140625 0.006640625 0.00859375
11 0.455078125 0.469140625 0.006640625 0.00859375
11 0.462109375 0.46953125 0.0078125 0.009765625
11 0.509765625 0.471875 0.01171875 0.0078125
11 0.516796875 0.47109375 0.002734375 0.00859375