5 0.46796875 0.396875 0.017578125 0.017578125
1 0.465234375 0.421484375 0.017578125 0.021875
12 0.492578125 0.39765625 0.244921875 0.08359375
1 0.48984375 0.421484375 0.016796875 0.021875
11 0.530078125 0.39296875 0.008203125 0.011328125
11 0.540234375 0.39453125 0.0125 0.00859375
11 0.476953125 0.421875 0.007421875 0.01484375
11 0.561328125 0.37890625 0.016015625 0.01640625
11 0.54453125 0.37734375 0.0140625 0.01640625
11 0.530078125 0.375390625 0.01484375 0.021875
11 0.453515625 0.3765625 0.016796875 0.016796875
11 0.437109375 0.3765625 0.0140625 0.016796875
11 0.419921875 0.37265625 0.016796875 0.02265625
4 0.50234375 0.39609375 0.01484375 0.019921875
2 0.451953125 0.42109375 0.007421875 0.02265625
3 0.48359375 0.374609375 0.019140625 0.023046875
7 0.51015625 0.421875 0.019921875 0.02109375
9 0.45078125 0.396484375 0.016796875 0.01953125
8 0.519140625 0.39765625 0.01328125 0.01875
8 0.499609375 0.374609375 0.016015625 0.021875
5 0.48515625 0.396875 0.016796875 0.017578125