11 0.471484375 0.49921875 0.008203125 0.007421875
11 0.46328125 0.49921875 0.006640625 0.008203125
11 0.5296875 0.499609375 0.005859375 0.008203125
8 0.5265625 0.48515625 0.01171875 0.015625
12 0.4875 0.504296875 0.143359375 0.06640625
4 0.48125 0.48515625 0.0109375 0.01484375
4 0.540234375 0.484765625 0.0125 0.014453125
4 0.51171875 0.520703125 0.01328125 0.02109375
2 0.53203125 0.5203125 0.007421875 0.01796875
2 0.4953125 0.520703125 0.008984375 0.01875
1 0.433984375 0.520703125 0.01484375 0.01640625
3 0.475390625 0.52109375 0.016015625 0.01953125
3 0.4671875 0.48515625 0.0140625 0.01640625
6 0.4953125 0.48515625 0.0125 0.015625
11 0.53828125 0.5 0.01015625 0.00625
10 0.510546875 0.485546875 0.0140625 0.01640625
11 0.49375 0.49921875 0.007421875 0.007421875
11 0.4859375 0.49921875 0.006640625 0.007421875
11 0.47890625 0.49921875 0.005859375 0.008203125