12 0.53203125 0.509765625 0.161328125 0.0546875
6 0.59375 0.52109375 0.020703125 0.01875
5 0.56953125 0.5203125 0.020703125 0.017578125
10 0.519921875 0.52109375 0.02265625 0.01875
11 0.505078125 0.50625 0.010546875 0.0109375
11 0.5171875 0.507421875 0.0140625 0.00703125
0 0.56953125 0.50078125 0.00703125 0.005859375
2 0.478125 0.52265625 0.012109375 0.01953125
2 0.5015625 0.521875 0.010546875 0.01875
2 0.551953125 0.52109375 0.010546875 0.01875
10 0.536328125 0.49296875 0.020703125 0.017578125
3 0.558203125 0.49375 0.019140625 0.01640625
9 0.581640625 0.492578125 0.020703125 0.01640625