10 0.56796875 0.5609375 0.044140625 0.060546875
11 0.53125 0.480078125 0.0359375 0.044921875
11 0.61640625 0.471484375 0.02578125 0.048046875
11 0.574609375 0.480078125 0.04921875 0.036328125
1 0.414453125 0.44453125 0.1640625 0.176953125
11 0.647265625 0.466796875 0.0359375 0.04375
7 0.208984375 0.32421875 0.06484375 0.069921875
6 0.5125 0.565625 0.05 0.057421875
10 0.33671875 0.31171875 0.05 0.06640625
11 0.41875 0.2890625 0.033984375 0.035546875
12 0.41484375 0.457421875 0.8296875 0.50859375
11 0.208203125 0.61640625 0.01171875 0.053125
11 0.18125 0.61953125 0.033984375 0.038671875
11 0.698828125 0.558984375 0.0390625 0.02578125
11 0.385546875 0.294140625 0.0359375 0.03203125
3 0.280078125 0.317578125 0.0515625 0.063671875
7 0.626171875 0.551171875 0.044140625 0.05390625
2 0.260546875 0.6125 0.019140625 0.04375
11 0.665234375 0.558984375 0.02421875 0.034375
11 0.14296875 0.61875 0.032421875 0.0375
11 0.23125 0.612109375 0.029296875 0.041796875