4 0.62265625 0.721875 0.041796875 0.05078125
5 0.590625 0.59921875 0.037890625 0.05
6 0.51171875 0.656640625 0.0390625 0.04609375
7 0.55546875 0.65625 0.040625 0.044921875
9 0.5984375 0.65625 0.040625 0.04296875
11 0.700390625 0.6484375 0.030078125 0.01953125
11 0.67578125 0.6453125 0.01953125 0.0234375
1 0.57109375 0.721875 0.045703125 0.05078125
11 0.752734375 0.605859375 0.037890625 0.0359375
11 0.712890625 0.605859375 0.03671875 0.03828125
11 0.6734375 0.59921875 0.0390625 0.0515625
11 0.46875 0.59921875 0.026171875 0.0515625
11 0.428125 0.605859375 0.0390625 0.03828125
11 0.386328125 0.599609375 0.0390625 0.05078125
12 0.571875 0.6625 0.65546875 0.2140625
11 0.409375 0.730078125 0.030078125 0.03828125
1 0.505859375 0.722265625 0.045703125 0.0515625
2 0.338671875 0.730078125 0.01171875 0.034375
2 0.48125 0.65703125 0.014453125 0.04296875
2 0.4375 0.656640625 0.015625 0.0421875
4 0.298828125 0.656640625 0.03671875 0.04375
3 0.362890625 0.72890625 0.03125 0.0359375
3 0.549609375 0.59921875 0.0390625 0.0515625
3 0.455078125 0.722265625 0.045703125 0.0515625
4 0.644140625 0.65546875 0.037890625 0.044921875