11 0.37890625 0.54140625 0.026171875 0.0359375
11 0.40546875 0.546484375 0.02734375 0.028125
11 0.43046875 0.54609375 0.024609375 0.029296875
11 0.553515625 0.542578125 0.028515625 0.0359375
11 0.57890625 0.546484375 0.024609375 0.0265625
11 0.60546875 0.546484375 0.026171875 0.028125
11 0.555859375 0.57109375 0.012890625 0.017578125
11 0.572265625 0.572265625 0.01953125 0.015625
5 0.5046875 0.542578125 0.030078125 0.034375
5 0.43046875 0.57734375 0.02734375 0.029296875
4 0.32421875 0.57734375 0.028515625 0.03125
3 0.403125 0.578125 0.02734375 0.03125
3 0.42109375 0.6171875 0.032421875 0.03515625
1 0.455859375 0.57734375 0.026171875 0.03125
1 0.45234375 0.6171875 0.030078125 0.037109375
1 0.5234375 0.6171875 0.03125 0.03515625
10 0.483203125 0.577734375 0.026171875 0.03203125
10 0.510546875 0.577734375 0.026171875 0.03203125
5 0.5359375 0.57734375 0.024609375 0.029296875
4 0.49140625 0.617578125 0.032421875 0.0359375
12 0.491015625 0.582421875 0.40625 0.14140625