3 0.369140625 0.3796875 0.015625 0.032421875
11 0.4265625 0.376171875 0.01171875 0.012890625
11 0.4484375 0.345703125 0.015625 0.02734375
2 0.32265625 0.378125 0.00703125 0.030078125
11 0.41640625 0.33984375 0.01640625 0.036328125
11 0.335546875 0.338671875 0.01484375 0.03125
11 0.304296875 0.3359375 0.01640625 0.0390625
4 0.40390625 0.380859375 0.01484375 0.032421875
4 0.269140625 0.375 0.01484375 0.03125
6 0.386328125 0.380859375 0.01484375 0.032421875
3 0.394140625 0.426953125 0.01875 0.0390625
11 0.4171875 0.373046875 0.0078125 0.016796875
7 0.38359375 0.338671875 0.015625 0.036328125
9 0.351953125 0.378125 0.01640625 0.032421875
9 0.33515625 0.378125 0.015625 0.032421875
1 0.348046875 0.425 0.01875 0.037890625
3 0.36796875 0.338671875 0.015625 0.036328125
3 0.37421875 0.4265625 0.017578125 0.037890625
2 0.335546875 0.425 0.00703125 0.03515625
11 0.4328125 0.345703125 0.015625 0.02734375
11 0.31953125 0.340625 0.015625 0.02734375
12 0.37578125 0.383984375 0.267578125 0.166796875