8 0.43515625 0.460546875 0.019921875 0.02265625
12 0.440625 0.465234375 0.43515625 0.16171875
5 0.458984375 0.466015625 0.025390625 0.021875
8 0.487890625 0.469921875 0.01875 0.023828125
9 0.407421875 0.456640625 0.02890625 0.02421875
2 0.38671875 0.45390625 0.014453125 0.02109375
11 0.559375 0.461328125 0.024609375 0.02265625
4 0.425 0.490625 0.033203125 0.02734375
3 0.43828125 0.436328125 0.03125 0.02734375
9 0.46796875 0.43984375 0.027734375 0.02734375
9 0.389453125 0.48359375 0.02890625 0.026953125
2 0.360546875 0.45078125 0.015625 0.023828125
2 0.365234375 0.48125 0.019921875 0.025
2 0.462109375 0.4984375 0.02109375 0.02421875
11 0.503515625 0.470703125 0.016796875 0.013671875
11 0.518359375 0.475 0.015625 0.0125
11 0.533203125 0.45703125 0.02109375 0.02109375
11 0.5078125 0.44921875 0.030078125 0.026171875
11 0.3921875 0.4296875 0.025390625 0.021875
11 0.3703125 0.42421875 0.01875 0.026953125
11 0.343359375 0.41640625 0.03203125 0.026171875