11 0.5375 0.81875 0.0109375 0.0296875
12 0.590234375 0.8421875 0.27421875 0.308984375
11 0.586328125 0.894921875 0.0109375 0.046875
11 0.62734375 0.80625 0.00859375 0.0296875
11 0.640234375 0.807421875 0.01484375 0.02421875
11 0.52421875 0.8203125 0.013671875 0.0296875
11 0.54921875 0.816796875 0.0109375 0.0296875
11 0.560546875 0.815234375 0.01171875 0.0296875
11 0.570703125 0.815234375 0.0109375 0.0296875
2 0.534375 0.762109375 0.009765625 0.05546875
9 0.55078125 0.761328125 0.021484375 0.0609375
8 0.57421875 0.75625 0.01953125 0.057421875
1 0.595703125 0.754296875 0.021484375 0.057421875
10 0.61796875 0.752734375 0.021484375 0.057421875
5 0.640625 0.75 0.021484375 0.051953125