12 0.597265625 0.5265625 0.30546875 0.08203125
2 0.549609375 0.547265625 0.00859375 0.01875
2 0.60078125 0.5453125 0.010546875 0.01875
0 0.63203125 0.508203125 0.0140625 0.00859375
0 0.5234375 0.51171875 0.012109375 0.0078125
11 0.580859375 0.54609375 0.00859375 0.01171875
11 0.5078125 0.508203125 0.019140625 0.01484375
11 0.473046875 0.508203125 0.02265625 0.01875
11 0.651171875 0.519140625 0.0140625 0.00703125
11 0.637890625 0.51875 0.00859375 0.009765625
11 0.708203125 0.50234375 0.020703125 0.01484375
11 0.68828125 0.500390625 0.019140625 0.01875
10 0.546875 0.525390625 0.0171875 0.017578125
5 0.6 0.503515625 0.019140625 0.01875
6 0.605078125 0.5234375 0.019140625 0.015625
9 0.565234375 0.546484375 0.02265625 0.01875
9 0.6546875 0.501953125 0.020703125 0.01953125
8 0.61875 0.503515625 0.019140625 0.01875
8 0.61875 0.54453125 0.019140625 0.01875
1 0.4703125 0.527734375 0.0171875 0.01640625
3 0.625 0.52265625 0.0171875 0.015625
3 0.5859375 0.523828125 0.019140625 0.01640625
3 0.566796875 0.523828125 0.019140625 0.01640625
2 0.53203125 0.5265625 0.00859375 0.017578125