0 0.4640625 0.5140625 0.012109375 0.00546875
11 0.579296875 0.51015625 0.012109375 0.015625
12 0.49609375 0.527734375 0.30625 0.06171875
5 0.401953125 0.546484375 0.01484375 0.010546875
1 0.465625 0.54453125 0.023046875 0.01484375
10 0.508203125 0.5265625 0.019140625 0.01328125
10 0.487890625 0.52578125 0.019140625 0.01328125
10 0.467578125 0.52578125 0.019140625 0.01328125
3 0.447265625 0.52578125 0.019140625 0.01328125
5 0.529296875 0.526171875 0.0203125 0.0125
5 0.4953125 0.54453125 0.023046875 0.014453125
5 0.518359375 0.54453125 0.023046875 0.014453125
2 0.3890625 0.546484375 0.008203125 0.010546875
2 0.44921875 0.544921875 0.009375 0.01484375
11 0.523828125 0.509375 0.017578125 0.01484375
11 0.50546875 0.51015625 0.019140625 0.01484375
11 0.486328125 0.509375 0.019140625 0.01640625
11 0.54453125 0.5234375 0.0109375 0.00703125
11 0.55625 0.52421875 0.01484375 0.00546875
11 0.542578125 0.512109375 0.017578125 0.01171875
11 0.5609375 0.51015625 0.019140625 0.01640625
11 0.598046875 0.5125 0.0203125 0.011328125
11 0.4484375 0.508984375 0.019140625 0.015625
11 0.42890625 0.51171875 0.017578125 0.010546875
11 0.409765625 0.51171875 0.0203125 0.010546875
11 0.376171875 0.509375 0.0203125 0.01484375
11 0.421484375 0.546484375 0.01640625 0.01171875