12 0.586328125 0.642578125 0.2546875 0.155078125
2 0.54765625 0.690234375 0.0078125 0.0390625
5 0.605078125 0.6875 0.01875 0.036328125
11 0.634375 0.6359375 0.0125 0.014453125
11 0.625 0.633984375 0.005859375 0.018359375
11 0.6546875 0.606640625 0.01484375 0.028515625
11 0.638671875 0.60546875 0.015625 0.028515625
11 0.623046875 0.60234375 0.015625 0.040234375
11 0.546875 0.60625 0.017578125 0.03515625
11 0.53046875 0.607421875 0.015625 0.032421875
11 0.5140625 0.6046875 0.01640625 0.040234375
11 0.573828125 0.688671875 0.00703125 0.028515625
10 0.59609375 0.642578125 0.01484375 0.032421875
10 0.580078125 0.643359375 0.015625 0.033984375
4 0.586328125 0.6875 0.01640625 0.0390625
1 0.5609375 0.68828125 0.01875 0.040234375
1 0.6125 0.641796875 0.015625 0.033984375
1 0.562890625 0.64453125 0.01484375 0.033984375
7 0.5453125 0.64375 0.01640625 0.03515625
7 0.5921875 0.602734375 0.01640625 0.0390625
2 0.576171875 0.602734375 0.013671875 0.041796875
2 0.534375 0.64375 0.005859375 0.032421875