12 0.5265625 0.562109375 0.162890625 0.1984375
1 0.458984375 0.498046875 0.022265625 0.013671875
1 0.489453125 0.63125 0.044140625 0.028125
1 0.50703125 0.469140625 0.022265625 0.0125
1 0.45234375 0.630859375 0.008984375 0.013671875
6 0.501171875 0.601171875 0.041796875 0.03046875
4 0.51640625 0.57109375 0.04296875 0.02734375
1 0.533203125 0.541015625 0.045703125 0.02734375
10 0.549609375 0.512109375 0.044140625 0.028125
5 0.576171875 0.484375 0.040234375 0.02734375
6 0.455859375 0.51015625 0.018359375 0.01484375
7 0.5 0.47890625 0.020703125 0.0125