8 0.597265625 0.706640625 0.040625 0.04765625
12 0.54765625 0.654296875 0.601953125 0.2109375
10 0.4921875 0.709375 0.0390625 0.04765625
10 0.363671875 0.71953125 0.0328125 0.03515625
10 0.612109375 0.648046875 0.03671875 0.0421875
6 0.573828125 0.648828125 0.037890625 0.0421875
4 0.534765625 0.65 0.03515625 0.0421875
6 0.494140625 0.65078125 0.037890625 0.0421875
2 0.564453125 0.7078125 0.016796875 0.04296875
2 0.46015625 0.711328125 0.016796875 0.04375
2 0.466015625 0.651953125 0.015625 0.03828125
2 0.426953125 0.65234375 0.015625 0.041015625
2 0.562109375 0.597265625 0.02734375 0.04609375
3 0.526171875 0.598046875 0.0390625 0.04609375
11 0.520703125 0.709375 0.018359375 0.03203125
11 0.405859375 0.71875 0.02890625 0.033203125
11 0.640234375 0.6375 0.016796875 0.021484375
11 0.665234375 0.63984375 0.030078125 0.015625
11 0.709375 0.6 0.037890625 0.0359375
11 0.672265625 0.60078125 0.03671875 0.03515625
11 0.6359375 0.59453125 0.041796875 0.048828125
11 0.45234375 0.60546875 0.03515625 0.037109375
11 0.4171875 0.6015625 0.037890625 0.048828125
11 0.379296875 0.601953125 0.04296875 0.05