12 0.624609375 0.549609375 0.22734375 0.137890625
11 0.67578125 0.51484375 0.013671875 0.024609375
11 0.662109375 0.515625 0.013671875 0.026171875
11 0.6484375 0.51171875 0.013671875 0.033984375
11 0.583984375 0.5203125 0.013671875 0.024609375
11 0.5703125 0.517578125 0.013671875 0.030078125
11 0.556640625 0.517578125 0.013671875 0.032421875
11 0.66015625 0.541015625 0.01171875 0.01171875
11 0.6515625 0.5390625 0.005859375 0.015625
11 0.608984375 0.58515625 0.0046875 0.022265625
6 0.61953125 0.58515625 0.01640625 0.032421875
7 0.626953125 0.54609375 0.013671875 0.030078125
10 0.585546875 0.549609375 0.0125 0.028515625
4 0.609765625 0.514453125 0.01484375 0.03125
4 0.5984375 0.5859375 0.013671875 0.033984375
1 0.62421875 0.513671875 0.013671875 0.030078125
1 0.612890625 0.548046875 0.0125 0.028515625
1 0.5984375 0.549609375 0.013671875 0.028515625
2 0.6453125 0.546875 0.005859375 0.026171875
2 0.573828125 0.548828125 0.00859375 0.02734375
2 0.58671875 0.587109375 0.005859375 0.033984375
2 0.641015625 0.58515625 0.00859375 0.032421875