11 0.423828125 0.50703125 0.01171875 0.013671875
11 0.39921875 0.50390625 0.014453125 0.015625
11 0.5046875 0.519140625 0.006640625 0.00859375
11 0.53828125 0.50703125 0.008984375 0.015625
11 0.55 0.508203125 0.01171875 0.0125
11 0.5125 0.519921875 0.008984375 0.00703125
12 0.4765625 0.5234375 0.192578125 0.068359375
10 0.470703125 0.521484375 0.01171875 0.015625
4 0.44609375 0.521484375 0.01171875 0.015625
5 0.4578125 0.521484375 0.01171875 0.013671875
5 0.49609375 0.523046875 0.010546875 0.01484375
8 0.416015625 0.54140625 0.008984375 0.0109375
2 0.44609375 0.541015625 0.00390625 0.015625
2 0.479296875 0.541015625 0.005078125 0.015625
3 0.489453125 0.541015625 0.012890625 0.015625
3 0.43359375 0.52109375 0.010546875 0.01484375
1 0.48359375 0.521875 0.01171875 0.01484375
1 0.52734375 0.50625 0.010546875 0.01484375
1 0.50390625 0.505859375 0.012890625 0.015625
1 0.455859375 0.540625 0.012890625 0.01640625
0 0.513671875 0.511328125 0.006640625 0.00703125
0 0.4328125 0.509375 0.006640625 0.00703125
11 0.465625 0.53984375 0.006640625 0.01171875
11 0.42890625 0.5421875 0.008984375 0.01171875