12 0.4671875 0.56328125 0.183984375 0.0625
5 0.466796875 0.58046875 0.01328125 0.01484375
11 0.39375 0.54609375 0.0125 0.01640625
11 0.41640625 0.54765625 0.0109375 0.011328125
11 0.5265625 0.546875 0.01015625 0.01484375
11 0.53828125 0.548828125 0.01171875 0.011328125
11 0.494921875 0.559765625 0.005078125 0.00703125
11 0.501953125 0.560546875 0.008984375 0.00625
11 0.422265625 0.582421875 0.008984375 0.011328125
0 0.424609375 0.55078125 0.005859375 0.00546875
0 0.502734375 0.5515625 0.005859375 0.00546875
8 0.408984375 0.58203125 0.008203125 0.010546875
8 0.462890625 0.562109375 0.0109375 0.01328125
1 0.494140625 0.546484375 0.01171875 0.014453125
1 0.51640625 0.546484375 0.0109375 0.014453125
1 0.448046875 0.58046875 0.0140625 0.015625
3 0.42578125 0.562109375 0.01171875 0.01328125
3 0.480078125 0.58046875 0.01328125 0.015625
4 0.43828125 0.562109375 0.01171875 0.01328125
2 0.43828125 0.58046875 0.005078125 0.014453125
6 0.45 0.5625 0.01171875 0.013671875
6 0.486328125 0.5625 0.0109375 0.013671875
7 0.47421875 0.562109375 0.01171875 0.01328125