11 0.423828125 0.54296875 0.008984375 0.011328125
0 0.4265625 0.51171875 0.006640625 0.00546875
10 0.488671875 0.523828125 0.0125 0.013671875
10 0.482421875 0.54140625 0.01328125 0.015625
11 0.395703125 0.50625 0.01171875 0.01484375
11 0.418359375 0.50859375 0.01171875 0.010546875
11 0.530078125 0.508203125 0.01015625 0.01484375
11 0.541796875 0.51015625 0.01171875 0.01171875
12 0.46953125 0.52421875 0.1859375 0.0625
10 0.45 0.54140625 0.01328125 0.01484375
7 0.45234375 0.5234375 0.01171875 0.01328125
4 0.46484375 0.5234375 0.01171875 0.01328125
4 0.440234375 0.523046875 0.0109375 0.013671875
3 0.4765625 0.5234375 0.01171875 0.01328125
3 0.4109375 0.54296875 0.01015625 0.010546875
3 0.428515625 0.52265625 0.01171875 0.01328125
1 0.51875 0.508203125 0.0125 0.01484375
1 0.497265625 0.507421875 0.0125 0.01484375
11 0.498046875 0.520703125 0.005859375 0.007421875
11 0.505078125 0.521484375 0.008203125 0.00546875
5 0.468359375 0.54140625 0.01328125 0.014453125
0 0.50546875 0.5125 0.005859375 0.005078125