12 0.533984375 0.49921875 0.23984375 0.08046875
7 0.544140625 0.49765625 0.01484375 0.017578125
8 0.553515625 0.52109375 0.016796875 0.01953125
3 0.46875 0.4765625 0.0140625 0.01953125
3 0.529296875 0.49765625 0.01484375 0.017578125
2 0.5640625 0.49765625 0.006640625 0.017578125
2 0.49765625 0.520703125 0.006640625 0.01875
9 0.497265625 0.496875 0.016015625 0.017578125
9 0.51015625 0.520703125 0.016796875 0.019921875
0 0.6109375 0.484765625 0.008203125 0.009375
11 0.439453125 0.47578125 0.0140625 0.02109375
11 0.454296875 0.476171875 0.01484375 0.02109375
11 0.57109375 0.494140625 0.005859375 0.009375
5 0.51328125 0.49609375 0.01484375 0.017578125
11 0.58046875 0.494921875 0.0125 0.007421875
10 0.58515625 0.47734375 0.01484375 0.019921875
1 0.5328125 0.52109375 0.017578125 0.020703125
1 0.59921875 0.477734375 0.01328125 0.01953125
1 0.4828125 0.476171875 0.0140625 0.019921875
1 0.49765625 0.4765625 0.01484375 0.01953125
1 0.5125 0.47578125 0.01484375 0.01953125
7 0.62890625 0.477734375 0.016015625 0.01953125