12 0.512890625 0.478515625 0.731640625 0.2421875
4 0.396484375 0.473046875 0.045703125 0.05390625
10 0.565234375 0.547265625 0.0546875 0.06171875
11 0.213671875 0.408203125 0.046875 0.060546875
11 0.305859375 0.415625 0.046875 0.04609375
11 0.7546875 0.410546875 0.040234375 0.059375
11 0.803515625 0.41953125 0.046875 0.04375
11 0.32890625 0.555078125 0.03515625 0.04375
11 0.62578125 0.4625 0.022265625 0.028125
11 0.654296875 0.465625 0.03515625 0.021484375
0 0.65625 0.4296875 0.0234375 0.021484375
0 0.33984375 0.427734375 0.0234375 0.021484375
1 0.205859375 0.471875 0.046875 0.05078125
2 0.53203125 0.409375 0.030078125 0.05859375
2 0.712890625 0.410546875 0.030078125 0.059375
2 0.458203125 0.474609375 0.018359375 0.048828125
3 0.346484375 0.473046875 0.049609375 0.05390625
4 0.278125 0.5546875 0.037890625 0.04296875
7 0.434375 0.546875 0.053515625 0.060546875
6 0.58984375 0.47421875 0.044140625 0.0515625
6 0.541015625 0.474609375 0.045703125 0.052734375
6 0.50859375 0.547265625 0.053515625 0.06171875
8 0.623828125 0.41015625 0.044140625 0.05859375
8 0.57734375 0.41015625 0.045703125 0.05859375
8 0.494921875 0.473046875 0.041796875 0.0515625