2 0.55703125 0.59296875 0.011328125 0.016796875
10 0.457421875 0.60625 0.0203125 0.013671875
9 0.455078125 0.58984375 0.01796875 0.01484375
2 0.491015625 0.59140625 0.019140625 0.01640625
2 0.5234375 0.590625 0.015234375 0.01640625
2 0.4796875 0.60703125 0.008984375 0.014453125
1 0.3671875 0.60546875 0.01796875 0.013671875
1 0.50078125 0.62578125 0.0203125 0.016796875
1 0.573828125 0.5921875 0.019140625 0.016796875
1 0.5921875 0.592578125 0.01796875 0.01640625
3 0.43828125 0.605859375 0.01796875 0.014453125
3 0.4796875 0.62578125 0.019140625 0.01640625
6 0.392578125 0.62578125 0.015234375 0.0125
7 0.4515625 0.624609375 0.021484375 0.016796875
7 0.5109375 0.6078125 0.015234375 0.014453125
5 0.49296875 0.60703125 0.015234375 0.0125
11 0.413671875 0.626171875 0.01640625 0.0125
11 0.37109375 0.5890625 0.01796875 0.016796875
11 0.38828125 0.59140625 0.01640625 0.011328125
11 0.406640625 0.590625 0.01796875 0.01640625
11 0.54140625 0.59296875 0.01796875 0.0125
11 0.52421875 0.6046875 0.008984375 0.008203125
11 0.535546875 0.60546875 0.0140625 0.008203125
11 0.466796875 0.62578125 0.00625 0.0125
12 0.48046875 0.608984375 0.276953125 0.064453125