11 0.511328125 0.466015625 0.026171875 0.06171875
3 0.657421875 0.53359375 0.02734375 0.054296875
11 0.538671875 0.473828125 0.02890625 0.045703125
11 0.67890625 0.46328125 0.028125 0.06328125
11 0.70625 0.47109375 0.026171875 0.045703125
11 0.73359375 0.4703125 0.026171875 0.044140625
11 0.6796875 0.5203125 0.01328125 0.02578125
11 0.696875 0.5234375 0.02109375 0.019921875
3 0.594921875 0.46484375 0.02890625 0.06328125
2 0.619140625 0.61328125 0.010546875 0.056640625
2 0.540625 0.615234375 0.011328125 0.058984375
2 0.60703125 0.536328125 0.009375 0.05078125
2 0.51796875 0.53671875 0.010546875 0.05
2 0.623046875 0.463671875 0.017578125 0.0625
10 0.568359375 0.5359375 0.02578125 0.055078125
12 0.61171875 0.53984375 0.461328125 0.281640625
7 0.627734375 0.534765625 0.026953125 0.054296875
6 0.538671875 0.53671875 0.02734375 0.056640625
1 0.56328125 0.614453125 0.03046875 0.0625
11 0.483203125 0.46640625 0.02734375 0.0625
4 0.6421875 0.612890625 0.029296875 0.0625