11 0.51796875 0.48359375 0.016015625 0.01640625
11 0.41953125 0.480078125 0.016015625 0.01875
11 0.404296875 0.477734375 0.01484375 0.021875
11 0.387109375 0.47734375 0.016015625 0.02109375
11 0.534765625 0.48515625 0.016015625 0.01640625
10 0.4546875 0.50234375 0.016015625 0.01953125
9 0.477734375 0.52890625 0.017578125 0.020703125
7 0.46953125 0.479296875 0.016015625 0.02265625
7 0.41875 0.50078125 0.016015625 0.01953125
7 0.488671875 0.50390625 0.016015625 0.01875
3 0.453515625 0.47890625 0.01484375 0.021875
1 0.43203125 0.527734375 0.019140625 0.021875
1 0.4578125 0.52890625 0.019140625 0.02109375
2 0.41796875 0.527734375 0.005859375 0.021875
2 0.476171875 0.502734375 0.005859375 0.016796875
2 0.4421875 0.501953125 0.005859375 0.017578125
2 0.406640625 0.500390625 0.006640625 0.01953125
11 0.5015625 0.499609375 0.008203125 0.010546875
11 0.51171875 0.50078125 0.01171875 0.008203125
11 0.5015625 0.48125 0.016796875 0.02109375
12 0.461328125 0.504296875 0.269140625 0.09375