3 0.456640625 0.488671875 0.0234375 0.01875
2 0.38046875 0.4671875 0.010546875 0.01640625
2 0.44609375 0.46796875 0.010546875 0.015625
6 0.4640625 0.4671875 0.02109375 0.01640625
6 0.55625 0.468359375 0.019140625 0.01484375
1 0.487109375 0.468359375 0.02109375 0.01640625
1 0.510546875 0.46796875 0.02109375 0.015625
1 0.530859375 0.44921875 0.0234375 0.017578125
4 0.50625 0.448828125 0.02109375 0.01875
9 0.5328125 0.468359375 0.019140625 0.01640625
8 0.546484375 0.4890625 0.025390625 0.01953125
3 0.48203125 0.488671875 0.0234375 0.01875
3 0.51796875 0.488671875 0.0234375 0.01875
11 0.41953125 0.4484375 0.02109375 0.017578125
11 0.440625 0.4484375 0.02109375 0.017578125
11 0.462890625 0.45078125 0.0234375 0.01484375
11 0.571875 0.449609375 0.02109375 0.01875
11 0.594140625 0.451171875 0.019140625 0.013671875
11 0.614453125 0.4515625 0.02109375 0.01484375
11 0.573046875 0.46484375 0.010546875 0.0078125
11 0.587890625 0.465234375 0.019140625 0.00703125
12 0.5203125 0.4703125 0.362109375 0.0734375