6 0.548828125 0.462890625 0.02109375 0.01875
11 0.46484375 0.419921875 0.019921875 0.01953125
11 0.483984375 0.419921875 0.01796875 0.01796875
11 0.50234375 0.422265625 0.01875 0.013671875
11 0.597265625 0.4203125 0.019921875 0.01875
11 0.61640625 0.42265625 0.01796875 0.013671875
11 0.633984375 0.423046875 0.019921875 0.014453125
11 0.44921875 0.43984375 0.033203125 0.01953125
11 0.597265625 0.43671875 0.008984375 0.008203125
11 0.609375 0.437890625 0.015625 0.00625
11 0.474609375 0.46484375 0.014453125 0.01328125
4 0.423828125 0.43984375 0.01796875 0.015625
4 0.5421875 0.440234375 0.01875 0.01640625
4 0.562109375 0.440234375 0.01875 0.01640625
2 0.487890625 0.440234375 0.0078125 0.01484375
2 0.508203125 0.440625 0.008984375 0.014453125
2 0.558984375 0.4203125 0.012109375 0.01875
2 0.50234375 0.4625 0.0078125 0.016796875
2 0.441796875 0.46484375 0.006640625 0.01171875
3 0.540234375 0.419921875 0.01875 0.01796875
3 0.453125 0.46484375 0.014453125 0.01328125
11 0.533203125 0.462890625 0.0078125 0.0125
1 0.51796875 0.4625 0.02109375 0.01796875
1 0.572265625 0.4625 0.02109375 0.01796875
6 0.521875 0.440234375 0.01796875 0.01640625
6 0.582421875 0.440234375 0.01875 0.01640625
12 0.548828125 0.441015625 0.308203125 0.075