11 0.4921875 0.22734375 0.010546875 0.013671875
11 0.5046875 0.228515625 0.01171875 0.009765625
11 0.483203125 0.24375 0.010546875 0.01484375
11 0.494140625 0.24296875 0.01171875 0.015625
11 0.5046875 0.24375 0.006640625 0.01484375
11 0.51640625 0.242578125 0.01171875 0.01484375
11 0.451171875 0.26875 0.014453125 0.013671875
11 0.51484375 0.266015625 0.014453125 0.0125
1 0.43828125 0.23671875 0.022265625 0.02421875
1 0.459765625 0.236328125 0.020703125 0.0234375
0 0.450390625 0.24921875 0.0078125 0.005859375
12 0.443359375 0.25078125 0.21484375 0.083984375