4 0.5546875 0.4203125 0.019140625 0.01640625
1 0.544140625 0.44921875 0.02265625 0.01953125
1 0.53046875 0.42109375 0.019140625 0.017578125
8 0.50859375 0.42109375 0.020703125 0.017578125
8 0.49375 0.45 0.02265625 0.017578125
2 0.450390625 0.451171875 0.00859375 0.017578125
2 0.475 0.451171875 0.00859375 0.017578125
5 0.5703125 0.4484375 0.02265625 0.017578125
12 0.504296875 0.437890625 0.171875 0.059375
11 0.543359375 0.428125 0.00703125 0.0046875
11 0.4765625 0.435546875 0.012109375 0.009765625
11 0.489453125 0.43671875 0.0140625 0.0078125
4 0.519921875 0.449609375 0.02265625 0.01875