11 0.576171875 0.50390625 0.01171875 0.017578125
11 0.59296875 0.505859375 0.01953125 0.013671875
7 0.5234375 0.475 0.03125 0.0359375
4 0.342578125 0.512109375 0.0234375 0.03046875
3 0.419921875 0.512109375 0.02734375 0.03203125
3 0.501171875 0.51171875 0.026171875 0.03125
3 0.528515625 0.5109375 0.026171875 0.03125
5 0.44921875 0.51171875 0.028515625 0.029296875
5 0.51171875 0.55234375 0.033984375 0.034375
5 0.544140625 0.5515625 0.03125 0.033203125
2 0.481640625 0.51171875 0.015625 0.029296875
2 0.448046875 0.5515625 0.015625 0.033203125
10 0.556640625 0.511328125 0.02734375 0.03203125
8 0.471875 0.55078125 0.030078125 0.03515625
12 0.5109375 0.515234375 0.415234375 0.1359375
11 0.395703125 0.47578125 0.028515625 0.03515625
11 0.42265625 0.480078125 0.024609375 0.0265625
11 0.44921875 0.480078125 0.028515625 0.0265625
11 0.5734375 0.475 0.02734375 0.0359375
11 0.60078125 0.478515625 0.024609375 0.02734375
11 0.626171875 0.47890625 0.026171875 0.0265625