11 0.567578125 0.1890625 0.066015625 0.03203125
1 0.466015625 0.258203125 0.112890625 0.0734375
1 0.518359375 0.211328125 0.11640625 0.07109375
1 0.140625 0.262109375 0.28125 0.25859375
0 0.526953125 0.25078125 0.015625 0.01171875
11 0.377734375 0.133203125 0.0921875 0.04375
11 0.6 0.163671875 0.057421875 0.03828125
11 0.285546875 0.228515625 0.098828125 0.048828125
11 0.325390625 0.18984375 0.105859375 0.0578125
11 0.35234375 0.15390625 0.073046875 0.05546875
11 0.14140625 0.591796875 0.0609375 0.033203125
11 0.1796875 0.56953125 0.067578125 0.03515625
11 0.19453125 0.55 0.05546875 0.029296875
11 0.216015625 0.5328125 0.0609375 0.034375
12 0.401171875 0.423828125 0.801953125 0.701171875
2 0.24140625 0.508203125 0.051953125 0.028125