4 0.47265625 0.312109375 0.022265625 0.01875
3 0.444140625 0.31171875 0.022265625 0.017578125
10 0.454296875 0.335546875 0.0265625 0.02265625
9 0.36171875 0.31015625 0.02421875 0.01875
1 0.421875 0.33515625 0.022265625 0.0234375
4 0.3890625 0.310546875 0.022265625 0.017578125
7 0.416796875 0.310546875 0.0203125 0.017578125
3 0.359765625 0.334375 0.02421875 0.02265625
3 0.334375 0.31015625 0.022265625 0.01875
3 0.39140625 0.334375 0.0265625 0.02265625
12 0.407421875 0.306640625 0.355859375 0.091796875