1 0.30390625 0.58671875 0.016796875 0.01171875
6 0.33515625 0.566015625 0.016796875 0.01484375
1 0.294140625 0.62890625 0.018359375 0.01171875
1 0.342578125 0.55703125 0.018359375 0.0109375
7 0.3703125 0.623046875 0.032421875 0.0234375
12 0.38203125 0.615234375 0.186328125 0.146484375
7 0.380078125 0.548828125 0.018359375 0.01171875
6 0.391796875 0.6 0.0390625 0.0265625
5 0.298828125 0.594140625 0.014453125 0.0109375
5 0.41875 0.58046875 0.03515625 0.02421875
8 0.42890625 0.55546875 0.030078125 0.01953125
1 0.33203125 0.669921875 0.036328125 0.025390625
1 0.3515625 0.648046875 0.036328125 0.02421875