11 0.528515625 0.503125 0.012890625 0.015625
3 0.45390625 0.501953125 0.016796875 0.01953125
1 0.361328125 0.523046875 0.014453125 0.01875
10 0.46875 0.500390625 0.015625 0.01875
9 0.423828125 0.521875 0.014453125 0.01640625
6 0.462890625 0.54453125 0.016796875 0.01875
11 0.508984375 0.51796875 0.010546875 0.00703125
11 0.408984375 0.504296875 0.015625 0.01484375
11 0.423828125 0.503515625 0.016796875 0.01484375
11 0.5125 0.503125 0.014453125 0.015625
11 0.392578125 0.501953125 0.014453125 0.01953125
2 0.4609375 0.521484375 0.005078125 0.015625
2 0.412890625 0.52265625 0.005078125 0.015625
5 0.48125 0.544921875 0.016796875 0.017578125
11 0.50078125 0.517578125 0.006640625 0.009765625
6 0.438671875 0.544921875 0.018359375 0.01953125
12 0.4578125 0.52421875 0.24609375 0.078125
6 0.471875 0.521875 0.014453125 0.01640625
8 0.4890625 0.521484375 0.014453125 0.015625
11 0.498046875 0.50078125 0.014453125 0.01953125
4 0.440234375 0.521875 0.015625 0.01640625