2 0.444140625 0.51328125 0.006640625 0.01875
11 0.505078125 0.492578125 0.01015625 0.00859375
11 0.4953125 0.491796875 0.007421875 0.00859375
11 0.4578125 0.491796875 0.007421875 0.00859375
11 0.450390625 0.4921875 0.005859375 0.009375
11 0.443359375 0.4921875 0.008203125 0.009375
11 0.435546875 0.4921875 0.007421875 0.008203125
11 0.42734375 0.4921875 0.006640625 0.009375
11 0.46640625 0.51328125 0.005859375 0.015625
1 0.476953125 0.512890625 0.0140625 0.01953125
10 0.45546875 0.51328125 0.0140625 0.01875
12 0.4671875 0.50078125 0.17734375 0.073828125
3 0.50625 0.478125 0.0140625 0.01640625
3 0.490234375 0.477734375 0.0125 0.016796875
3 0.430078125 0.478125 0.01484375 0.01484375
4 0.44609375 0.477734375 0.0125 0.016796875
5 0.475390625 0.47734375 0.0140625 0.01484375
7 0.492578125 0.512890625 0.016796875 0.01796875
7 0.46015625 0.477734375 0.01328125 0.01796875