11 0.561328125 0.503515625 0.018359375 0.02265625
11 0.47265625 0.5046875 0.018359375 0.017578125
11 0.455078125 0.5015625 0.016796875 0.02421875
11 0.43671875 0.501953125 0.016796875 0.0234375
11 0.580078125 0.50703125 0.016796875 0.015625
11 0.596875 0.50625 0.016796875 0.01640625
11 0.56328125 0.523828125 0.008984375 0.0109375
11 0.575 0.5265625 0.014453125 0.0078125
2 0.50859375 0.503125 0.01171875 0.0234375
2 0.477734375 0.528125 0.0078125 0.01953125
2 0.459765625 0.528125 0.0078125 0.01953125
2 0.473828125 0.556640625 0.0078125 0.021484375
12 0.51875 0.531640625 0.29296875 0.0984375
6 0.5265625 0.503515625 0.01953125 0.02265625
1 0.516796875 0.556640625 0.020703125 0.0234375
1 0.48828125 0.55625 0.020703125 0.02265625
5 0.5390625 0.5578125 0.020703125 0.0234375
7 0.530078125 0.52890625 0.018359375 0.0203125
7 0.510546875 0.52890625 0.018359375 0.0203125
7 0.491015625 0.527734375 0.018359375 0.0203125
6 0.548828125 0.52890625 0.01953125 0.0203125