2 0.564453125 0.5265625 0.009765625 0.05078125
1 0.66875 0.455078125 0.025390625 0.048046875
1 0.584375 0.526171875 0.028125 0.0546875
1 0.62421875 0.524609375 0.029296875 0.0546875
10 0.58984375 0.45703125 0.0234375 0.049609375
10 0.654296875 0.525390625 0.02734375 0.053515625
12 0.630859375 0.4640625 0.396484375 0.225390625
6 0.56328125 0.45625 0.0234375 0.048046875
7 0.6421875 0.455859375 0.02421875 0.049609375
5 0.61640625 0.45625 0.0234375 0.04296875
2 0.544921875 0.458203125 0.009765625 0.044140625
6 0.6390625 0.39375 0.0265625 0.055859375
3 0.61328125 0.39375 0.025390625 0.055859375
11 0.7046875 0.44609375 0.01875 0.01953125
11 0.6890625 0.443359375 0.0125 0.024609375
11 0.73828125 0.399609375 0.025390625 0.041796875
11 0.71328125 0.400390625 0.02421875 0.040234375
11 0.68828125 0.392578125 0.025390625 0.055859375
11 0.5640625 0.39765625 0.02421875 0.048046875
11 0.5140625 0.395703125 0.02421875 0.057421875
11 0.5390625 0.40234375 0.0234375 0.041796875