11 0.21796875 0.478125 0.0296875 0.0265625
5 0.473046875 0.434375 0.050390625 0.0390625
4 0.425390625 0.435546875 0.041796875 0.046875
6 0.53046875 0.43203125 0.057421875 0.04609375
0 0.502734375 0.448828125 0.012109375 0.01640625
1 0.158984375 0.5359375 0.05390625 0.05078125
11 0.490625 0.473046875 0.0296875 0.028125
11 0.526953125 0.474609375 0.043359375 0.01953125
7 0.49375 0.527734375 0.0609375 0.0515625
2 0.377734375 0.531640625 0.036328125 0.0515625
3 0.308203125 0.533203125 0.0640625 0.056640625
2 0.453125 0.5296875 0.02421875 0.05390625
2 0.385546875 0.43671875 0.03125 0.044921875
11 0.1953125 0.47890625 0.015625 0.0265625
11 0.171875 0.478515625 0.02421875 0.025390625
12 0.393359375 0.49609375 0.637109375 0.22265625
11 0.143359375 0.48046875 0.0296875 0.025390625