11 0.3078125 0.13359375 0.01171875 0.0375
11 0.330859375 0.11953125 0.01171875 0.0359375
11 0.323046875 0.061328125 0.01875 0.059765625
8 0.42578125 0.133203125 0.030078125 0.110546875
8 0.36171875 0.17578125 0.026953125 0.108984375
7 0.391796875 0.163671875 0.02890625 0.126953125
10 0.457421875 0.12109375 0.02890625 0.125390625
2 0.495703125 0.091796875 0.017578125 0.108984375
11 0.29609375 0.140625 0.010546875 0.038671875
11 0.34140625 0.11640625 0.010546875 0.038671875
11 0.51796875 0.11953125 0.01015625 0.0359375
11 0.53125 0.111328125 0.017578125 0.03125
12 0.4265625 0.15859375 0.32421875 0.316796875
11 0.320703125 0.126953125 0.01015625 0.041796875