1 0.239453125 0.566015625 0.041796875 0.028125
9 0.380078125 0.531640625 0.0453125 0.028125
5 0.3359375 0.53984375 0.03984375 0.02734375
5 0.2890625 0.5515625 0.036328125 0.02734375
4 0.4828125 0.51796875 0.03828125 0.02421875
8 0.50078125 0.500390625 0.019140625 0.01484375
3 0.432421875 0.523046875 0.0484375 0.03046875
4 0.2125 0.51796875 0.02265625 0.01640625
12 0.346484375 0.5453125 0.324609375 0.10078125
1 0.198828125 0.547265625 0.02265625 0.01484375
1 0.228125 0.51484375 0.02265625 0.015625