12 0.459375 0.4921875 0.3734375 0.126953125
11 0.4671875 0.513671875 0.0140625 0.0234375
11 0.3203125 0.4859375 0.015625 0.01640625
11 0.338671875 0.48515625 0.0171875 0.015625
5 0.544140625 0.45625 0.0328125 0.0234375
6 0.511328125 0.457421875 0.0296875 0.0265625
10 0.480859375 0.45859375 0.03125 0.0265625
10 0.52265625 0.51171875 0.034765625 0.029296875
2 0.4546875 0.516015625 0.0140625 0.03046875
3 0.488671875 0.51328125 0.0296875 0.03046875
3 0.4125 0.515234375 0.0328125 0.03203125
1 0.32890625 0.517578125 0.0328125 0.02734375
11 0.543359375 0.480078125 0.02421875 0.0125
11 0.521875 0.480078125 0.015625 0.01484375
11 0.365625 0.484765625 0.015625 0.01640625
11 0.35234375 0.4859375 0.00703125 0.01640625
0 0.53046875 0.466796875 0.012109375 0.0078125