4 0.652734375 0.552734375 0.02265625 0.04296875
11 0.69921875 0.587890625 0.013671875 0.016796875
11 0.687890625 0.5859375 0.00859375 0.018359375
11 0.722265625 0.556640625 0.01875 0.032421875
11 0.703515625 0.556640625 0.01640625 0.032421875
11 0.6859375 0.552734375 0.01875 0.040234375
11 0.6046875 0.556640625 0.017578125 0.037890625
11 0.58671875 0.559375 0.017578125 0.030078125
11 0.568359375 0.55546875 0.01953125 0.04296875
6 0.675390625 0.594921875 0.01875 0.0390625
7 0.603515625 0.596484375 0.017578125 0.036328125
2 0.651953125 0.641796875 0.00859375 0.0390625
2 0.662109375 0.594921875 0.0078125 0.036328125
2 0.644921875 0.596484375 0.00859375 0.036328125
2 0.590234375 0.596875 0.00859375 0.03515625
1 0.61953125 0.64453125 0.0203125 0.041796875
1 0.621484375 0.596484375 0.01875 0.036328125
1 0.53359375 0.59765625 0.01875 0.036328125
11 0.6328125 0.64375 0.0078125 0.030078125
3 0.598046875 0.64375 0.02265625 0.04296875
12 0.648046875 0.598828125 0.27421875 0.1640625
7 0.66640625 0.643359375 0.0203125 0.041796875