7 0.477734375 0.30078125 0.02421875 0.015625
9 0.373828125 0.301171875 0.02421875 0.01640625
9 0.424609375 0.300390625 0.02421875 0.01640625
3 0.346484375 0.300390625 0.0265625 0.01640625
3 0.373046875 0.3234375 0.0265625 0.021484375
3 0.40234375 0.32265625 0.028515625 0.02265625
2 0.40546875 0.301171875 0.0140625 0.01484375
2 0.4390625 0.32265625 0.01640625 0.0203125
4 0.45234375 0.300390625 0.022265625 0.01640625
10 0.460546875 0.3234375 0.0265625 0.021484375
12 0.415625 0.296875 0.34765625 0.087890625