12 0.660546875 0.493359375 0.44609375 0.255078125
11 0.63515625 0.565234375 0.0125 0.046875
11 0.590234375 0.41875 0.0203125 0.06640625
11 0.726953125 0.47265625 0.0125 0.028515625
11 0.74453125 0.47578125 0.01875 0.024609375
7 0.69140625 0.564453125 0.03125 0.06640625
1 0.6125 0.564453125 0.029296875 0.061328125
1 0.4765625 0.490234375 0.02734375 0.05859375
2 0.6734375 0.416796875 0.02265625 0.0703125
2 0.566796875 0.4875 0.01484375 0.053515625
3 0.70625 0.486328125 0.025390625 0.05859375
3 0.5796875 0.565625 0.03046875 0.06640625
9 0.676171875 0.487109375 0.02421875 0.057421875
10 0.61875 0.487109375 0.0265625 0.0546875
10 0.648046875 0.4890625 0.0265625 0.05859375
6 0.590234375 0.4875 0.0265625 0.05859375
4 0.65859375 0.56328125 0.0265625 0.063671875
11 0.56484375 0.4265625 0.0265625 0.045703125
11 0.783203125 0.424609375 0.025390625 0.051953125
11 0.7546875 0.423828125 0.02734375 0.045703125
11 0.726953125 0.416796875 0.028125 0.0625
11 0.534765625 0.419921875 0.0265625 0.063671875