12 0.57578125 0.443359375 0.434765625 0.19921875
5 0.48515625 0.476953125 0.066015625 0.03984375
5 0.41484375 0.380859375 0.0296875 0.0234375
1 0.4375 0.371875 0.033203125 0.01953125
6 0.712109375 0.37421875 0.078125 0.04296875
6 0.512109375 0.348046875 0.033203125 0.02265625
6 0.6453125 0.396484375 0.0765625 0.04296875
6 0.528515625 0.44609375 0.08359375 0.04296875
1 0.38359375 0.4296875 0.036328125 0.017578125
1 0.364453125 0.48203125 0.026171875 0.01875
1 0.427734375 0.507421875 0.06953125 0.0359375
10 0.595703125 0.426171875 0.074609375 0.03828125
4 0.364453125 0.43984375 0.033203125 0.0203125