12 0.48125 0.19609375 0.233203125 0.073046875
11 0.57265625 0.216796875 0.0234375 0.017578125
11 0.562109375 0.18359375 0.019921875 0.010546875
1 0.437109375 0.18984375 0.0234375 0.02265625
8 0.48515625 0.1890625 0.02109375 0.02421875
4 0.5078125 0.188671875 0.022265625 0.023828125
3 0.460546875 0.189453125 0.02109375 0.025
3 0.41484375 0.1890625 0.02109375 0.02421875
2 0.398828125 0.18984375 0.0109375 0.025
11 0.54609375 0.18203125 0.012109375 0.013671875
11 0.495703125 0.216796875 0.01796875 0.01484375