7 0.725 0.774609375 0.01640625 0.033984375
11 0.69765625 0.78046875 0.0046875 0.022265625
12 0.70703125 0.74140625 0.232421875 0.173046875
11 0.65234375 0.7109375 0.013671875 0.028515625
11 0.66640625 0.713671875 0.01484375 0.0234375
11 0.7328125 0.696484375 0.01640625 0.033984375
11 0.74765625 0.69921875 0.0125 0.0234375
11 0.76015625 0.696484375 0.0125 0.0234375
11 0.737890625 0.725390625 0.00703125 0.012890625
11 0.74609375 0.724609375 0.009765625 0.01171875
3 0.6921875 0.704296875 0.015625 0.033984375
3 0.6703125 0.78515625 0.01484375 0.033984375
10 0.683984375 0.741015625 0.01484375 0.028515625
7 0.698828125 0.7375 0.01484375 0.02734375
1 0.687109375 0.78125 0.01640625 0.033984375
5 0.708984375 0.776171875 0.017578125 0.028515625
5 0.728125 0.732421875 0.01484375 0.024609375
11 0.6375 0.713671875 0.013671875 0.03125
4 0.7140625 0.735546875 0.013671875 0.028515625
4 0.70625 0.701171875 0.015625 0.032421875
2 0.659765625 0.74609375 0.00703125 0.026171875
1 0.61328125 0.7546875 0.013671875 0.02734375
9 0.66953125 0.743359375 0.01484375 0.026171875