6 0.603125 0.696875 0.0125 0.0328125
10 0.619140625 0.658984375 0.009765625 0.0296875
10 0.554296875 0.703125 0.00859375 0.02421875
10 0.5875 0.69609375 0.0125 0.034765625
7 0.608984375 0.659765625 0.00859375 0.027734375
7 0.60703125 0.62578125 0.0109375 0.0328125
2 0.596875 0.6265625 0.0078125 0.034765625
2 0.619140625 0.696875 0.005859375 0.0328125
9 0.58828125 0.658984375 0.0109375 0.0296875
12 0.60546875 0.661328125 0.162109375 0.125
11 0.63359375 0.653515625 0.0078125 0.012109375
11 0.626953125 0.652734375 0.005859375 0.0171875
11 0.63515625 0.627734375 0.00859375 0.026171875
11 0.625390625 0.625 0.0109375 0.03125
11 0.644921875 0.628515625 0.0109375 0.02421875
11 0.578125 0.627734375 0.01171875 0.0328125
11 0.56796875 0.63125 0.00859375 0.026171875
11 0.55859375 0.627734375 0.009765625 0.0328125
11 0.565625 0.70234375 0.0078125 0.026171875
1 0.53828125 0.661328125 0.009765625 0.03125
8 0.5984375 0.658984375 0.009765625 0.0296875
3 0.578125 0.660546875 0.009765625 0.0296875