12 0.49296875 0.515234375 0.170703125 0.07109375
11 0.486328125 0.509375 0.008984375 0.00859375
11 0.45703125 0.509375 0.0078125 0.00859375
11 0.46484375 0.509375 0.0078125 0.00859375
11 0.4734375 0.50859375 0.006640625 0.0078125
11 0.479296875 0.509375 0.005078125 0.00859375
11 0.5203125 0.5109375 0.006640625 0.009765625
11 0.530078125 0.5109375 0.010546875 0.0078125
2 0.46484375 0.495703125 0.005078125 0.01484375
7 0.475390625 0.49609375 0.012890625 0.015625
8 0.489453125 0.495703125 0.012890625 0.01640625
3 0.503125 0.49609375 0.014453125 0.015625
3 0.467578125 0.52890625 0.015625 0.01875
1 0.482421875 0.52890625 0.014453125 0.01875
1 0.501171875 0.52890625 0.015625 0.01875
9 0.516796875 0.496484375 0.012890625 0.01484375
10 0.53203125 0.496484375 0.014453125 0.01484375
4 0.518359375 0.5296875 0.015625 0.01875