6 0.404296875 0.231640625 0.019921875 0.01796875
12 0.396484375 0.227734375 0.3140625 0.101953125
3 0.32890625 0.23203125 0.02109375 0.01875
3 0.354296875 0.257421875 0.022265625 0.023828125
3 0.38203125 0.2578125 0.022265625 0.023046875
3 0.410546875 0.257421875 0.0234375 0.023828125
9 0.353515625 0.23203125 0.02109375 0.017578125
5 0.3796875 0.23203125 0.019921875 0.01640625
10 0.454296875 0.231640625 0.019921875 0.016796875
1 0.429296875 0.23203125 0.02109375 0.017578125
2 0.44609375 0.258203125 0.01015625 0.02109375