0 0.4609375 0.55 0.010546875 0.0078125
2 0.525390625 0.562890625 0.006640625 0.0125
2 0.505859375 0.58203125 0.006640625 0.01953125
2 0.473828125 0.58046875 0.005078125 0.01640625
7 0.515625 0.58125 0.012890625 0.015625
7 0.4421875 0.582421875 0.008984375 0.01484375
3 0.46015625 0.56171875 0.01171875 0.013671875
3 0.485546875 0.562109375 0.010546875 0.01484375
4 0.4734375 0.56171875 0.01171875 0.013671875
4 0.497265625 0.562109375 0.010546875 0.01484375
11 0.455859375 0.582421875 0.0078125 0.0125
11 0.426953125 0.544921875 0.012890625 0.015625
11 0.450390625 0.54609375 0.012890625 0.01171875
11 0.563671875 0.546484375 0.010546875 0.01640625
11 0.575 0.5484375 0.01171875 0.0125
12 0.501953125 0.569921875 0.19140625 0.08125
1 0.48359375 0.58046875 0.014453125 0.01640625
1 0.53046875 0.54609375 0.01171875 0.015625
1 0.552734375 0.546484375 0.01171875 0.01640625
1 0.510546875 0.56171875 0.012890625 0.015625
0 0.53984375 0.5515625 0.006640625 0.009765625