5 0.6375 0.619921875 0.015625 0.028515625
12 0.6359375 0.587109375 0.197265625 0.125
1 0.616796875 0.6203125 0.01484375 0.032421875
2 0.64140625 0.552734375 0.01171875 0.030078125
2 0.62890625 0.552734375 0.01171875 0.032421875
11 0.675390625 0.578125 0.00859375 0.010546875
11 0.6265625 0.619921875 0.0046875 0.0234375
10 0.60546875 0.584765625 0.01171875 0.028515625
10 0.65703125 0.583203125 0.013671875 0.028515625
4 0.64453125 0.583984375 0.01171875 0.02734375
9 0.63125 0.583984375 0.0125 0.02734375
11 0.5796875 0.5546875 0.0125 0.03125
11 0.59296875 0.556640625 0.01171875 0.024609375
11 0.605078125 0.556640625 0.0125 0.022265625
11 0.66484375 0.55 0.013671875 0.032421875
11 0.678125 0.55390625 0.0109375 0.024609375
11 0.691015625 0.5546875 0.0125 0.0234375
3 0.6015625 0.6203125 0.013671875 0.032421875
2 0.65625 0.618359375 0.009765625 0.03125
2 0.5953125 0.58515625 0.00703125 0.024609375
1 0.55390625 0.5859375 0.013671875 0.028515625
11 0.667578125 0.576953125 0.00703125 0.015625
1 0.617578125 0.584765625 0.0125 0.026171875