1 0.61484375 0.461328125 0.021875 0.01640625
7 0.608984375 0.44140625 0.0296875 0.021484375
2 0.50390625 0.4421875 0.009765625 0.017578125
2 0.521875 0.461328125 0.009765625 0.01484375
2 0.596875 0.461328125 0.009765625 0.01484375
8 0.542578125 0.46171875 0.016015625 0.015625
4 0.53359375 0.44140625 0.02578125 0.021484375
3 0.490234375 0.46171875 0.01796875 0.015625
3 0.565234375 0.46171875 0.021875 0.015625
9 0.572265625 0.44140625 0.027734375 0.021484375
12 0.554296875 0.448828125 0.186328125 0.04765625