7 0.46875 0.54140625 0.019140625 0.02578125
4 0.45 0.54140625 0.018359375 0.02578125
11 0.434765625 0.540625 0.007421875 0.0125
4 0.395703125 0.516796875 0.01484375 0.02109375
3 0.487109375 0.51484375 0.016015625 0.019921875
6 0.450390625 0.515625 0.0140625 0.019921875
6 0.43203125 0.51640625 0.016015625 0.02109375
2 0.41796875 0.516796875 0.007421875 0.01875
2 0.403515625 0.54296875 0.008203125 0.023046875
12 0.439453125 0.53125 0.141015625 0.06640625
5 0.469140625 0.515234375 0.01484375 0.01796875
7 0.418359375 0.542578125 0.018359375 0.026171875