12 0.49921875 0.577734375 0.72109375 0.22421875
2 0.52265625 0.6453125 0.019140625 0.054296875
11 0.330859375 0.65859375 0.03515625 0.042578125
11 0.301953125 0.516796875 0.044140625 0.055078125
6 0.52578125 0.512109375 0.04609375 0.058203125
11 0.39140625 0.522265625 0.041015625 0.04296875
11 0.701171875 0.51796875 0.034375 0.04140625
11 0.618359375 0.562890625 0.021875 0.026953125
11 0.3453125 0.523828125 0.04609375 0.04375
4 0.20625 0.579296875 0.03828125 0.048828125
3 0.48046875 0.514453125 0.040234375 0.05625
2 0.357421875 0.578515625 0.016796875 0.04921875
11 0.655078125 0.51796875 0.040234375 0.04375
11 0.644140625 0.565625 0.03359375 0.02109375
11 0.612109375 0.51171875 0.042578125 0.05625
2 0.405859375 0.576953125 0.01328125 0.044921875
2 0.251953125 0.65859375 0.0140625 0.038671875
2 0.395703125 0.648828125 0.019140625 0.055078125
10 0.53359375 0.57578125 0.041015625 0.048046875
10 0.432421875 0.646484375 0.04921875 0.059375
9 0.439453125 0.576953125 0.043359375 0.051171875
7 0.55703125 0.64609375 0.046875 0.05859375
7 0.4875 0.576953125 0.04609375 0.051171875
4 0.580078125 0.575 0.039453125 0.05390625
6 0.27734375 0.65859375 0.03671875 0.04296875