1 0.268359375 0.388671875 0.0609375 0.0390625
4 0.260546875 0.316015625 0.020703125 0.02265625
3 0.209375 0.35859375 0.026171875 0.025390625
3 0.3359375 0.382421875 0.0640625 0.0421875
5 0.40546875 0.36875 0.0609375 0.03984375
4 0.6015625 0.336328125 0.057421875 0.0359375
1 0.2875 0.314453125 0.026171875 0.0234375
7 0.473046875 0.361328125 0.0609375 0.04296875
6 0.5390625 0.351171875 0.057421875 0.0421875
8 0.65546875 0.3265625 0.02265625 0.0203125
1 0.23359375 0.355078125 0.0296875 0.0203125
12 0.433984375 0.362890625 0.465234375 0.1140625