1 0.28203125 0.50859375 0.03984375 0.0234375
1 0.276953125 0.43046875 0.019140625 0.01171875
1 0.2484375 0.4671875 0.020703125 0.0109375
1 0.45234375 0.429296875 0.03984375 0.02421875
2 0.316015625 0.49375 0.034765625 0.0203125
7 0.380078125 0.458984375 0.041796875 0.0234375
3 0.35 0.476953125 0.043359375 0.02421875
8 0.4609375 0.412109375 0.015625 0.01171875
5 0.2671875 0.437109375 0.0171875 0.0125
6 0.321875 0.415625 0.019140625 0.0125
7 0.417578125 0.44375 0.03984375 0.02265625
12 0.362109375 0.47109375 0.237890625 0.121875