11 0.016796875 0.644921875 0.033203125 0.017578125
11 0.63359375 0.56328125 0.033984375 0.025
11 0.6125 0.576171875 0.025 0.02265625
11 0.541796875 0.51953125 0.043359375 0.032421875
11 0.4640625 0.56484375 0.044921875 0.030078125
11 0.495703125 0.548828125 0.0515625 0.038671875
11 0.51875 0.526953125 0.02265625 0.0375
11 0.262890625 0.79140625 0.033984375 0.023828125
11 0.290234375 0.7765625 0.0375 0.02578125
11 0.307421875 0.76796875 0.019921875 0.023828125
11 0.322265625 0.76015625 0.029296875 0.026953125
11 0.25234375 0.461328125 0.03828125 0.02734375
11 0.235546875 0.476953125 0.041015625 0.023828125
11 0.083203125 0.602734375 0.03515625 0.020703125
11 0.058984375 0.618359375 0.03828125 0.021875
11 0.03359375 0.593359375 0.032421875 0.021875
11 0.015234375 0.60859375 0.03046875 0.0234375
11 0.039453125 0.63515625 0.032421875 0.023046875
3 0.122265625 0.5640625 0.067578125 0.05703125
3 0.17265625 0.530859375 0.066796875 0.058203125
12 0.394921875 0.67890625 0.78828125 0.511328125
8 0.20859375 0.50078125 0.070703125 0.046875
8 0.578515625 0.575 0.0515625 0.036328125
6 0.503515625 0.630078125 0.053515625 0.05390625
6 0.54140625 0.60546875 0.05078125 0.05078125
0 0.571484375 0.6078125 0.019921875 0.016796875
2 0.344921875 0.746484375 0.028515625 0.03203125
1 0.35078125 0.573828125 0.18984375 0.17734375