11 0.57734375 0.429296875 0.055859375 0.04765625
11 0.616015625 0.40703125 0.015625 0.05078125
11 0.645703125 0.39921875 0.041796875 0.044921875
1 0.37109375 0.418359375 0.229296875 0.23359375
5 0.079296875 0.336328125 0.075390625 0.0671875
2 0.177734375 0.30546875 0.03515625 0.064453125
2 0.282421875 0.640234375 0.020703125 0.028125
6 0.221484375 0.2875 0.0703125 0.08515625
11 0.270703125 0.25078125 0.03125 0.041015625
11 0.306640625 0.2328125 0.05078125 0.04609375
11 0.16328125 0.67890625 0.030078125 0.02734375
11 0.204296875 0.66875 0.0390625 0.03125
11 0.23046875 0.659765625 0.012890625 0.0265625
12 0.46015625 0.479296875 0.9203125 0.71484375
11 0.253125 0.6515625 0.030078125 0.029296875
7 0.541796875 0.53515625 0.059765625 0.064453125
2 0.61640625 0.5078125 0.024609375 0.046875
6 0.657421875 0.494140625 0.0546875 0.06640625
0 0.633984375 0.529296875 0.010546875 0.01171875
11 0.701171875 0.49375 0.024609375 0.03046875
11 0.735546875 0.486328125 0.0390625 0.03125
11 0.525390625 0.440625 0.04296875 0.046875