12 0.547265625 0.54296875 0.66328125 0.2125
2 0.587890625 0.48359375 0.019921875 0.04140625
3 0.57890625 0.580078125 0.051171875 0.048828125
1 0.300390625 0.5828125 0.05234375 0.045703125
11 0.675 0.52265625 0.03671875 0.016796875
11 0.643359375 0.52109375 0.024609375 0.02265625
11 0.510546875 0.52265625 0.030078125 0.02109375
11 0.48515625 0.5234375 0.025390625 0.020703125
11 0.4578125 0.52265625 0.024609375 0.020703125
11 0.430078125 0.52265625 0.02890625 0.01953125
11 0.400390625 0.5234375 0.025390625 0.020703125
10 0.68125 0.48203125 0.048828125 0.04375
10 0.503515625 0.58125 0.0578125 0.05
9 0.520703125 0.483984375 0.04765625 0.04453125
9 0.6265625 0.4828125 0.046484375 0.041796875
9 0.637890625 0.5796875 0.0578125 0.04921875
7 0.465625 0.484765625 0.048828125 0.041796875
2 0.462109375 0.58203125 0.022265625 0.044921875