12 0.426953125 0.6328125 0.64765625 0.216796875
11 0.6015625 0.57890625 0.043359375 0.04296875
7 0.32421875 0.6234375 0.03828125 0.045703125
9 0.408203125 0.62421875 0.03828125 0.048046875
10 0.35859375 0.685546875 0.0390625 0.05234375
10 0.4703125 0.68671875 0.045703125 0.053125
5 0.445703125 0.5703125 0.03828125 0.05078125
4 0.49453125 0.62734375 0.032421875 0.04921875
1 0.449609375 0.62578125 0.0375 0.046875
3 0.4015625 0.569140625 0.03984375 0.051953125
3 0.42109375 0.68671875 0.041015625 0.05390625
2 0.325 0.687890625 0.019921875 0.059375
2 0.37890625 0.62578125 0.017578125 0.048828125
2 0.29375 0.6234375 0.017578125 0.045703125
2 0.169921875 0.624609375 0.019921875 0.05546875
11 0.390234375 0.68515625 0.017578125 0.04453125
11 0.549609375 0.61875 0.030859375 0.02109375
11 0.523046875 0.616796875 0.016015625 0.025
11 0.32578125 0.5703125 0.03828125 0.046875
11 0.2828125 0.57421875 0.0359375 0.041796875
11 0.241015625 0.565625 0.03984375 0.05390625
11 0.5203125 0.5703125 0.0390625 0.04921875
11 0.559765625 0.57578125 0.032421875 0.036328125