12 0.45546875 0.353125 0.32109375 0.0828125
5 0.46640625 0.355859375 0.022265625 0.01640625
2 0.528515625 0.35625 0.012109375 0.017578125
4 0.4734375 0.37890625 0.02421875 0.021484375
3 0.386328125 0.35625 0.02421875 0.017578125
7 0.50390625 0.379296875 0.02421875 0.02265625
8 0.414453125 0.355859375 0.0203125 0.01640625
10 0.441015625 0.355859375 0.02421875 0.01875
10 0.49375 0.35546875 0.02421875 0.017578125
10 0.44296875 0.379296875 0.02421875 0.02265625
11 0.459375 0.37890625 0.008203125 0.009765625