11 0.423828125 0.55078125 0.012109375 0.010546875
1 0.33203125 0.57734375 0.022265625 0.021875
1 0.421484375 0.5765625 0.0234375 0.023046875
1 0.496484375 0.53203125 0.022265625 0.01953125
2 0.46171875 0.576171875 0.012109375 0.02109375
2 0.47890625 0.5328125 0.008984375 0.01796875
3 0.396484375 0.57734375 0.022265625 0.023828125
7 0.404296875 0.533984375 0.019921875 0.01953125
9 0.428515625 0.53359375 0.01875 0.01875
5 0.480078125 0.575390625 0.024609375 0.020703125
4 0.45234375 0.5328125 0.019921875 0.01796875
11 0.376171875 0.55078125 0.012109375 0.01328125
11 0.48125 0.549609375 0.0109375 0.010546875
11 0.49609375 0.549609375 0.016796875 0.009375
11 0.3890625 0.55078125 0.01328125 0.010546875
11 0.4015625 0.55078125 0.012109375 0.01015625
11 0.412890625 0.55078125 0.01015625 0.01015625
12 0.441015625 0.557421875 0.28203125 0.09609375