2 0.391015625 0.62265625 0.0046875 0.03046875
12 0.4375 0.575 0.15625 0.151953125
11 0.39453125 0.53046875 0.009765625 0.04140625
11 0.404296875 0.5359375 0.009765625 0.03046875
11 0.414453125 0.531640625 0.0109375 0.0390625
11 0.4625 0.531640625 0.0109375 0.0390625
11 0.47265625 0.53671875 0.009765625 0.028125
11 0.48203125 0.5359375 0.0109375 0.03046875
11 0.400390625 0.62265625 0.009765625 0.03046875
11 0.46328125 0.5640625 0.0046875 0.021875
11 0.46953125 0.566015625 0.0078125 0.0171875
11 0.43125 0.618359375 0.0046875 0.026171875
9 0.45625 0.57265625 0.009765625 0.034765625
9 0.434375 0.57265625 0.009765625 0.034765625
7 0.425 0.571484375 0.009765625 0.03671875
6 0.443359375 0.531640625 0.009765625 0.0390625
5 0.4453125 0.571484375 0.009765625 0.032421875
3 0.43359375 0.531640625 0.009765625 0.0390625
3 0.414453125 0.571484375 0.0109375 0.03671875
2 0.383203125 0.62265625 0.0046875 0.026171875
2 0.414453125 0.618359375 0.0046875 0.0390625
2 0.426171875 0.618359375 0.0046875 0.0390625
2 0.45390625 0.618359375 0.005859375 0.0390625
1 0.43828125 0.618359375 0.01171875 0.043359375