2 0.43984375 0.969140625 0.0125 0.0328125
12 0.495703125 0.946875 0.2859375 0.10390625
11 0.54921875 0.962109375 0.0125 0.01484375
2 0.484765625 0.93125 0.01484375 0.040625
11 0.41796875 0.93046875 0.017578125 0.039453125
10 0.488671875 0.968359375 0.01640625 0.033984375
8 0.473046875 0.9671875 0.01640625 0.031640625
6 0.525390625 0.9671875 0.017578125 0.0359375
6 0.50703125 0.968359375 0.015625 0.033984375
6 0.5046875 0.930078125 0.01953125 0.03828125
2 0.45703125 0.969140625 0.009765625 0.0328125
11 0.5390625 0.96171875 0.0078125 0.01796875
11 0.572265625 0.93671875 0.015625 0.026953125
11 0.555078125 0.936328125 0.01640625 0.028125
11 0.5375 0.931640625 0.01875 0.03515625
11 0.452734375 0.930078125 0.0125 0.0359375
11 0.4375 0.934375 0.015625 0.029296875