11 0.723828125 0.5625 0.04765625 0.04375
11 0.54375 0.608203125 0.02578125 0.02734375
11 0.571484375 0.611328125 0.033203125 0.02109375
11 0.386328125 0.694140625 0.019140625 0.040625
11 0.238671875 0.702734375 0.0390625 0.045703125
9 0.630859375 0.5546875 0.0484375 0.060546875
0 0.574609375 0.5734375 0.02421875 0.021875
8 0.458984375 0.619140625 0.041796875 0.051953125
8 0.41015625 0.61953125 0.044921875 0.05234375
8 0.36015625 0.61796875 0.043359375 0.05078125
4 0.30703125 0.61953125 0.04921875 0.055078125
4 0.50703125 0.6203125 0.045703125 0.053125
3 0.480078125 0.69453125 0.055078125 0.06015625
3 0.4453125 0.553515625 0.05078125 0.06171875
3 0.255078125 0.61875 0.046484375 0.05390625
2 0.49296875 0.553125 0.030859375 0.061328125
1 0.5390625 0.55390625 0.044921875 0.059375
10 0.348046875 0.69375 0.054296875 0.061328125
1 0.111328125 0.617578125 0.04921875 0.05234375
6 0.423828125 0.69453125 0.05234375 0.060546875
11 0.67421875 0.55390625 0.03828125 0.06328125
5 0.185546875 0.701171875 0.041015625 0.03984375
12 0.4265625 0.624609375 0.7515625 0.246875
11 0.121484375 0.55078125 0.05 0.060546875