3 0.288671875 0.31796875 0.026171875 0.016796875
2 0.35546875 0.3421875 0.008984375 0.01953125
2 0.417578125 0.341796875 0.010546875 0.02109375
10 0.371875 0.31796875 0.0234375 0.01640625
4 0.400390625 0.31796875 0.020703125 0.016796875
11 0.3640625 0.34140625 0.0078125 0.01015625
1 0.3796875 0.341796875 0.026171875 0.02265625
1 0.42734375 0.317578125 0.024609375 0.017578125
9 0.34453125 0.31796875 0.0234375 0.016796875
8 0.319140625 0.317578125 0.01953125 0.01640625
3 0.316796875 0.3421875 0.02734375 0.021875
12 0.358984375 0.31328125 0.335546875 0.088671875