12 0.476953125 0.81953125 0.36796875 0.3578125
7 0.531640625 0.94453125 0.034375 0.09375
11 0.59375 0.8984375 0.01171875 0.0328125
3 0.56171875 0.823046875 0.029296875 0.090234375
11 0.61015625 0.895703125 0.017578125 0.027734375
4 0.526953125 0.8296875 0.03203125 0.090234375
9 0.49453125 0.9515625 0.034375 0.09375
2 0.46328125 0.841015625 0.0125 0.088671875
2 0.39296875 0.965234375 0.0125 0.066015625
9 0.490234375 0.83515625 0.03125 0.10078125
1 0.41953125 0.958203125 0.034375 0.0796875
5 0.457421875 0.957421875 0.034375 0.081640625
4 0.568359375 0.93671875 0.03125 0.0953125