11 0.487890625 0.503125 0.00703125 0.0078125
11 0.480078125 0.503125 0.00859375 0.0078125
11 0.464453125 0.503125 0.00859375 0.0078125
11 0.455859375 0.50234375 0.00859375 0.00859375
9 0.5375 0.4921875 0.015625 0.013671875
5 0.520703125 0.492578125 0.0140625 0.0125
3 0.50625 0.51953125 0.019140625 0.015625
2 0.488671875 0.519140625 0.012109375 0.01484375
2 0.473046875 0.519140625 0.012109375 0.01484375
2 0.526171875 0.519921875 0.0140625 0.01484375
2 0.50859375 0.492578125 0.010546875 0.0125
7 0.490625 0.49140625 0.015625 0.013671875
7 0.475 0.49140625 0.015625 0.013671875
11 0.525 0.503515625 0.00859375 0.00703125
11 0.535546875 0.504296875 0.012109375 0.00703125
11 0.472265625 0.503125 0.00703125 0.0078125
12 0.4984375 0.50703125 0.191015625 0.064453125