11 0.073828125 0.375390625 0.0609375 0.0578125
11 0.13359375 0.37421875 0.058984375 0.056640625
5 0.440234375 0.433203125 0.0609375 0.04765625
12 0.4671875 0.440625 0.933984375 0.24609375
9 0.370703125 0.504296875 0.07109375 0.059375
11 0.19375 0.37421875 0.0609375 0.05859375
11 0.253515625 0.37421875 0.058984375 0.05859375
11 0.3671875 0.37109375 0.057421875 0.05859375
11 0.428125 0.370703125 0.0640625 0.0578125
11 0.418359375 0.50390625 0.027734375 0.041015625
11 0.64921875 0.4203125 0.0453125 0.0203125
11 0.613671875 0.417578125 0.0296875 0.0265625
5 0.566015625 0.431640625 0.0625 0.046875
0 0.769921875 0.383203125 0.0328125 0.0203125
10 0.66484375 0.366796875 0.058984375 0.0578125
7 0.502734375 0.431640625 0.0609375 0.05078125
7 0.53984375 0.50234375 0.073046875 0.059375
7 0.31328125 0.434375 0.0609375 0.05078125
2 0.269140625 0.435546875 0.02421875 0.046875
2 0.488671875 0.50390625 0.026171875 0.0546875
2 0.321875 0.505859375 0.026171875 0.052734375
3 0.3765625 0.43359375 0.058984375 0.05078125
3 0.725 0.365625 0.0609375 0.0578125
1 0.84296875 0.36328125 0.0640625 0.056640625
1 0.066796875 0.43828125 0.057421875 0.048828125