12 0.62265625 0.5421875 0.1921875 0.048828125
2 0.572265625 0.534765625 0.019921875 0.01875
5 0.601953125 0.534765625 0.027734375 0.01875
5 0.639453125 0.534375 0.027734375 0.01953125
4 0.67734375 0.534375 0.027734375 0.021484375
0 0.657421875 0.542578125 0.0078125 0.0046875
3 0.560546875 0.554296875 0.023828125 0.01640625
2 0.590234375 0.55390625 0.016015625 0.015625
2 0.6890625 0.553125 0.016015625 0.01484375
9 0.609765625 0.554296875 0.019921875 0.01484375
8 0.635546875 0.55390625 0.019921875 0.015625
8 0.659375 0.554296875 0.019921875 0.01640625