12 0.6921875 0.517578125 0.453125 0.287890625
6 0.705078125 0.49921875 0.0234375 0.055859375
9 0.676171875 0.49921875 0.0265625 0.055859375
3 0.6734375 0.427734375 0.0265625 0.061328125
1 0.504296875 0.5046875 0.0265625 0.055859375
11 0.755859375 0.482421875 0.01171875 0.030078125
11 0.7734375 0.485546875 0.01953125 0.0234375
11 0.755859375 0.425 0.025390625 0.069140625
11 0.783203125 0.4328125 0.0234375 0.045703125
11 0.809375 0.4328125 0.025390625 0.05078125
11 0.560546875 0.43359375 0.025390625 0.065234375
11 0.590625 0.439453125 0.025390625 0.05078125
11 0.619140625 0.43828125 0.02734375 0.05078125
6 0.6171875 0.50078125 0.025390625 0.053515625
6 0.73359375 0.496875 0.025390625 0.053515625
2 0.597265625 0.501953125 0.00859375 0.055859375
3 0.60859375 0.57734375 0.03125 0.063671875
3 0.64140625 0.576953125 0.03125 0.0625
3 0.685546875 0.5734375 0.029296875 0.061328125
3 0.719140625 0.573046875 0.028125 0.0625
10 0.64609375 0.49921875 0.02421875 0.05859375
10 0.701171875 0.427734375 0.025390625 0.061328125