12 0.329296875 0.51953125 0.252734375 0.251953125
3 0.28984375 0.469140625 0.061328125 0.028125
1 0.28125 0.53984375 0.0625 0.02734375
7 0.396484375 0.50078125 0.05078125 0.0234375
7 0.400390625 0.476171875 0.048046875 0.02265625
6 0.391796875 0.55078125 0.0546875 0.021484375
6 0.391796875 0.526953125 0.051953125 0.02265625
4 0.2859375 0.499609375 0.063671875 0.028125
8 0.3875 0.57109375 0.05078125 0.017578125
11 0.28515625 0.519921875 0.03125 0.0109375
11 0.346484375 0.4296875 0.026171875 0.015625
11 0.325 0.58671875 0.024609375 0.015625
11 0.34765625 0.6140625 0.015625 0.0078125
11 0.349609375 0.60546875 0.01953125 0.009765625
11 0.350390625 0.59609375 0.015625 0.00859375
11 0.352734375 0.5890625 0.015625 0.0078125
11 0.353515625 0.58125 0.016796875 0.0078125
11 0.419140625 0.4578125 0.018359375 0.0078125
11 0.421875 0.448828125 0.015625 0.0109375
2 0.278125 0.562109375 0.061328125 0.01640625