6 0.484375 0.396484375 0.02265625 0.021484375
8 0.4765625 0.3734375 0.017578125 0.01640625
12 0.44609375 0.376953125 0.318359375 0.099609375
5 0.45234375 0.375 0.020703125 0.015625
2 0.434765625 0.374609375 0.0140625 0.01484375
9 0.4078125 0.375390625 0.019140625 0.01640625
3 0.497265625 0.3734375 0.020703125 0.01640625
3 0.458203125 0.396484375 0.02265625 0.021484375
3 0.433984375 0.396875 0.02265625 0.02265625
3 0.40859375 0.39765625 0.020703125 0.021484375
3 0.38515625 0.375390625 0.019140625 0.01640625