12 0.55625 0.638671875 0.540625 0.181640625
11 0.66328125 0.625 0.0234375 0.013671875
11 0.53203125 0.68515625 0.01171875 0.028125
11 0.427734375 0.693359375 0.02734375 0.029296875
2 0.516796875 0.68671875 0.012890625 0.0390625
2 0.47734375 0.687109375 0.01171875 0.03828125
2 0.484375 0.634765625 0.010546875 0.03515625
2 0.44921875 0.634375 0.012890625 0.0359375
2 0.36953125 0.69453125 0.010546875 0.029296875
4 0.38984375 0.69375 0.024609375 0.03046875
3 0.615625 0.63203125 0.0328125 0.037109375
3 0.58046875 0.6328125 0.0328125 0.037109375
3 0.53984375 0.586328125 0.0328125 0.0421875
6 0.55859375 0.68515625 0.03671875 0.0421875
6 0.509765625 0.63359375 0.0328125 0.037109375
8 0.573046875 0.586328125 0.03125 0.0421875
10 0.5984375 0.684375 0.037890625 0.04296875
10 0.544921875 0.6328125 0.0328125 0.037109375
11 0.70625 0.58984375 0.033984375 0.03125
11 0.672265625 0.590234375 0.03125 0.03046875
11 0.63984375 0.58515625 0.033984375 0.041015625
11 0.406640625 0.58828125 0.0328125 0.0421875
11 0.439453125 0.59375 0.030078125 0.03125
11 0.473828125 0.59296875 0.03125 0.03125
11 0.64375 0.6234375 0.015625 0.01875