6 0.466015625 0.44296875 0.017578125 0.016015625
1 0.443359375 0.442578125 0.018359375 0.015625
1 0.421484375 0.443359375 0.018359375 0.015625
1 0.481640625 0.420703125 0.02578125 0.023828125
0 0.46484375 0.431640625 0.00546875 0.003515625
2 0.3859375 0.423828125 0.009375 0.019140625
3 0.445703125 0.421484375 0.025 0.0234375
4 0.412890625 0.422265625 0.022265625 0.023046875
3 0.3765625 0.444140625 0.017578125 0.016796875
3 0.398046875 0.44375 0.016796875 0.016796875
1 0.48828125 0.441796875 0.017578125 0.016015625
12 0.430078125 0.430078125 0.173046875 0.0515625