9 0.530078125 0.72109375 0.046875 0.05546875
12 0.477734375 0.659375 0.65625 0.224609375
2 0.490234375 0.720703125 0.02734375 0.052734375
1 0.2109375 0.6546875 0.041796875 0.04765625
3 0.337109375 0.65625 0.036328125 0.048828125
3 0.4640625 0.65625 0.037890625 0.046875
4 0.380078125 0.65625 0.036328125 0.048828125
4 0.423046875 0.65625 0.036328125 0.048828125
6 0.548046875 0.65703125 0.0390625 0.048828125
10 0.505078125 0.656640625 0.0390625 0.04765625
7 0.412109375 0.720703125 0.05078125 0.056640625
7 0.271484375 0.728125 0.03515625 0.03984375
11 0.31953125 0.726953125 0.030078125 0.03984375
6 0.655078125 0.60078125 0.044140625 0.05859375
0 0.607421875 0.6171875 0.022265625 0.021484375
3 0.57890625 0.599609375 0.037890625 0.056640625
7 0.540234375 0.60078125 0.041796875 0.0546875
2 0.49921875 0.599609375 0.03515625 0.056640625
0 0.330859375 0.615234375 0.020703125 0.0234375
11 0.221484375 0.59765625 0.041796875 0.05859375
11 0.298046875 0.603515625 0.044140625 0.04296875
11 0.694140625 0.60078125 0.033984375 0.05859375
11 0.7375 0.60859375 0.040234375 0.04296875
11 0.580859375 0.646484375 0.018359375 0.02734375
11 0.60546875 0.648828125 0.028515625 0.02265625
11 0.446484375 0.720703125 0.020703125 0.037109375