8 0.41171875 0.314453125 0.018359375 0.017578125
4 0.448046875 0.33984375 0.022265625 0.0234375
10 0.37890625 0.31484375 0.022265625 0.01875
8 0.352734375 0.314453125 0.018359375 0.017578125
2 0.4453125 0.31640625 0.012109375 0.017578125
2 0.474609375 0.31640625 0.01015625 0.017578125
3 0.319140625 0.314453125 0.02421875 0.01953125
3 0.416796875 0.340234375 0.02421875 0.02265625
3 0.383203125 0.340625 0.0265625 0.021484375
3 0.3484375 0.340234375 0.0265625 0.02265625
12 0.39921875 0.312890625 0.355859375 0.1046875