2 0.653515625 0.517578125 0.01171875 0.01953125
2 0.557421875 0.537109375 0.009765625 0.013671875
3 0.5265625 0.537109375 0.019921875 0.015625
4 0.62578125 0.5359375 0.016015625 0.015625
5 0.569140625 0.517578125 0.02578125 0.017578125
6 0.60703125 0.5171875 0.02578125 0.0203125
8 0.578125 0.535546875 0.016015625 0.01484375
8 0.603125 0.5359375 0.013671875 0.013671875
10 0.6515625 0.53671875 0.019921875 0.01484375
0 0.62578125 0.52578125 0.01171875 0.0046875
2 0.540625 0.51796875 0.01171875 0.01875
12 0.5890625 0.52421875 0.183984375 0.044921875