3 0.565625 0.52265625 0.022265625 0.017578125
0 0.541796875 0.50234375 0.00546875 0.004296875
10 0.516015625 0.522265625 0.02109375 0.016796875
10 0.491796875 0.52109375 0.02109375 0.017578125
2 0.4734375 0.521484375 0.008984375 0.016796875
2 0.449609375 0.52109375 0.0078125 0.016796875
1 0.55390625 0.49453125 0.01875 0.015625
1 0.53203125 0.494140625 0.019921875 0.015625
11 0.487890625 0.507421875 0.01328125 0.00625
11 0.47734375 0.50625 0.01015625 0.00859375
7 0.541015625 0.52265625 0.019921875 0.017578125
12 0.503515625 0.509765625 0.164453125 0.05703125