12 0.434375 0.555078125 0.23828125 0.1359375
5 0.536328125 0.51953125 0.028515625 0.029296875
1 0.3703125 0.499609375 0.016796875 0.01484375
1 0.334765625 0.540625 0.018359375 0.01484375
1 0.31953125 0.578515625 0.016796875 0.01484375
1 0.3546875 0.597265625 0.037890625 0.03203125
5 0.49609375 0.52421875 0.033984375 0.033203125
2 0.458984375 0.54453125 0.030078125 0.03203125
8 0.541015625 0.490625 0.014453125 0.01875
4 0.3234375 0.546875 0.016796875 0.015625
5 0.35859375 0.5046875 0.016796875 0.017578125
3 0.425 0.564453125 0.040234375 0.03125
3 0.39140625 0.582421875 0.04296875 0.03203125