11 0.413671875 0.144921875 0.019921875 0.086328125
12 0.40234375 0.3765625 0.33203125 0.748828125
3 0.440234375 0.16484375 0.04921875 0.21171875
8 0.326171875 0.425390625 0.026171875 0.153125
6 0.4515625 0.555078125 0.029296875 0.18046875
5 0.42421875 0.517578125 0.03203125 0.17265625
4 0.383984375 0.479296875 0.03828125 0.166796875
7 0.349609375 0.448828125 0.041796875 0.153125
2 0.36171875 0.086328125 0.03828125 0.17265625
1 0.39140625 0.108984375 0.05703125 0.178515625
1 0.48046875 0.215625 0.05703125 0.1609375
11 0.31015625 0.305859375 0.01328125 0.051171875
11 0.30078125 0.286328125 0.011328125 0.055078125
11 0.28828125 0.283203125 0.0125 0.05703125
11 0.276171875 0.26875 0.013671875 0.066796875
11 0.321875 0.313671875 0.01484375 0.058984375
11 0.52265625 0.417578125 0.023046875 0.082421875
11 0.31640625 0.21171875 0.020703125 0.078515625