4 0.190234375 0.685546875 0.037109375 0.031640625
1 0.162109375 0.762109375 0.03828125 0.031640625
1 0.206640625 0.64765625 0.0375 0.0296875
1 0.2203125 0.6109375 0.0375 0.029296875
1 0.15546875 0.655859375 0.016796875 0.013671875
1 0.201953125 0.57265625 0.016796875 0.012890625
6 0.172265625 0.723046875 0.0375 0.033203125
6 0.196875 0.584765625 0.01796875 0.0140625
5 0.151171875 0.66875 0.016015625 0.013671875
8 0.24375 0.57265625 0.035546875 0.0234375
12 0.201953125 0.668359375 0.126953125 0.233203125