12 0.48671875 0.681640625 0.44609375 0.228515625
11 0.63203125 0.623046875 0.02734375 0.0609375
11 0.31015625 0.619140625 0.03046875 0.0578125
11 0.3640625 0.625 0.02734375 0.046484375
11 0.572265625 0.671875 0.021484375 0.0234375
11 0.5546875 0.669921875 0.013671875 0.030078125
11 0.660546875 0.6296875 0.028125 0.0453125
0 0.547265625 0.639453125 0.01484375 0.024609375
0 0.386328125 0.637109375 0.01640625 0.024609375
9 0.51875 0.746484375 0.029296875 0.056640625
1 0.58046875 0.622265625 0.028125 0.056640625
1 0.5265625 0.6203125 0.02734375 0.0578125
1 0.475 0.679296875 0.0265625 0.048828125
1 0.44296875 0.7453125 0.03203125 0.056640625
2 0.396875 0.680859375 0.01484375 0.05
2 0.42734375 0.68046875 0.0109375 0.048828125
2 0.419921875 0.74765625 0.013671875 0.0609375
3 0.4859375 0.744140625 0.03203125 0.058984375
6 0.53359375 0.68046875 0.0265625 0.051171875
10 0.5046875 0.68046875 0.02734375 0.048828125
8 0.448828125 0.677734375 0.02421875 0.05