10 0.45390625 0.53359375 0.02265625 0.01875
2 0.5 0.50625 0.010546875 0.01640625
2 0.411328125 0.53125 0.0140625 0.01953125
2 0.434765625 0.5328125 0.012109375 0.01875
3 0.47578125 0.50625 0.020703125 0.01640625
3 0.519140625 0.507421875 0.020703125 0.01640625
3 0.528515625 0.535546875 0.02265625 0.0203125
11 0.440234375 0.517578125 0.00859375 0.009765625
11 0.4515625 0.51953125 0.0140625 0.0078125
6 0.502734375 0.534765625 0.02265625 0.01875
12 0.4671875 0.52265625 0.1703125 0.060546875
1 0.478125 0.534375 0.02265625 0.01953125
0 0.505078125 0.5140625 0.00703125 0.0046875
2 0.458203125 0.50546875 0.010546875 0.01640625