12 0.508984375 0.647265625 0.433203125 0.154296875
3 0.53984375 0.68359375 0.0265625 0.03359375
3 0.46796875 0.683984375 0.029296875 0.03671875
3 0.469921875 0.64296875 0.025 0.030078125
4 0.333203125 0.63984375 0.021484375 0.03359375
11 0.626171875 0.612109375 0.02265625 0.026953125
11 0.59921875 0.611328125 0.021484375 0.023828125
11 0.572265625 0.608203125 0.02734375 0.03359375
11 0.389453125 0.60546875 0.02578125 0.0375
11 0.41640625 0.60703125 0.02578125 0.034375
11 0.444140625 0.609375 0.021484375 0.026171875
11 0.5921875 0.639453125 0.019140625 0.013671875
6 0.554296875 0.643359375 0.025 0.033203125
8 0.499609375 0.6421875 0.02421875 0.029296875
8 0.528515625 0.641796875 0.021484375 0.030078125
11 0.57578125 0.63828125 0.01484375 0.016796875
2 0.521484375 0.60546875 0.018359375 0.0375
5 0.4421875 0.641796875 0.02578125 0.030078125
2 0.444140625 0.685546875 0.01328125 0.0375
2 0.517578125 0.68671875 0.01015625 0.035546875
3 0.4140625 0.641796875 0.025 0.032421875
3 0.496484375 0.60703125 0.0234375 0.03671875