12 0.484375 0.42578125 0.204296875 0.08203125
8 0.5609375 0.395703125 0.035546875 0.019921875
1 0.38515625 0.441796875 0.014453125 0.01015625
8 0.435546875 0.440625 0.03984375 0.019921875
4 0.3859375 0.42109375 0.012109375 0.009375
5 0.416796875 0.396484375 0.01328125 0.009375
1 0.397265625 0.416796875 0.014453125 0.01015625
1 0.429296875 0.38984375 0.016796875 0.01015625
1 0.4140625 0.45546875 0.034375 0.01953125
6 0.4671875 0.428125 0.041015625 0.02265625
6 0.53046875 0.405859375 0.0390625 0.02421875