7 0.557421875 0.6171875 0.0390625 0.046875
5 0.541015625 0.67890625 0.05078125 0.05078125
1 0.49140625 0.680078125 0.0484375 0.05390625
3 0.384375 0.68125 0.05078125 0.05546875
3 0.296484375 0.689453125 0.02890625 0.0390625
9 0.515625 0.617578125 0.041796875 0.04765625
6 0.475390625 0.616796875 0.0390625 0.04609375
2 0.442578125 0.679296875 0.033984375 0.0515625
2 0.2703125 0.68828125 0.0234375 0.0390625
2 0.399609375 0.61875 0.02890625 0.04375
2 0.36484375 0.620703125 0.03515625 0.04609375
4 0.232421875 0.621875 0.03671875 0.048828125
9 0.62265625 0.560546875 0.049609375 0.0546875
0 0.57421875 0.578515625 0.020703125 0.01875
8 0.544921875 0.562890625 0.03515625 0.0515625
7 0.434765625 0.6171875 0.0390625 0.05078125
7 0.506640625 0.562890625 0.041796875 0.05390625
11 0.34140625 0.6890625 0.030078125 0.03828125
11 0.61171875 0.6078125 0.02734375 0.02265625
11 0.5875 0.605859375 0.018359375 0.028125
11 0.735546875 0.566015625 0.04296875 0.0421875
11 0.69375 0.56015625 0.040625 0.05390625
11 0.31328125 0.57265625 0.04453125 0.0421875
11 0.236328125 0.566796875 0.049609375 0.05390625
12 0.47265625 0.629296875 0.600390625 0.2140625
0 0.347265625 0.581640625 0.018359375 0.0203125