2 0.4703125 0.4375 0.010546875 0.01953125
2 0.490625 0.408203125 0.00859375 0.017578125
1 0.50703125 0.408203125 0.020703125 0.017578125
9 0.551171875 0.408203125 0.02265625 0.017578125
10 0.512890625 0.4375 0.02265625 0.01953125
6 0.565234375 0.4375 0.02265625 0.01953125
12 0.5 0.425390625 0.1734375 0.0578125
1 0.5390625 0.437890625 0.02265625 0.0203125
5 0.528515625 0.408203125 0.019140625 0.015625
8 0.488671875 0.437109375 0.02265625 0.01875
11 0.48359375 0.42265625 0.015625 0.0078125
11 0.471484375 0.421875 0.00859375 0.009765625
0 0.53984375 0.416015625 0.00703125 0.005859375
2 0.44609375 0.43671875 0.010546875 0.01953125