6 0.375 0.551171875 0.015625 0.0109375
1 0.41484375 0.5296875 0.014453125 0.0046875
2 0.39375 0.615234375 0.02734375 0.013671875
2 0.431640625 0.556640625 0.024609375 0.013671875
10 0.408984375 0.596875 0.028515625 0.017578125
10 0.4453125 0.53671875 0.020703125 0.01484375
1 0.35546875 0.5703125 0.0078125 0.009765625
1 0.35625 0.63203125 0.008984375 0.009765625
12 0.416796875 0.5921875 0.130078125 0.1296875
7 0.408984375 0.535546875 0.015625 0.0109375
1 0.3796875 0.54453125 0.014453125 0.0109375
1 0.3796875 0.63359375 0.02734375 0.01953125
9 0.42109375 0.577734375 0.02734375 0.01875