11 0.542578125 0.71328125 0.0109375 0.045703125
11 0.49765625 0.71328125 0.0109375 0.045703125
11 0.50859375 0.71328125 0.01171875 0.045703125
11 0.519921875 0.71328125 0.0109375 0.045703125
11 0.530859375 0.712109375 0.0109375 0.04765625
11 0.553125 0.71328125 0.0109375 0.045703125
11 0.564453125 0.71328125 0.01171875 0.045703125
11 0.599609375 0.746875 0.005859375 0.021875
11 0.60703125 0.748828125 0.00859375 0.01796875
9 0.608984375 0.711328125 0.0125 0.045703125
9 0.590234375 0.755859375 0.0109375 0.03984375
10 0.62109375 0.711328125 0.009765625 0.045703125
0 0.629296875 0.72421875 0.00703125 0.019921875
1 0.64296875 0.711328125 0.01484375 0.041796875
2 0.499609375 0.7578125 0.00703125 0.035546875
2 0.53359375 0.7578125 0.00703125 0.035546875
6 0.54296875 0.7578125 0.01171875 0.03984375
1 0.5546875 0.7578125 0.01171875 0.03984375
7 0.566796875 0.75703125 0.0125 0.037890625
3 0.578515625 0.755859375 0.0109375 0.03984375
8 0.554296875 0.8046875 0.01484375 0.045703125
3 0.57109375 0.806640625 0.013671875 0.045703125
10 0.5859375 0.80546875 0.013671875 0.04765625
12 0.5734375 0.7609375 0.185546875 0.17265625