2 0.501171875 0.48359375 0.010546875 0.013671875
2 0.38125 0.484765625 0.00859375 0.0109375
2 0.36640625 0.484765625 0.00859375 0.0109375
2 0.4609375 0.4484375 0.01484375 0.015625
2 0.509375 0.465234375 0.010546875 0.0125
3 0.423828125 0.46484375 0.02109375 0.013671875
12 0.4734375 0.46640625 0.311328125 0.06328125
1 0.441796875 0.4828125 0.0234375 0.01640625
1 0.471484375 0.4828125 0.0234375 0.01640625
3 0.418359375 0.482421875 0.0234375 0.015625
8 0.4796875 0.4484375 0.019140625 0.015625
7 0.44375 0.46484375 0.019140625 0.013671875
4 0.4640625 0.46484375 0.016796875 0.013671875
6 0.483984375 0.46484375 0.019140625 0.013671875
11 0.38671875 0.44765625 0.019140625 0.01484375
11 0.405859375 0.45 0.019140625 0.01171875
11 0.424609375 0.45 0.019140625 0.01171875
11 0.516015625 0.4484375 0.019140625 0.015625
11 0.534765625 0.45 0.019140625 0.01171875
11 0.55390625 0.45 0.019140625 0.01171875
11 0.519140625 0.461328125 0.00859375 0.00703125
11 0.528515625 0.4625 0.01484375 0.0046875
11 0.3984375 0.48515625 0.016796875 0.01171875