2 0.43046875 0.605859375 0.0140625 0.028125
12 0.504296875 0.5703125 0.4984375 0.126953125
11 0.309765625 0.537109375 0.0296875 0.029296875
11 0.341015625 0.541015625 0.0296875 0.021484375
11 0.372265625 0.5375 0.0296875 0.03046875
11 0.61015625 0.54296875 0.0328125 0.01953125
11 0.580859375 0.565625 0.015625 0.013671875
11 0.60078125 0.566796875 0.02421875 0.0109375
11 0.386328125 0.609765625 0.02265625 0.02265625
2 0.4078125 0.569921875 0.0140625 0.02421875
2 0.4390625 0.5703125 0.0140625 0.0234375
6 0.46171875 0.569921875 0.027734375 0.0265625
6 0.505078125 0.60703125 0.034765625 0.03046875
1 0.457421875 0.605859375 0.036328125 0.03203125
1 0.6703125 0.53984375 0.027734375 0.029296875
1 0.519921875 0.5375 0.036328125 0.028125
1 0.699609375 0.53984375 0.03125 0.029296875
2 0.640625 0.539453125 0.020703125 0.03046875
2 0.334375 0.609765625 0.00859375 0.0203125
3 0.3515625 0.609765625 0.02265625 0.0203125
3 0.49296875 0.570703125 0.027734375 0.0265625
7 0.541796875 0.605859375 0.034765625 0.03046875
7 0.525 0.570703125 0.0296875 0.0265625
7 0.558203125 0.570703125 0.0296875 0.0265625
8 0.46015625 0.53828125 0.03125 0.03125
0 0.48359375 0.547265625 0.015625 0.0109375
11 0.57890625 0.538671875 0.02265625 0.028125