6 0.5171875 0.5234375 0.01796875 0.01875
7 0.55078125 0.523828125 0.019921875 0.01796875
7 0.465625 0.5625 0.02109375 0.01796875
7 0.401171875 0.542578125 0.016796875 0.016796875
11 0.33359375 0.52578125 0.01796875 0.016796875
11 0.350390625 0.525390625 0.015625 0.017578125
11 0.367578125 0.525 0.016796875 0.01796875
11 0.383203125 0.52421875 0.014453125 0.01796875
11 0.4015625 0.524609375 0.019921875 0.017578125
9 0.47109375 0.541796875 0.016796875 0.015625
1 0.499609375 0.523828125 0.015625 0.016796875
1 0.45390625 0.5421875 0.015625 0.01640625
2 0.38828125 0.542578125 0.006640625 0.015625
2 0.402734375 0.56328125 0.006640625 0.016796875
2 0.45 0.56171875 0.0078125 0.016796875
11 0.496484375 0.5390625 0.014453125 0.007421875
2 0.484375 0.523828125 0.014453125 0.01796875
5 0.41875 0.5421875 0.016796875 0.01484375
6 0.43671875 0.5421875 0.016796875 0.01484375
0 0.53046875 0.52890625 0.0109375 0.007421875
11 0.4859375 0.53828125 0.008984375 0.01015625
1 0.41640625 0.562109375 0.01875 0.017578125
12 0.443359375 0.544921875 0.266015625 0.068359375