8 0.42265625 0.2921875 0.0203125 0.017578125
5 0.4828125 0.291015625 0.0265625 0.017578125
10 0.51328125 0.290625 0.022265625 0.01640625
10 0.45234375 0.2921875 0.022265625 0.017578125
3 0.390234375 0.292578125 0.02421875 0.01875
3 0.423828125 0.318359375 0.0265625 0.0234375
3 0.457421875 0.31796875 0.028515625 0.02421875
2 0.498828125 0.3171875 0.01015625 0.021484375
12 0.47578125 0.29296875 0.353515625 0.09765625
2 0.532421875 0.3171875 0.012109375 0.021484375
2 0.55078125 0.290625 0.012109375 0.01875