12 0.515625 0.5 0.166796875 0.055078125
2 0.505078125 0.484375 0.0078125 0.01484375
2 0.534375 0.5125 0.006640625 0.01640625
2 0.46015625 0.51171875 0.008984375 0.016796875
3 0.477734375 0.51171875 0.022265625 0.017578125
1 0.502734375 0.512109375 0.02109375 0.01796875
1 0.520703125 0.484765625 0.01875 0.015625
1 0.5421875 0.48515625 0.019921875 0.01640625
1 0.5640625 0.48515625 0.01875 0.01640625
0 0.553515625 0.4921875 0.006640625 0.004296875
7 0.5515625 0.512890625 0.02109375 0.01796875
10 0.57734375 0.51328125 0.02109375 0.017578125
11 0.48828125 0.497265625 0.01015625 0.009375
11 0.499609375 0.498046875 0.012109375 0.00625