3 0.34765625 0.3484375 0.02421875 0.017578125
3 0.3515625 0.37265625 0.028515625 0.02265625
3 0.319140625 0.373046875 0.028515625 0.021484375
3 0.291796875 0.34921875 0.0265625 0.01875
10 0.43203125 0.3484375 0.0265625 0.017578125
6 0.376171875 0.34921875 0.02421875 0.01875
9 0.319140625 0.34921875 0.02421875 0.01875
12 0.362890625 0.346875 0.359765625 0.095703125
2 0.39140625 0.373046875 0.0140625 0.021484375
11 0.369921875 0.37265625 0.008203125 0.0125
3 0.415625 0.373046875 0.0265625 0.0234375
5 0.403515625 0.3484375 0.0265625 0.017578125