11 0.36171875 0.53671875 0.016796875 0.016796875
11 0.601171875 0.53203125 0.03125 0.015625
11 0.578515625 0.53125 0.016796875 0.017578125
11 0.512109375 0.57109375 0.006640625 0.02734375
11 0.390625 0.5359375 0.01875 0.01796875
12 0.505078125 0.545703125 0.416796875 0.14140625
11 0.375 0.53671875 0.0078125 0.01875
2 0.612890625 0.505078125 0.0234375 0.02890625
2 0.587890625 0.569140625 0.024609375 0.03203125
2 0.4984375 0.572265625 0.01875 0.033203125
3 0.45 0.57265625 0.0421875 0.035546875
3 0.494921875 0.507421875 0.0390625 0.03359375
1 0.352734375 0.575 0.041015625 0.03359375
5 0.539453125 0.57109375 0.045703125 0.03359375
1 0.566015625 0.50546875 0.03671875 0.03046875
0 0.587109375 0.51484375 0.016796875 0.00859375
11 0.34296875 0.53671875 0.02109375 0.016796875
2 0.540625 0.50625 0.01875 0.026171875