6 0.61953125 0.583203125 0.04765625 0.06015625
3 0.66796875 0.582421875 0.04765625 0.06015625
5 0.5859375 0.659765625 0.054296875 0.06171875
7 0.644140625 0.65859375 0.05859375 0.06796875
2 0.55859375 0.51640625 0.04609375 0.06796875
11 0.36875 0.516796875 0.0578125 0.069921875
11 0.421484375 0.525 0.04765625 0.05234375
11 0.470703125 0.523828125 0.05078125 0.051171875
11 0.7015625 0.515625 0.055078125 0.06640625
11 0.752734375 0.522265625 0.044921875 0.051953125
11 0.80234375 0.5234375 0.052734375 0.053125
11 0.70703125 0.56953125 0.02578125 0.032421875
11 0.739453125 0.57265625 0.03671875 0.02578125
11 0.548046875 0.659765625 0.019921875 0.04296875
11 0.398828125 0.66875 0.0375 0.05
2 0.4328125 0.585546875 0.03359375 0.055078125
2 0.480078125 0.58359375 0.027734375 0.05625
2 0.468359375 0.660546875 0.032421875 0.063671875
2 0.523828125 0.659765625 0.028515625 0.065625
2 0.312890625 0.66953125 0.02265625 0.04609375
9 0.6109375 0.515625 0.055859375 0.06640625
9 0.5171875 0.583203125 0.046875 0.06015625
1 0.568359375 0.583984375 0.054296875 0.058203125
1 0.34375 0.66953125 0.039453125 0.048046875
12 0.5859375 0.591796875 0.78125 0.263671875