6 0.58203125 0.70390625 0.009765625 0.0296875
7 0.5921875 0.70390625 0.0109375 0.0296875
2 0.519921875 0.7484375 0.003125 0.027734375
2 0.569921875 0.6703125 0.00859375 0.03125
1 0.5265625 0.745703125 0.0078125 0.026171875
4 0.5765625 0.74140625 0.0109375 0.034765625
10 0.559375 0.74140625 0.01171875 0.03828125
5 0.58046875 0.669140625 0.0109375 0.0296875
11 0.61953125 0.676953125 0.0109375 0.027734375
11 0.6 0.698828125 0.0046875 0.015625
11 0.60625 0.700390625 0.0078125 0.012109375
11 0.53828125 0.745703125 0.0078125 0.026171875
3 0.55078125 0.7046875 0.009765625 0.027734375
3 0.5875 0.74296875 0.0109375 0.03125
9 0.560546875 0.70390625 0.009765625 0.0296875
6 0.571875 0.7046875 0.0109375 0.03125
11 0.551171875 0.674609375 0.0109375 0.026171875
11 0.54140625 0.67109375 0.00859375 0.0328125
11 0.531640625 0.6703125 0.0109375 0.03125
11 0.5984375 0.671875 0.009765625 0.03125
11 0.608984375 0.674609375 0.0109375 0.026171875
12 0.57734375 0.707421875 0.162109375 0.130078125