12 0.446484375 0.234375 0.2421875 0.07421875
1 0.478515625 0.224609375 0.022265625 0.02734375
11 0.53046875 0.254296875 0.016796875 0.01640625
0 0.46796875 0.238671875 0.006640625 0.0046875
11 0.53046875 0.232421875 0.014453125 0.015625
11 0.520703125 0.2328125 0.005078125 0.01484375
11 0.5109375 0.2328125 0.01171875 0.01640625
11 0.5 0.232421875 0.0078125 0.015625
11 0.520703125 0.219140625 0.015625 0.0109375
11 0.50703125 0.216796875 0.01171875 0.015625
11 0.46953125 0.255859375 0.014453125 0.015625
1 0.4578125 0.22578125 0.01953125 0.02734375