12 0.528515625 0.44140625 0.182421875 0.064453125
2 0.566796875 0.45234375 0.005078125 0.017578125
11 0.505078125 0.437890625 0.0140625 0.00859375
2 0.465234375 0.45234375 0.010546875 0.01953125
9 0.50859375 0.453125 0.020703125 0.017578125
3 0.533984375 0.452734375 0.019140625 0.01875
1 0.5484375 0.42421875 0.0171875 0.01640625
1 0.571875 0.423828125 0.019140625 0.015625
11 0.49140625 0.437109375 0.0140625 0.00859375
0 0.558984375 0.43046875 0.003515625 0.00390625
9 0.5859375 0.452734375 0.02265625 0.0203125
2 0.490625 0.452734375 0.005078125 0.01640625