12 0.77578125 0.49296875 0.4421875 0.295703125
2 0.800390625 0.5703125 0.0125 0.057421875
7 0.825 0.5703125 0.033203125 0.065234375
11 0.870703125 0.47578125 0.0125 0.030078125
11 0.8890625 0.479296875 0.02265625 0.0234375
11 0.93203125 0.424609375 0.028125 0.049609375
11 0.90234375 0.423046875 0.029296875 0.049609375
11 0.8734375 0.41328125 0.034375 0.06640625
10 0.751953125 0.485546875 0.029296875 0.057421875
4 0.816015625 0.4875 0.03046875 0.05859375
4 0.742578125 0.569140625 0.03203125 0.065234375
6 0.7203125 0.484375 0.028125 0.057421875
2 0.855078125 0.489453125 0.01484375 0.051953125
2 0.79296875 0.4890625 0.013671875 0.05078125
2 0.697265625 0.485546875 0.015625 0.0546875
3 0.70625 0.5671875 0.03515625 0.063671875
3 0.783203125 0.412890625 0.03125 0.067578125
1 0.81484375 0.412109375 0.03046875 0.06640625
1 0.59765625 0.481640625 0.029296875 0.057421875
11 0.7234375 0.419140625 0.029296875 0.049609375
11 0.69453125 0.419140625 0.02734375 0.051953125
11 0.665625 0.409375 0.03203125 0.06640625