12 0.7328125 0.57734375 0.528125 0.311328125
11 0.843359375 0.50078125 0.03203125 0.05859375
2 0.733984375 0.659375 0.0203125 0.071484375
3 0.63359375 0.657421875 0.041015625 0.080859375
4 0.78359375 0.571484375 0.03046875 0.065234375
6 0.763671875 0.658203125 0.037109375 0.079296875
6 0.749609375 0.57109375 0.0359375 0.06640625
6 0.714453125 0.57109375 0.03046875 0.06640625
7 0.644921875 0.56953125 0.03203125 0.069140625
2 0.6828125 0.658984375 0.015625 0.073046875
2 0.619140625 0.568359375 0.013671875 0.061328125
1 0.6796875 0.568359375 0.03515625 0.071484375
1 0.5125 0.565234375 0.037109375 0.065234375
9 0.744140625 0.490234375 0.03515625 0.076953125
11 0.6984375 0.657421875 0.015625 0.057421875
11 0.830078125 0.560546875 0.029296875 0.02734375
11 0.808203125 0.555859375 0.01484375 0.036328125
11 0.878515625 0.501953125 0.034375 0.05859375
11 0.808984375 0.490234375 0.03203125 0.079296875
11 0.65 0.48828125 0.02265625 0.080859375
11 0.61875 0.498828125 0.03046875 0.057421875
11 0.583984375 0.4890625 0.033203125 0.08203125