12 0.41953125 0.446875 0.8390625 0.519921875
11 0.6640625 0.43515625 0.03515625 0.042578125
1 0.441015625 0.413671875 0.16484375 0.163671875
5 0.53828125 0.534765625 0.055078125 0.05078125
9 0.593359375 0.52734375 0.044921875 0.061328125
10 0.6453125 0.5171875 0.044140625 0.060546875
9 0.362890625 0.290234375 0.04765625 0.060546875
6 0.3125 0.3015625 0.043359375 0.064453125
11 0.405859375 0.26484375 0.033203125 0.02734375
11 0.440234375 0.262109375 0.0375 0.03046875
11 0.63203125 0.437890625 0.02734375 0.048046875
11 0.59296875 0.446484375 0.04921875 0.03828125
8 0.252734375 0.30546875 0.055859375 0.0625
11 0.550390625 0.448828125 0.033984375 0.044921875