11 0.6796875 0.7578125 0.009765625 0.0296875
11 0.693359375 0.759375 0.015625 0.026171875
8 0.6484375 0.70390625 0.01953125 0.057421875
11 0.63671875 0.85 0.009765625 0.046875
2 0.5828125 0.7109375 0.009765625 0.05390625
2 0.6859375 0.8421875 0.0109375 0.0625
9 0.60078125 0.708203125 0.021484375 0.058984375
9 0.67109375 0.70234375 0.021484375 0.057421875
7 0.62421875 0.706640625 0.021484375 0.058984375
3 0.59375 0.854296875 0.025390625 0.0765625
4 0.61953125 0.85234375 0.02265625 0.073046875
5 0.6546875 0.847265625 0.02421875 0.066015625
12 0.64453125 0.80546875 0.29296875 0.34375
7 0.694921875 0.7015625 0.0203125 0.058984375
11 0.571875 0.769140625 0.01484375 0.03125
11 0.585546875 0.768359375 0.0125 0.0296875
11 0.598046875 0.76640625 0.0125 0.0296875
11 0.609765625 0.76640625 0.0109375 0.0296875
11 0.620703125 0.76484375 0.0109375 0.0296875