7 0.518359375 0.45703125 0.0296875 0.02734375
2 0.49921875 0.517578125 0.019140625 0.03515625
2 0.417578125 0.51953125 0.015625 0.033203125
9 0.44453125 0.517578125 0.034765625 0.033203125
1 0.316796875 0.519921875 0.0328125 0.03046875
11 0.338671875 0.484375 0.010546875 0.015625
11 0.354296875 0.483984375 0.020703125 0.01640625
11 0.5296875 0.48046875 0.020703125 0.015625
11 0.550390625 0.48203125 0.020703125 0.0125
11 0.308984375 0.484375 0.0171875 0.017578125
0 0.5375 0.466796875 0.012109375 0.0078125
2 0.46171875 0.45859375 0.0140625 0.0265625
5 0.4859375 0.45859375 0.03125 0.02421875
5 0.553125 0.45703125 0.036328125 0.025390625
4 0.527734375 0.516015625 0.034765625 0.034375
11 0.325390625 0.484375 0.015625 0.015625
12 0.4625 0.49140625 0.380078125 0.12109375