11 0.5125 0.569140625 0.016015625 0.040625
11 0.734375 0.452734375 0.041796875 0.041796875
11 0.691796875 0.452734375 0.03359375 0.040625
11 0.65078125 0.446484375 0.043359375 0.05546875
11 0.360546875 0.44296875 0.039453125 0.05390625
11 0.40234375 0.45 0.0375 0.03984375
11 0.4453125 0.449609375 0.041796875 0.040625
11 0.38359375 0.57734375 0.03359375 0.039453125
11 0.680859375 0.497265625 0.030078125 0.021875
11 0.653125 0.494140625 0.021875 0.026953125
1 0.574609375 0.50390625 0.03671875 0.05078125
1 0.61953125 0.504296875 0.0375 0.05
1 0.5703125 0.44609375 0.042578125 0.053125
1 0.334765625 0.57578125 0.030859375 0.041796875
2 0.4140625 0.50390625 0.019140625 0.054296875
2 0.45546875 0.502734375 0.016796875 0.048046875
2 0.563671875 0.570703125 0.016015625 0.055078125
2 0.4453125 0.570703125 0.016796875 0.05390625
2 0.311328125 0.578125 0.0140625 0.042578125
3 0.53125 0.503515625 0.040234375 0.048046875
3 0.5265625 0.444921875 0.042578125 0.055078125
3 0.4796875 0.56953125 0.040234375 0.058203125
4 0.599609375 0.569921875 0.04921875 0.06015625
9 0.488671875 0.503515625 0.03828125 0.051953125
12 0.546484375 0.5046875 0.671484375 0.226953125