11 0.43046875 0.44375 0.014453125 0.02421875
11 0.41484375 0.44453125 0.016796875 0.021484375
11 0.446484375 0.443359375 0.018359375 0.021484375
11 0.397265625 0.443359375 0.015625 0.0234375
11 0.380859375 0.443359375 0.01171875 0.0234375
5 0.489453125 0.49375 0.018359375 0.0203125
11 0.3640625 0.44296875 0.016796875 0.02265625
12 0.46953125 0.46953125 0.266796875 0.08984375
10 0.482421875 0.468359375 0.016796875 0.0203125
4 0.447265625 0.46796875 0.014453125 0.01953125
7 0.544921875 0.445703125 0.016796875 0.02265625
1 0.528125 0.4453125 0.016796875 0.021484375
1 0.444140625 0.49296875 0.018359375 0.021484375
2 0.51171875 0.444921875 0.012890625 0.02421875
2 0.4765625 0.494140625 0.005078125 0.021484375
2 0.43046875 0.492578125 0.006640625 0.0203125
9 0.46484375 0.46796875 0.015625 0.01953125
9 0.4296875 0.4671875 0.015625 0.01875
3 0.49921875 0.46796875 0.016796875 0.01953125
3 0.576953125 0.446875 0.018359375 0.02265625
0 0.557421875 0.453125 0.0078125 0.009765625
11 0.5234375 0.46484375 0.012890625 0.0078125
11 0.5125 0.46484375 0.008984375 0.009765625