12 0.49375 0.47890625 0.24140625 0.059375
7 0.512109375 0.49609375 0.020703125 0.015625
11 0.540625 0.4765625 0.012109375 0.005859375
11 0.53125 0.47578125 0.00703125 0.0078125
11 0.434765625 0.498046875 0.012109375 0.01171875
11 0.480859375 0.49609375 0.00703125 0.01171875
11 0.428125 0.46171875 0.019140625 0.015625
11 0.411328125 0.4640625 0.0140625 0.01171875
11 0.394921875 0.4609375 0.015625 0.015625
11 0.544140625 0.464453125 0.015625 0.0125
11 0.527734375 0.461328125 0.0140625 0.01875
0 0.481640625 0.46640625 0.00859375 0.00703125
10 0.4671875 0.49609375 0.0171875 0.015625
3 0.4546875 0.478125 0.0140625 0.01484375
5 0.503515625 0.47890625 0.0140625 0.0125
2 0.52265625 0.47890625 0.00703125 0.0125
2 0.558984375 0.46328125 0.010546875 0.01875
1 0.4859375 0.47734375 0.0140625 0.013671875
1 0.393359375 0.47734375 0.015625 0.015625
1 0.590234375 0.46328125 0.0171875 0.01640625
1 0.573828125 0.46328125 0.012109375 0.01640625
1 0.5 0.461328125 0.0171875 0.01484375
9 0.46953125 0.46171875 0.015625 0.015625
9 0.4703125 0.478125 0.0140625 0.01484375
9 0.416796875 0.49765625 0.0140625 0.0125
6 0.49296875 0.496484375 0.0171875 0.01640625