11 0.5796875 0.521875 0.0140625 0.00703125
12 0.5953125 0.52421875 0.159765625 0.0546875
5 0.644140625 0.509375 0.020703125 0.01484375
5 0.621484375 0.509375 0.020703125 0.01484375
10 0.60078125 0.509375 0.020703125 0.01640625
10 0.582421875 0.53671875 0.02265625 0.01875
2 0.540625 0.5359375 0.00859375 0.017578125
2 0.565234375 0.5359375 0.00859375 0.017578125
6 0.63203125 0.53671875 0.020703125 0.01875
9 0.65546875 0.537109375 0.02265625 0.01953125
5 0.606640625 0.537109375 0.02265625 0.017578125
0 0.63359375 0.516015625 0.00703125 0.0046875
11 0.567578125 0.521484375 0.010546875 0.009765625