1 0.46484375 0.556640625 0.01171875 0.01328125
3 0.400390625 0.576171875 0.0109375 0.011328125
12 0.458203125 0.557421875 0.181640625 0.061328125
11 0.49296875 0.554296875 0.008984375 0.00625
11 0.41328125 0.576171875 0.008203125 0.011328125
11 0.4484375 0.57421875 0.005078125 0.010546875
0 0.41640625 0.544921875 0.005859375 0.005078125
0 0.493359375 0.5453125 0.005078125 0.00546875
1 0.48515625 0.541015625 0.01171875 0.014453125
1 0.506640625 0.541015625 0.01171875 0.014453125
1 0.439453125 0.57421875 0.0140625 0.01484375
3 0.417578125 0.555859375 0.01171875 0.01328125
5 0.47734375 0.556640625 0.01171875 0.01328125
4 0.430078125 0.556640625 0.01171875 0.01328125
3 0.470703125 0.57421875 0.01328125 0.01484375
3 0.457421875 0.57421875 0.01328125 0.01484375
11 0.3859375 0.540234375 0.01328125 0.015625
11 0.407421875 0.5421875 0.01171875 0.01171875
11 0.517578125 0.541015625 0.01015625 0.014453125
11 0.52890625 0.54296875 0.0125 0.01171875
11 0.486328125 0.55390625 0.005859375 0.00625
7 0.441796875 0.556640625 0.01171875 0.01328125
2 0.45703125 0.556640625 0.004296875 0.01171875
2 0.430078125 0.57421875 0.005078125 0.013671875