12 0.486328125 0.4875 0.2 0.0546875
0 0.519921875 0.487890625 0.009765625 0.0046875
9 0.472265625 0.49921875 0.02578125 0.017578125
9 0.49609375 0.4984375 0.021875 0.01640625
5 0.546484375 0.498046875 0.023828125 0.015625
2 0.430859375 0.480859375 0.01796875 0.0203125
2 0.45234375 0.500390625 0.013671875 0.01484375
1 0.461328125 0.47890625 0.027734375 0.02265625
3 0.498828125 0.478515625 0.031640625 0.0234375
3 0.41875 0.5 0.021875 0.015625
8 0.540625 0.4765625 0.031640625 0.021484375
8 0.521875 0.498046875 0.021875 0.015625