7 0.4390625 0.42265625 0.02890625 0.023828125
6 0.5015625 0.476171875 0.034375 0.02734375
2 0.46875 0.47734375 0.015625 0.02578125
3 0.42734375 0.47734375 0.03671875 0.028125
12 0.485546875 0.45234375 0.34453125 0.11328125
11 0.46328125 0.44453125 0.015625 0.01171875
11 0.4484375 0.444140625 0.01875 0.01171875
11 0.43515625 0.444140625 0.016796875 0.01171875
11 0.41875 0.44453125 0.019921875 0.01171875
11 0.403515625 0.44453125 0.01796875 0.01171875
11 0.55625 0.44453125 0.0234375 0.01015625
11 0.53828125 0.443359375 0.012109375 0.01328125
9 0.558984375 0.421484375 0.02890625 0.02421875
4 0.530078125 0.421875 0.0265625 0.023828125
4 0.499609375 0.421875 0.027734375 0.023828125
8 0.469921875 0.421875 0.0265625 0.02265625
5 0.534375 0.476171875 0.033203125 0.025