4 0.16484375 0.55625 0.053515625 0.065625
1 0.62109375 0.648046875 0.0703125 0.075
1 0.6484375 0.55625 0.0546875 0.0671875
1 0.576953125 0.47578125 0.059765625 0.078125
2 0.482421875 0.558203125 0.022265625 0.06171875
2 0.51953125 0.47734375 0.041796875 0.08203125
2 0.48046875 0.650390625 0.026171875 0.072265625
2 0.41015625 0.648828125 0.03125 0.0734375
7 0.52734375 0.55625 0.057421875 0.065625
11 0.287109375 0.47578125 0.055859375 0.072265625
11 0.733203125 0.54375 0.041796875 0.025390625
11 0.698046875 0.541015625 0.026171875 0.033203125
11 0.50390625 0.6484375 0.020703125 0.05078125
12 0.53984375 0.5625 0.91796875 0.298828125
11 0.806640625 0.484765625 0.055859375 0.05390625
11 0.74921875 0.48359375 0.05859375 0.05859375
11 0.69140625 0.47421875 0.057421875 0.075
11 0.403515625 0.48046875 0.0546875 0.06640625
11 0.34453125 0.484765625 0.053515625 0.05390625
5 0.405078125 0.55703125 0.059765625 0.06171875
3 0.341015625 0.55859375 0.059765625 0.068359375
3 0.548828125 0.64921875 0.063671875 0.078125
4 0.5890625 0.55625 0.05859375 0.0671875