9 0.4625 0.480078125 0.02265625 0.01875
1 0.502734375 0.4515625 0.019140625 0.01640625
0 0.51484375 0.459375 0.005078125 0.003125
11 0.448046875 0.46484375 0.010546875 0.009765625
11 0.46015625 0.46640625 0.0140625 0.00703125
2 0.419140625 0.480078125 0.012109375 0.01875
2 0.44453125 0.4796875 0.010546875 0.017578125
1 0.526953125 0.4515625 0.019140625 0.01640625
9 0.5390625 0.480859375 0.02265625 0.0203125
10 0.5140625 0.480859375 0.020703125 0.01875
7 0.488671875 0.48046875 0.02265625 0.01953125
12 0.4765625 0.466796875 0.182421875 0.064453125