0 0.519140625 0.429296875 0.00703125 0.00703125
6 0.49296875 0.45 0.02421875 0.01953125
2 0.448828125 0.45 0.00859375 0.017578125
2 0.4234375 0.44921875 0.010546875 0.017578125
6 0.53125 0.421875 0.020703125 0.017578125
9 0.519140625 0.45 0.02421875 0.01953125
9 0.48515625 0.421484375 0.02265625 0.01875
8 0.46796875 0.44921875 0.02265625 0.017578125
11 0.464453125 0.435546875 0.015625 0.0078125
11 0.4515625 0.433984375 0.010546875 0.0109375
6 0.544140625 0.451171875 0.02265625 0.01953125
10 0.50859375 0.421484375 0.020703125 0.01875
12 0.480078125 0.437890625 0.168359375 0.0578125