9 0.477734375 0.49765625 0.016015625 0.01875
12 0.448828125 0.51171875 0.1375 0.063671875
2 0.42734375 0.49765625 0.006640625 0.017578125
2 0.4125 0.52265625 0.008203125 0.021875
2 0.501171875 0.49765625 0.007421875 0.016796875
3 0.459765625 0.49765625 0.016015625 0.01875
3 0.47734375 0.523046875 0.019921875 0.023828125
4 0.40546875 0.496875 0.0140625 0.01875
6 0.426953125 0.52265625 0.017578125 0.02421875
6 0.457421875 0.523046875 0.016796875 0.023828125
10 0.441796875 0.497265625 0.01484375 0.01953125
11 0.442578125 0.52109375 0.006640625 0.0125