12 0.585546875 0.54140625 0.487109375 0.190625
11 0.44765625 0.5 0.02890625 0.0390625
11 0.6828125 0.5203125 0.020703125 0.013671875
11 0.47578125 0.596875 0.022265625 0.02734375
3 0.569921875 0.490625 0.030078125 0.03828125
2 0.4234375 0.601171875 0.008984375 0.0265625
2 0.520703125 0.58828125 0.010546875 0.0359375
4 0.387109375 0.547265625 0.02734375 0.034375
2 0.49140625 0.541015625 0.008984375 0.03125
2 0.52421875 0.53828125 0.008984375 0.03125
4 0.63125 0.57890625 0.0328125 0.0390625
4 0.641796875 0.5296875 0.02734375 0.034375
5 0.594140625 0.581640625 0.033984375 0.0359375
6 0.609765625 0.531640625 0.02890625 0.034375
6 0.545703125 0.53671875 0.02890625 0.034375
7 0.6 0.488671875 0.02734375 0.03828125
9 0.578515625 0.534375 0.02890625 0.033203125
10 0.544921875 0.5859375 0.0328125 0.0390625
11 0.4796875 0.50234375 0.02734375 0.028125
11 0.510546875 0.496875 0.02890625 0.033203125
11 0.65859375 0.48515625 0.030078125 0.0390625
11 0.689453125 0.48828125 0.026171875 0.02734375
11 0.71875 0.4859375 0.02734375 0.0265625
11 0.664453125 0.519921875 0.012890625 0.01640625
2 0.44921875 0.599609375 0.0078125 0.025390625