1 0.6203125 0.58046875 0.03046875 0.0640625
2 0.5578125 0.508203125 0.01171875 0.06171875
7 0.51875 0.50859375 0.025 0.0609375
5 0.57734375 0.5046875 0.028125 0.057421875
5 0.633203125 0.49921875 0.02890625 0.056640625
12 0.58828125 0.5109375 0.464453125 0.281640625
1 0.54453125 0.58359375 0.030078125 0.070703125
8 0.653515625 0.427734375 0.029296875 0.070703125
2 0.497265625 0.509765625 0.01328125 0.067578125
2 0.519140625 0.58515625 0.014453125 0.06484375
4 0.6828125 0.430859375 0.029296875 0.069921875
4 0.60546875 0.504296875 0.02265625 0.056640625
4 0.587890625 0.579296875 0.029296875 0.069921875
11 0.76484375 0.43359375 0.02890625 0.04765625
11 0.73359375 0.42890625 0.023828125 0.066015625
11 0.6734375 0.491015625 0.01953125 0.0234375
11 0.6546875 0.488671875 0.015625 0.029296875
11 0.54453125 0.437109375 0.01953125 0.070703125
11 0.51875 0.437109375 0.02265625 0.069140625
11 0.49140625 0.44765625 0.021875 0.046484375
11 0.46171875 0.4484375 0.02890625 0.046484375
11 0.43359375 0.448046875 0.023828125 0.04765625
11 0.405859375 0.4421875 0.028125 0.066015625