1 0.10078125 0.515625 0.017578125 0.013671875
5 0.16015625 0.551171875 0.034765625 0.0265625
1 0.112890625 0.566015625 0.041796875 0.028125
12 0.219140625 0.541015625 0.30625 0.09765625
1 0.073046875 0.548828125 0.017578125 0.013671875
3 0.203515625 0.54140625 0.048828125 0.028125
4 0.297265625 0.51796875 0.0453125 0.0265625
4 0.084375 0.51953125 0.019140625 0.013671875
6 0.248828125 0.52890625 0.0453125 0.028125
9 0.341015625 0.5046875 0.03828125 0.0234375
8 0.364453125 0.496875 0.015625 0.013671875