12 0.49921875 0.499609375 0.1578125 0.04609375
8 0.5546875 0.512109375 0.019140625 0.01484375
0 0.5296875 0.5015625 0.010546875 0.0046875
3 0.442578125 0.5125 0.0171875 0.015625
3 0.53203125 0.512109375 0.019140625 0.01640625
2 0.4703125 0.5125 0.010546875 0.015625
2 0.453125 0.491796875 0.0140625 0.02265625
9 0.512890625 0.4921875 0.02265625 0.021484375
9 0.546875 0.4921875 0.02421875 0.021484375
9 0.50859375 0.512109375 0.0171875 0.01484375
7 0.479296875 0.49296875 0.02421875 0.0234375
10 0.487109375 0.512109375 0.019140625 0.01484375