2 0.4265625 0.56015625 0.008984375 0.02265625
12 0.46171875 0.55 0.15234375 0.06640625
7 0.471875 0.5359375 0.014453125 0.01953125
1 0.489453125 0.5609375 0.018359375 0.02421875
3 0.469921875 0.5609375 0.018359375 0.02421875
8 0.4421875 0.558984375 0.014453125 0.02265625
8 0.508984375 0.5359375 0.012890625 0.01953125
11 0.455859375 0.55859375 0.0078125 0.013671875
4 0.419140625 0.53515625 0.012890625 0.01953125
2 0.440625 0.535546875 0.006640625 0.01875
2 0.494140625 0.53671875 0.008984375 0.01875
8 0.455859375 0.53515625 0.012890625 0.01953125