11 0.46640625 0.55390625 0.0140625 0.03046875
0 0.6078125 0.466015625 0.017578125 0.015625
12 0.49375 0.5046875 0.5640625 0.198046875
0 0.366796875 0.46171875 0.016796875 0.01640625
3 0.37109375 0.496484375 0.0359375 0.039453125
4 0.40859375 0.497265625 0.033984375 0.040625
1 0.445703125 0.498046875 0.03515625 0.03984375
8 0.484765625 0.498046875 0.030859375 0.038671875
8 0.5390625 0.554296875 0.03671875 0.04375
10 0.519140625 0.49921875 0.03515625 0.038671875
10 0.555859375 0.5 0.033203125 0.03984375
10 0.437890625 0.553515625 0.0375 0.045703125
6 0.494140625 0.5546875 0.03984375 0.04453125
5 0.3171875 0.55859375 0.030859375 0.03046875
1 0.581640625 0.45078125 0.03671875 0.045703125
1 0.65078125 0.4515625 0.03515625 0.045703125
11 0.270703125 0.44609375 0.03515625 0.04453125
11 0.341796875 0.451953125 0.033203125 0.03359375
11 0.356640625 0.55859375 0.0265625 0.03125
11 0.58359375 0.49140625 0.017578125 0.019921875
11 0.60625 0.49375 0.02734375 0.017578125
11 0.683203125 0.452734375 0.030078125 0.04453125
11 0.719921875 0.458984375 0.03671875 0.034375