0 0.45703125 0.36328125 0.007421875 0.00546875
11 0.45546875 0.381640625 0.0140625 0.014453125
8 0.448828125 0.349609375 0.017578125 0.023046875
2 0.473828125 0.35234375 0.007421875 0.025
2 0.4140625 0.35078125 0.005078125 0.02421875
1 0.42734375 0.35078125 0.018359375 0.026171875
11 0.52109375 0.3625 0.0125 0.01640625
11 0.510546875 0.361328125 0.004296875 0.013671875
11 0.499609375 0.3609375 0.0109375 0.01328125
11 0.488671875 0.36015625 0.007421875 0.013671875
11 0.51171875 0.34765625 0.01015625 0.009375
11 0.51796875 0.3828125 0.0140625 0.014453125
11 0.499609375 0.34453125 0.008984375 0.01171875
12 0.461328125 0.362890625 0.1625 0.079296875