8 0.683984375 0.516796875 0.028125 0.0625
1 0.732421875 0.6046875 0.03515625 0.07421875
1 0.642578125 0.607421875 0.033203125 0.071484375
2 0.617578125 0.608203125 0.0125 0.067578125
2 0.5921875 0.522265625 0.0125 0.059765625
2 0.76015625 0.517578125 0.0125 0.063671875
3 0.6796875 0.440234375 0.033203125 0.078125
10 0.71484375 0.43828125 0.033203125 0.07421875
10 0.71796875 0.518359375 0.03125 0.0703125
11 0.797265625 0.5046875 0.0265625 0.024609375
12 0.70859375 0.5234375 0.53203125 0.3046875
10 0.65 0.521484375 0.03046875 0.06640625
6 0.61640625 0.520703125 0.029296875 0.067578125
6 0.693359375 0.608203125 0.037109375 0.073046875
11 0.66796875 0.607421875 0.009765625 0.053515625
11 0.7765625 0.436328125 0.03515625 0.075390625
11 0.80859375 0.44609375 0.029296875 0.05859375
11 0.83984375 0.4453125 0.033203125 0.057421875
11 0.7765625 0.501953125 0.015625 0.03515625
11 0.55234375 0.4421875 0.03046875 0.076953125
11 0.58515625 0.451953125 0.03125 0.0546875
11 0.617578125 0.450390625 0.034375 0.057421875