1 0.60625 0.458203125 0.017578125 0.017578125
12 0.503515625 0.478515625 0.3265625 0.06796875
3 0.533984375 0.47578125 0.019140625 0.01640625
7 0.512109375 0.47578125 0.021875 0.01484375
5 0.52421875 0.49453125 0.02421875 0.015625
6 0.450390625 0.47578125 0.0203125 0.015625
6 0.46875 0.458203125 0.021875 0.017578125
11 0.5671875 0.46015625 0.0203125 0.01328125
0 0.4859375 0.46328125 0.012109375 0.00703125
10 0.509375 0.458203125 0.021875 0.017578125
1 0.628125 0.4578125 0.023046875 0.01796875
1 0.5 0.4953125 0.02421875 0.01796875
1 0.467578125 0.4953125 0.026953125 0.01796875
2 0.434765625 0.4765625 0.0109375 0.016796875
2 0.589453125 0.459375 0.01640625 0.019921875
4 0.491796875 0.475 0.019140625 0.01640625
4 0.4703125 0.475390625 0.019140625 0.015625
11 0.549609375 0.472265625 0.009375 0.008203125
11 0.562890625 0.47265625 0.017578125 0.00703125
11 0.369921875 0.45859375 0.021875 0.01875
11 0.391015625 0.461328125 0.0203125 0.013671875
11 0.412109375 0.45859375 0.021875 0.01875
11 0.548828125 0.4578125 0.01640625 0.01796875