11 0.53125 0.458203125 0.01015625 0.014453125
0 0.474609375 0.425390625 0.01015625 0.008203125
12 0.54296875 0.4359375 0.29140625 0.086328125
11 0.584375 0.428515625 0.01015625 0.009375
11 0.596875 0.429296875 0.016796875 0.00703125
11 0.62890625 0.411328125 0.01875 0.021875
11 0.65 0.4125 0.02109375 0.016796875
11 0.459765625 0.423046875 0.02109375 0.015625
11 0.423828125 0.422265625 0.024609375 0.01953125
6 0.5671875 0.45546875 0.024609375 0.02109375
6 0.54453125 0.456640625 0.02109375 0.01875
7 0.57109375 0.433203125 0.016796875 0.01875
8 0.55390625 0.433984375 0.01796875 0.01640625
9 0.533984375 0.43515625 0.01796875 0.01640625
3 0.516796875 0.436328125 0.016796875 0.017578125
2 0.483984375 0.439453125 0.008984375 0.015625
2 0.5015625 0.459765625 0.008984375 0.01875
10 0.497265625 0.437890625 0.01796875 0.01875
1 0.42421875 0.4421875 0.02109375 0.01640625
1 0.5984375 0.412890625 0.022265625 0.01875
1 0.561328125 0.413671875 0.0234375 0.01796875
1 0.516015625 0.45859375 0.019921875 0.01875
0 0.577734375 0.418359375 0.01015625 0.00859375