2 0.286328125 0.519140625 0.0234375 0.0578125
11 0.1140625 0.449609375 0.053515625 0.06953125
11 0.166796875 0.447265625 0.0546875 0.068359375
11 0.21953125 0.445703125 0.055859375 0.06953125
11 0.270703125 0.44375 0.0546875 0.06953125
11 0.3234375 0.44375 0.055859375 0.07109375
11 0.375 0.44296875 0.041796875 0.06953125
11 0.427734375 0.4421875 0.055859375 0.0703125
11 0.48046875 0.439453125 0.0390625 0.0703125
11 0.588671875 0.496875 0.0234375 0.033203125
11 0.621875 0.500390625 0.04296875 0.02421875
11 0.41875 0.6 0.022265625 0.04609375
0 0.728515625 0.45625 0.02734375 0.025390625
10 0.633984375 0.437109375 0.057421875 0.06953125
4 0.689453125 0.434375 0.053515625 0.0703125
5 0.7921875 0.431640625 0.05859375 0.0703125
1 0.109375 0.521484375 0.0546875 0.060546875
2 0.3328125 0.601953125 0.024609375 0.06328125
7 0.325390625 0.51796875 0.0546875 0.06328125
7 0.43671875 0.515625 0.053515625 0.060546875
7 0.49296875 0.513671875 0.053515625 0.0625
3 0.380078125 0.51640625 0.0546875 0.064453125
3 0.46015625 0.5984375 0.05859375 0.0703125
8 0.551953125 0.5109375 0.049609375 0.060546875
9 0.377734375 0.6 0.059765625 0.07109375
9 0.525390625 0.59765625 0.061328125 0.072265625
12 0.46015625 0.528125 0.858203125 0.287109375