3 0.4 0.394921875 0.03984375 0.03828125
12 0.42265625 0.435546875 0.543359375 0.14453125
2 0.3109375 0.434375 0.0171875 0.03125
2 0.419140625 0.43125 0.019140625 0.03203125
2 0.45390625 0.43046875 0.015625 0.03125
1 0.370703125 0.47265625 0.043359375 0.0390625
9 0.33671875 0.433203125 0.034765625 0.034375
11 0.2640625 0.398828125 0.041796875 0.03828125
11 0.301953125 0.40234375 0.034765625 0.029296875
11 0.528515625 0.42265625 0.026171875 0.017578125
11 0.50625 0.422265625 0.019140625 0.0203125
11 0.334375 0.396875 0.026171875 0.03828125
11 0.5 0.39296875 0.03828125 0.03828125
11 0.534765625 0.396484375 0.034765625 0.029296875
11 0.56953125 0.39609375 0.034765625 0.03046875
3 0.465234375 0.4703125 0.041796875 0.03828125
9 0.3734375 0.4328125 0.03828125 0.033203125
5 0.480078125 0.4296875 0.0328125 0.03125
6 0.42265625 0.47109375 0.043359375 0.03828125
5 0.434765625 0.394921875 0.036328125 0.03828125
3 0.328125 0.4734375 0.0453125 0.0390625