7 0.78828125 0.764453125 0.03125 0.059765625
11 0.634375 0.689453125 0.028125 0.048046875
7 0.753515625 0.6875 0.03046875 0.065234375
11 0.60390625 0.68046875 0.03046875 0.06640625
12 0.7421875 0.76953125 0.4921875 0.3046875
11 0.8421875 0.701953125 0.028125 0.049609375
11 0.812109375 0.690625 0.03203125 0.06640625
6 0.755859375 0.762890625 0.029296875 0.059765625
6 0.724609375 0.760546875 0.029296875 0.059765625
6 0.66171875 0.75703125 0.028125 0.05859375
6 0.7703125 0.8484375 0.033203125 0.069140625
6 0.733984375 0.846484375 0.03203125 0.067578125
3 0.723046875 0.685546875 0.03046875 0.06640625
10 0.69296875 0.758984375 0.03046875 0.059765625
1 0.6859375 0.84453125 0.0359375 0.069140625
2 0.6390625 0.756640625 0.0125 0.0546875
11 0.663671875 0.68671875 0.028125 0.055859375
2 0.6609375 0.84375 0.01171875 0.0625
11 0.831640625 0.755078125 0.02265625 0.0234375
11 0.812890625 0.751953125 0.01484375 0.030078125
11 0.871484375 0.703125 0.03046875 0.049609375