3 0.49921875 0.61875 0.026171875 0.054296875
11 0.544921875 0.618359375 0.00859375 0.03671875
5 0.57890625 0.552734375 0.020703125 0.042578125
5 0.56328125 0.618359375 0.02578125 0.0484375
2 0.53515625 0.619140625 0.00859375 0.0484375
2 0.453125 0.628515625 0.007421875 0.03515625
2 0.43359375 0.628515625 0.00703125 0.03515625
4 0.53125 0.55234375 0.02109375 0.046484375
3 0.70859375 0.49453125 0.021875 0.05078125
3 0.50625 0.553515625 0.02265625 0.044921875
3 0.481640625 0.55390625 0.021875 0.045703125
10 0.663671875 0.494921875 0.02109375 0.0515625
9 0.603125 0.552734375 0.02265625 0.045703125
9 0.59140625 0.61796875 0.02578125 0.05234375
9 0.64140625 0.49453125 0.02265625 0.05234375
0 0.68046875 0.511328125 0.01171875 0.019140625
11 0.473046875 0.626953125 0.01640625 0.0375
12 0.56015625 0.56171875 0.3625 0.21171875
11 0.437890625 0.494921875 0.020703125 0.0515625
11 0.4609375 0.494921875 0.021875 0.0515625
11 0.48359375 0.4953125 0.021875 0.05234375
11 0.529296875 0.4953125 0.02265625 0.05234375
11 0.55234375 0.494921875 0.02265625 0.0515625
11 0.62109375 0.541015625 0.011328125 0.0234375
11 0.63515625 0.54375 0.017578125 0.019140625
1 0.41015625 0.553515625 0.021875 0.044921875
1 0.5546875 0.551953125 0.021875 0.045703125
11 0.41484375 0.4953125 0.021875 0.05234375