6 0.583984375 0.5125 0.021484375 0.045703125
1 0.53046875 0.51640625 0.021484375 0.045703125
2 0.49765625 0.4640625 0.00703125 0.03515625
3 0.547265625 0.412890625 0.01875 0.044140625
3 0.50703125 0.517578125 0.021484375 0.045703125
3 0.551171875 0.459765625 0.01875 0.0390625
3 0.560546875 0.514453125 0.021484375 0.044140625
4 0.43203125 0.46796875 0.01875 0.037890625
4 0.5921875 0.458203125 0.01875 0.0390625
6 0.566796875 0.411328125 0.01875 0.044140625
6 0.571875 0.458203125 0.0203125 0.0390625
9 0.531640625 0.4609375 0.01875 0.0390625
9 0.51171875 0.462890625 0.01953125 0.037890625
11 0.5453125 0.514453125 0.00703125 0.028515625
11 0.61875 0.44921875 0.01484375 0.015625
11 0.60703125 0.447265625 0.00859375 0.01953125
11 0.64140625 0.412109375 0.01953125 0.032421875
11 0.623046875 0.41328125 0.017578125 0.032421875
11 0.603515625 0.408984375 0.01953125 0.044140625
11 0.51015625 0.4171875 0.01875 0.037890625
11 0.491796875 0.421875 0.01875 0.033984375
11 0.472265625 0.4171875 0.01875 0.045703125
12 0.56171875 0.466015625 0.30859375 0.192578125