11 0.403515625 0.460546875 0.02265625 0.0203125
11 0.573046875 0.4625 0.020703125 0.01484375
1 0.49140625 0.482421875 0.020703125 0.017578125
5 0.5140625 0.482421875 0.020703125 0.015625
9 0.4453125 0.482421875 0.02265625 0.017578125
9 0.50859375 0.46015625 0.020703125 0.01953125
10 0.525 0.50703125 0.026171875 0.01953125
10 0.536328125 0.482421875 0.020703125 0.017578125
11 0.565234375 0.47890625 0.015625 0.00703125
11 0.553125 0.478515625 0.012109375 0.009765625
11 0.59453125 0.4625 0.019140625 0.01484375
11 0.551171875 0.459375 0.02265625 0.01875
11 0.4453125 0.4625 0.019140625 0.01484375
11 0.424609375 0.46015625 0.019140625 0.01953125
12 0.496484375 0.484375 0.347265625 0.08203125
2 0.4296875 0.4828125 0.00859375 0.01640625
2 0.5078125 0.50703125 0.00859375 0.017578125
4 0.46796875 0.482421875 0.019140625 0.017578125
3 0.488671875 0.46015625 0.02265625 0.01953125
3 0.4390625 0.50703125 0.02421875 0.01953125
1 0.465234375 0.50703125 0.02421875 0.01953125