11 0.137109375 0.58984375 0.025390625 0.025
12 0.362109375 0.60078125 0.564453125 0.196875
9 0.49296875 0.54453125 0.054296875 0.03984375
6 0.44375 0.54609375 0.04765625 0.04140625
6 0.397265625 0.5484375 0.04765625 0.041796875
2 0.360546875 0.548828125 0.025390625 0.036328125
8 0.4640625 0.6328125 0.054296875 0.048046875
1 0.406640625 0.63515625 0.062109375 0.05078125
1 0.3390625 0.63671875 0.0578125 0.04921875
3 0.28515625 0.638671875 0.054296875 0.05
11 0.49453125 0.58125 0.035546875 0.02109375
11 0.462109375 0.58125 0.02890625 0.023828125
11 0.204296875 0.588671875 0.0265625 0.025
11 0.183984375 0.58984375 0.014453125 0.026953125
11 0.1640625 0.58984375 0.025390625 0.026171875