11 0.59140625 0.233203125 0.02265625 0.06796875
11 0.369921875 0.197265625 0.019921875 0.06796875
11 0.330859375 0.24921875 0.01171875 0.041796875
11 0.3421875 0.255078125 0.014453125 0.041796875
11 0.35703125 0.25703125 0.01171875 0.04609375
11 0.36640625 0.259375 0.010546875 0.04765625
2 0.504296875 0.1140625 0.026171875 0.141796875
1 0.526953125 0.35625 0.03125 0.119921875
2 0.546484375 0.1140625 0.028125 0.1328125
1 0.435546875 0.09453125 0.042578125 0.137109375
5 0.458203125 0.340234375 0.03359375 0.102734375
7 0.421875 0.339453125 0.030078125 0.115625
8 0.392578125 0.331640625 0.026171875 0.108203125
8 0.498046875 0.3484375 0.03125 0.1328125
2 0.405859375 0.0875 0.029296875 0.134375
12 0.46484375 0.243359375 0.3359375 0.48671875