9 0.601953125 0.4953125 0.027734375 0.021484375
2 0.516015625 0.516015625 0.009765625 0.01640625
10 0.534765625 0.515234375 0.019921875 0.01640625
4 0.55859375 0.515234375 0.019921875 0.01640625
1 0.609765625 0.51484375 0.019921875 0.015625
3 0.487109375 0.515234375 0.019921875 0.01484375
3 0.583984375 0.51484375 0.019921875 0.015625
4 0.56328125 0.4953125 0.02578125 0.021484375
10 0.52578125 0.49609375 0.02578125 0.021484375
0 0.58203125 0.503515625 0.0078125 0.0046875
12 0.54765625 0.503125 0.183984375 0.046875