12 0.484765625 0.458984375 0.323828125 0.1
5 0.47734375 0.45546875 0.019921875 0.015234375
2 0.42109375 0.459765625 0.009375 0.0171875
4 0.5 0.454296875 0.017578125 0.01875
3 0.45703125 0.4578125 0.01484375 0.01953125
3 0.51875 0.453125 0.01484375 0.01796875
3 0.489453125 0.47890625 0.019921875 0.02109375
1 0.45703125 0.48125 0.02265625 0.02109375
1 0.511328125 0.432421875 0.021484375 0.02109375
4 0.548828125 0.43046875 0.021484375 0.021875
4 0.48984375 0.4328125 0.021484375 0.01953125
2 0.51796875 0.476953125 0.016015625 0.01875
11 0.5328125 0.4484375 0.010546875 0.009765625
11 0.545703125 0.448046875 0.01484375 0.008984375
11 0.473046875 0.4796875 0.009375 0.015234375
0 0.525390625 0.437109375 0.012109375 0.009765625
11 0.4109375 0.444921875 0.01328125 0.008984375
11 0.3921875 0.44296875 0.021484375 0.0171875
11 0.35546875 0.443359375 0.02265625 0.02109375
11 0.584375 0.427734375 0.019921875 0.02109375
11 0.605078125 0.42890625 0.01875 0.015625
10 0.437890625 0.458984375 0.01875 0.01875