8 0.673828125 0.777734375 0.021484375 0.0625
5 0.7265625 0.776953125 0.0234375 0.057421875
11 0.725 0.8453125 0.01875 0.027734375
11 0.659375 0.94453125 0.009765625 0.05546875
11 0.71015625 0.8421875 0.01171875 0.03125
11 0.56171875 0.855078125 0.013671875 0.036328125
11 0.52734375 0.856640625 0.015625 0.036328125
2 0.653125 0.78203125 0.0078125 0.057421875
0 0.7140625 0.803125 0.005859375 0.012109375
11 0.54140625 0.855859375 0.01484375 0.034765625
12 0.664453125 0.853125 0.325 0.28984375
11 0.55234375 0.855078125 0.00703125 0.0328125
2 0.70703125 0.778515625 0.0078125 0.057421875