1 0.326171875 0.65625 0.022265625 0.017578125
4 0.2625 0.71484375 0.022265625 0.017578125
5 0.31328125 0.66328125 0.01953125 0.017578125
5 0.4796875 0.68828125 0.03515625 0.03515625
6 0.3390625 0.750390625 0.045703125 0.03984375
8 0.541796875 0.65390625 0.020703125 0.0125
12 0.403125 0.7328125 0.311328125 0.17109375
1 0.279296875 0.70859375 0.022265625 0.01875
10 0.3875 0.73203125 0.048046875 0.03984375
1 0.298828125 0.775390625 0.04296875 0.0390625
1 0.517578125 0.6671875 0.040234375 0.033203125
1 0.256640625 0.75625 0.018359375 0.01875
7 0.428515625 0.707421875 0.044140625 0.03828125