4 0.32109375 0.590625 0.02734375 0.03359375
4 0.467578125 0.5890625 0.0265625 0.033203125
2 0.440234375 0.63359375 0.020703125 0.03828125
2 0.470703125 0.63359375 0.01484375 0.03515625
11 0.59453125 0.58125 0.02421875 0.013671875
11 0.6328125 0.55234375 0.02421875 0.02890625
11 0.57734375 0.58046875 0.01484375 0.016796875
11 0.380078125 0.55078125 0.031640625 0.036328125
11 0.41015625 0.55390625 0.030078125 0.029296875
11 0.4359375 0.55 0.0234375 0.03984375
11 0.60234375 0.55234375 0.025 0.028125
9 0.5265625 0.58828125 0.028515625 0.033203125
3 0.4921875 0.55 0.029296875 0.038671875
11 0.575 0.54921875 0.028515625 0.03671875
10 0.52109375 0.548828125 0.029296875 0.03515625
11 0.486328125 0.63359375 0.0125 0.026953125
6 0.496484375 0.58828125 0.028515625 0.033203125
6 0.509765625 0.632421875 0.032421875 0.0375
3 0.55625 0.58828125 0.02578125 0.03359375
3 0.5421875 0.632421875 0.032421875 0.038671875
12 0.507421875 0.591015625 0.453515625 0.140625
3 0.407421875 0.58984375 0.0265625 0.03359375
5 0.437109375 0.5890625 0.029296875 0.03203125