11 0.632421875 0.52109375 0.028515625 0.02734375
5 0.448046875 0.55703125 0.029296875 0.030078125
4 0.33828125 0.55703125 0.028515625 0.03203125
7 0.4734375 0.59765625 0.033203125 0.03828125
6 0.5328125 0.555078125 0.02734375 0.032421875
9 0.547265625 0.59765625 0.033984375 0.0375
9 0.5046875 0.55546875 0.02734375 0.032421875
8 0.56171875 0.554296875 0.025 0.03125
11 0.39296875 0.519140625 0.029296875 0.03671875
11 0.41953125 0.51953125 0.02578125 0.036328125
12 0.514453125 0.56015625 0.4359375 0.154296875
11 0.44765625 0.52265625 0.028515625 0.029296875
11 0.576171875 0.516796875 0.030859375 0.036328125
3 0.41875 0.55703125 0.02734375 0.032421875
11 0.605859375 0.52109375 0.025 0.028125
3 0.526171875 0.51796875 0.030859375 0.036328125
2 0.4484375 0.598046875 0.01328125 0.03515625
2 0.5234375 0.59765625 0.01484375 0.03515625
2 0.482421875 0.55546875 0.01484375 0.030078125
2 0.498046875 0.518359375 0.02578125 0.03828125
11 0.5984375 0.5484375 0.019921875 0.015625
11 0.581640625 0.547265625 0.01484375 0.01796875