12 0.558984375 0.5984375 0.7234375 0.235546875
11 0.670703125 0.579296875 0.018359375 0.02890625
11 0.698828125 0.582421875 0.032421875 0.025
11 0.521484375 0.664453125 0.018359375 0.04375
11 0.383203125 0.675 0.034375 0.042578125
2 0.535546875 0.53203125 0.031640625 0.061328125
2 0.412890625 0.595703125 0.025 0.055078125
11 0.449609375 0.53515625 0.046875 0.053125
11 0.401953125 0.5375 0.041796875 0.04765625
11 0.35390625 0.530859375 0.041015625 0.059375
2 0.459765625 0.594921875 0.016015625 0.055078125
2 0.449609375 0.66640625 0.019921875 0.059375
4 0.259375 0.597265625 0.044140625 0.05703125
4 0.589453125 0.593359375 0.0375 0.05546875
5 0.56015625 0.662890625 0.04921875 0.053125
5 0.61484375 0.66328125 0.05 0.055078125
8 0.580078125 0.529296875 0.04609375 0.05859375
8 0.4890625 0.662109375 0.041015625 0.054296875
2 0.305078125 0.67578125 0.01484375 0.03828125
1 0.33203125 0.676171875 0.034375 0.04140625
1 0.541796875 0.59296875 0.044140625 0.051953125
9 0.494921875 0.592578125 0.042578125 0.05
3 0.6359375 0.592578125 0.03828125 0.055078125
11 0.75546875 0.537109375 0.041015625 0.045703125
11 0.6671875 0.529296875 0.044140625 0.05625
11 0.709765625 0.534765625 0.041015625 0.041796875