1 0.540625 0.49765625 0.019140625 0.01640625
0 0.53046875 0.50546875 0.005078125 0.0046875
11 0.463671875 0.50859375 0.010546875 0.009765625
11 0.47578125 0.51015625 0.0140625 0.00703125
2 0.43671875 0.52265625 0.015625 0.017578125
2 0.46015625 0.5234375 0.0140625 0.01953125
9 0.478125 0.523828125 0.02265625 0.01875
5 0.502734375 0.525 0.02265625 0.01875
7 0.527734375 0.525390625 0.02421875 0.01953125
4 0.553125 0.5265625 0.02265625 0.01953125
12 0.490625 0.512109375 0.175390625 0.06328125
1 0.518359375 0.49765625 0.019140625 0.01640625