11 0.74453125 0.197265625 0.03515625 0.03203125
11 0.267578125 0.28359375 0.0390625 0.03515625
11 0.24609375 0.457421875 0.02734375 0.023828125
12 0.45859375 0.33984375 0.9109375 0.66015625
5 0.771875 0.36875 0.109765625 0.09765625
5 0.6375 0.36640625 0.117578125 0.09921875
1 0.474609375 0.36171875 0.128125 0.10390625
2 0.36796875 0.357421875 0.053125 0.1
11 0.7109375 0.28828125 0.0265625 0.023046875
11 0.734375 0.28984375 0.019921875 0.023828125
11 0.76015625 0.28984375 0.028125 0.019921875
9 0.466015625 0.515625 0.080859375 0.061328125
8 0.565234375 0.51640625 0.075 0.05859375
9 0.655859375 0.51953125 0.082421875 0.06171875
11 0.789453125 0.291015625 0.025 0.020703125
11 0.273046875 0.4578125 0.0265625 0.023046875
11 0.304296875 0.458203125 0.030859375 0.023828125
4 0.274609375 0.513671875 0.0765625 0.061328125
1 0.368359375 0.514453125 0.083984375 0.06015625
11 0.815625 0.291015625 0.02421875 0.020703125