7 0.562890625 0.3125 0.0234375 0.01640625
6 0.513671875 0.33515625 0.0234375 0.020703125
3 0.425390625 0.310546875 0.0234375 0.01640625
3 0.451953125 0.334765625 0.024609375 0.020703125
2 0.490234375 0.335546875 0.010546875 0.01875
2 0.55078125 0.336328125 0.01171875 0.01875
9 0.453125 0.311328125 0.024609375 0.01640625
9 0.50859375 0.31171875 0.0234375 0.01640625
5 0.48046875 0.31171875 0.022265625 0.01640625
11 0.498046875 0.33515625 0.005078125 0.00859375
10 0.5359375 0.312109375 0.0234375 0.015625
12 0.4953125 0.307421875 0.361328125 0.092578125