12 0.501171875 0.33828125 0.41171875 0.164453125
11 0.6328125 0.345703125 0.022265625 0.013671875
1 0.460546875 0.308203125 0.04453125 0.038671875
2 0.423828125 0.3078125 0.02890625 0.03671875
11 0.605859375 0.39296875 0.01328125 0.009375
11 0.59140625 0.39296875 0.01328125 0.009375
7 0.56484375 0.38125 0.035546875 0.032421875
1 0.52734375 0.3796875 0.035546875 0.03203125
9 0.487890625 0.37890625 0.038671875 0.03046875
6 0.45078125 0.37734375 0.033203125 0.03125
8 0.416015625 0.376953125 0.02890625 0.03125
11 0.402734375 0.355859375 0.0109375 0.009375
11 0.39140625 0.35546875 0.012109375 0.01015625
11 0.37890625 0.355078125 0.012109375 0.011328125
11 0.365625 0.355078125 0.016796875 0.011328125
11 0.349609375 0.354296875 0.015625 0.011328125
11 0.391796875 0.33828125 0.024609375 0.017578125
8 0.575390625 0.31015625 0.03671875 0.038671875
4 0.523828125 0.309765625 0.04453125 0.039453125
11 0.4921875 0.309765625 0.016796875 0.01953125