1 0.534375 0.55234375 0.023046875 0.01640625
1 0.56640625 0.535546875 0.021875 0.013671875
1 0.544140625 0.51875 0.023046875 0.01640625
2 0.616015625 0.519140625 0.012109375 0.016796875
2 0.5109375 0.552734375 0.013671875 0.014453125
2 0.490625 0.55234375 0.013671875 0.01484375
2 0.4453125 0.5546875 0.009375 0.01171875
2 0.430859375 0.554296875 0.0109375 0.011328125
9 0.507421875 0.51875 0.0203125 0.013671875
0 0.522265625 0.5234375 0.009375 0.00546875
11 0.594140625 0.532421875 0.012109375 0.00625
11 0.583203125 0.532421875 0.009375 0.00625
11 0.462890625 0.5546875 0.01484375 0.01171875
11 0.598046875 0.521484375 0.0203125 0.01171875
11 0.45390625 0.51875 0.019140625 0.017578125
11 0.435546875 0.519921875 0.017578125 0.0125
11 0.4171875 0.51796875 0.019140625 0.01484375
1 0.633984375 0.51953125 0.019140625 0.01484375
1 0.65390625 0.51953125 0.023046875 0.015625
3 0.4890625 0.534765625 0.02421875 0.014453125
3 0.55703125 0.553515625 0.021875 0.016796875
8 0.512109375 0.533984375 0.019140625 0.01328125
8 0.53046875 0.534765625 0.01484375 0.01328125
10 0.546875 0.53515625 0.017578125 0.014453125
11 0.579296875 0.51875 0.01484375 0.01875
12 0.534375 0.53515625 0.318359375 0.066796875
1 0.4140625 0.533984375 0.0203125 0.01171875