12 0.514453125 0.521875 0.270703125 0.0890625
1 0.52421875 0.496875 0.016796875 0.021484375
11 0.440625 0.49921875 0.016796875 0.021484375
11 0.4578125 0.4984375 0.016796875 0.0203125
11 0.474609375 0.50078125 0.016796875 0.015625
11 0.573046875 0.49921875 0.015625 0.015625
11 0.590625 0.4984375 0.016796875 0.01640625
11 0.5578125 0.51484375 0.006640625 0.009765625
11 0.568359375 0.515234375 0.014453125 0.00703125
9 0.475390625 0.52109375 0.015625 0.01875
9 0.545703125 0.519140625 0.015625 0.01875
9 0.537890625 0.544921875 0.018359375 0.021484375
5 0.528125 0.51953125 0.016796875 0.017578125
4 0.50703125 0.496875 0.016796875 0.01953125
4 0.493359375 0.519921875 0.015625 0.01875
3 0.510546875 0.519921875 0.015625 0.01875
3 0.517578125 0.544921875 0.01953125 0.021484375
3 0.471484375 0.546875 0.018359375 0.021484375
2 0.462890625 0.521484375 0.006640625 0.017578125
1 0.49140625 0.54609375 0.01953125 0.021484375
11 0.555859375 0.49609375 0.018359375 0.021484375