12 0.556640625 0.88203125 0.1953125 0.196484375
11 0.59375 0.87890625 0.009765625 0.016015625
6 0.52734375 0.880078125 0.01171875 0.041796875
2 0.5171875 0.880078125 0.00703125 0.037890625
2 0.5265625 0.932421875 0.0078125 0.04375
1 0.539453125 0.880859375 0.0125 0.03984375
1 0.569921875 0.936328125 0.01484375 0.04765625
9 0.5515625 0.880859375 0.01171875 0.03984375
7 0.5640625 0.88203125 0.0125 0.041796875
4 0.57734375 0.884765625 0.01171875 0.03984375
8 0.53828125 0.93359375 0.013671875 0.049609375
4 0.55546875 0.934375 0.013671875 0.04765625
9 0.59609375 0.840234375 0.0125 0.045703125
10 0.608984375 0.840234375 0.0109375 0.045703125
1 0.63203125 0.8421875 0.013671875 0.045703125
0 0.6171875 0.85625 0.005859375 0.01796875
11 0.480859375 0.829296875 0.0125 0.04375
11 0.49375 0.83125 0.0109375 0.04765625
11 0.5046875 0.83125 0.01171875 0.04765625
11 0.51640625 0.832421875 0.01171875 0.045703125
11 0.52734375 0.832421875 0.01171875 0.045703125
11 0.5390625 0.834375 0.01171875 0.045703125
11 0.551171875 0.83515625 0.0125 0.04765625
11 0.5859375 0.875 0.005859375 0.023828125