11 0.599609375 0.519921875 0.005859375 0.019140625
12 0.5734375 0.528515625 0.181640625 0.140625
4 0.56796875 0.528515625 0.0109375 0.0328125
4 0.5796875 0.526953125 0.0109375 0.0328125
4 0.590625 0.526953125 0.01171875 0.0328125
1 0.4984375 0.53046875 0.0109375 0.0328125
2 0.576171875 0.490625 0.01171875 0.036328125
10 0.5546875 0.5703125 0.013671875 0.036328125
6 0.5734375 0.56875 0.01171875 0.036328125
6 0.51640625 0.57734375 0.009765625 0.026171875
5 0.585546875 0.567578125 0.01484375 0.034765625
3 0.54375 0.5296875 0.01171875 0.03125
8 0.55625 0.527734375 0.0109375 0.03125
11 0.529296875 0.57734375 0.0078125 0.026171875
11 0.521484375 0.49296875 0.01171875 0.034765625
11 0.53359375 0.497265625 0.0109375 0.026171875
11 0.54375 0.49296875 0.009765625 0.034765625
11 0.596875 0.490625 0.01171875 0.036328125
11 0.6078125 0.49296875 0.0109375 0.027734375
11 0.620703125 0.4921875 0.0125 0.0296875
11 0.5640625 0.56953125 0.0046875 0.027734375
11 0.60625 0.520703125 0.0078125 0.0140625