11 0.60859375 0.449609375 0.024609375 0.01875
11 0.478515625 0.50859375 0.01171875 0.03515625
12 0.503125 0.4625 0.52734375 0.17265625
11 0.587109375 0.446875 0.015625 0.02265625
11 0.650390625 0.416015625 0.03515625 0.03515625
11 0.6171875 0.41484375 0.03125 0.03515625
11 0.583984375 0.40859375 0.032421875 0.04375
11 0.423046875 0.41640625 0.033984375 0.034375
11 0.390625 0.410546875 0.028515625 0.04375
11 0.35546875 0.410546875 0.03125 0.04375
9 0.451953125 0.50859375 0.036328125 0.044921875
1 0.49140625 0.456640625 0.032421875 0.03984375
2 0.48828125 0.4109375 0.0234375 0.048828125
2 0.424609375 0.509375 0.018359375 0.04375
4 0.505859375 0.50859375 0.03515625 0.044921875
4 0.28828125 0.45625 0.030078125 0.04296875
5 0.42265625 0.456640625 0.032421875 0.03828125
5 0.544921875 0.508203125 0.040234375 0.04609375
5 0.56171875 0.45625 0.032421875 0.0390625
5 0.5265625 0.456640625 0.032421875 0.0359375
5 0.5234375 0.412109375 0.0390625 0.046875
3 0.458203125 0.456640625 0.03125 0.0421875
3 0.3859375 0.4578125 0.032421875 0.044921875