11 0.551953125 0.530078125 0.017578125 0.02109375
12 0.517578125 0.553125 0.23984375 0.08359375
6 0.51171875 0.55078125 0.01484375 0.01796875
6 0.526953125 0.55078125 0.0140625 0.017578125
6 0.518359375 0.57421875 0.018359375 0.020703125
2 0.48125 0.57421875 0.0109375 0.019921875
2 0.4984375 0.574609375 0.008203125 0.01953125
2 0.541015625 0.57421875 0.01015625 0.020703125
2 0.508203125 0.53046875 0.01484375 0.02109375
3 0.46328125 0.5515625 0.016796875 0.01953125
3 0.4953125 0.55078125 0.0140625 0.01796875
5 0.479296875 0.5515625 0.01484375 0.016796875
4 0.54296875 0.550390625 0.016015625 0.01796875
4 0.419140625 0.551171875 0.01484375 0.01875
10 0.524609375 0.530078125 0.016015625 0.02109375
11 0.449609375 0.53046875 0.017578125 0.02109375
11 0.465234375 0.53046875 0.0140625 0.019921875
11 0.480078125 0.5328125 0.01484375 0.015625
11 0.56796875 0.53203125 0.0140625 0.01640625
11 0.5828125 0.532421875 0.0140625 0.01640625
11 0.5546875 0.546484375 0.005859375 0.010546875
11 0.564453125 0.547265625 0.0125 0.008203125
11 0.505859375 0.574609375 0.006640625 0.014453125