12 0.41640625 0.507421875 0.203515625 0.0984375
1 0.34765625 0.54296875 0.034765625 0.01953125
1 0.458203125 0.487890625 0.036328125 0.0265625
1 0.34453125 0.478515625 0.017578125 0.009765625
1 0.319921875 0.5078125 0.017578125 0.009765625
1 0.39140625 0.460546875 0.017578125 0.00859375
7 0.433203125 0.459375 0.0140625 0.0109375
6 0.496484375 0.480859375 0.036328125 0.01875
5 0.37578125 0.527734375 0.034765625 0.02421875
5 0.334765625 0.483984375 0.015625 0.0109375
9 0.4 0.51328125 0.03828125 0.01875
8 0.495703125 0.46171875 0.017578125 0.01171875
6 0.380078125 0.465234375 0.015625 0.0109375
8 0.425390625 0.4984375 0.043359375 0.02265625