12 0.435546875 0.547265625 0.274609375 0.10234375
3 0.541796875 0.515234375 0.0390625 0.03828125
1 0.3078125 0.546484375 0.016796875 0.01875
1 0.3359375 0.57109375 0.036328125 0.033203125
8 0.567578125 0.501953125 0.012890625 0.017578125
3 0.4609375 0.537109375 0.0390625 0.03515625
2 0.42109375 0.5484375 0.02734375 0.03828125
4 0.321484375 0.515234375 0.015625 0.0203125
4 0.50078125 0.52578125 0.037890625 0.034375
7 0.376171875 0.55625 0.036328125 0.0359375
1 0.338671875 0.51171875 0.015625 0.01953125