11 0.72265625 0.729296875 0.009765625 0.027734375
10 0.814453125 0.6703125 0.021484375 0.051953125
8 0.79296875 0.6703125 0.017578125 0.0484375
5 0.769921875 0.6734375 0.02265625 0.051953125
6 0.74765625 0.6734375 0.01875 0.051953125
9 0.72578125 0.676953125 0.01953125 0.051953125
2 0.71015625 0.6796875 0.0078125 0.050390625
11 0.7453125 0.730078125 0.01171875 0.0296875
11 0.733984375 0.729296875 0.0109375 0.027734375
11 0.798828125 0.723046875 0.0078125 0.0328125
11 0.71171875 0.730859375 0.01171875 0.027734375
11 0.81328125 0.72578125 0.015625 0.02421875
12 0.765234375 0.7578125 0.26640625 0.296875
11 0.69921875 0.730859375 0.01171875 0.03125
11 0.759375 0.80546875 0.0109375 0.0453125