11 0.582421875 0.38984375 0.03984375 0.02734375
2 0.14921875 0.607421875 0.027734375 0.0234375
11 0.115625 0.620703125 0.03984375 0.03203125
11 0.097265625 0.633203125 0.027734375 0.02421875
11 0.073046875 0.64765625 0.051953125 0.03125
11 0.0296875 0.66015625 0.03828125 0.02734375
11 0.4515625 0.312109375 0.073046875 0.04375
11 0.417578125 0.3234375 0.0328125 0.05078125
11 0.379296875 0.351953125 0.074609375 0.05390625
11 0.325390625 0.37578125 0.067578125 0.041015625
11 0.621484375 0.375 0.0484375 0.033203125
0 0.519140625 0.4375 0.02421875 0.01171875
1 0.528515625 0.39765625 0.0921875 0.06640625
1 0.4625 0.43046875 0.0921875 0.06640625
1 0.146875 0.380859375 0.293359375 0.234375
12 0.434765625 0.473046875 0.86953125 0.60546875