4 0.501953125 0.491015625 0.0203125 0.016796875
4 0.46796875 0.470703125 0.0203125 0.01484375
12 0.50078125 0.47109375 0.353515625 0.07109375
11 0.48359375 0.491015625 0.0109375 0.01328125
11 0.56640625 0.467578125 0.013671875 0.00625
11 0.553515625 0.4671875 0.012109375 0.008203125
2 0.4484375 0.49140625 0.0109375 0.01640625
2 0.432421875 0.47109375 0.008203125 0.014453125
6 0.446484375 0.47109375 0.0203125 0.015625
6 0.52578125 0.491015625 0.02421875 0.016796875
4 0.5359375 0.470703125 0.017578125 0.01484375
7 0.513671875 0.47109375 0.019140625 0.015625
5 0.491015625 0.47109375 0.0203125 0.01328125