12 0.394921875 0.53125 0.66796875 0.307421875
2 0.180859375 0.51015625 0.062109375 0.067578125
1 0.2375 0.489453125 0.09765625 0.07265625
5 0.355859375 0.5890625 0.07890625 0.04921875
5 0.415234375 0.567578125 0.080078125 0.05
10 0.53203125 0.530078125 0.07421875 0.061328125
4 0.396875 0.4328125 0.098828125 0.078125
0 0.5140625 0.56171875 0.01328125 0.010546875
11 0.591015625 0.529296875 0.025390625 0.019921875
11 0.28515625 0.471484375 0.053125 0.040625
2 0.4859375 0.54609375 0.05546875 0.064453125
2 0.345703125 0.44765625 0.056640625 0.065625
11 0.26015625 0.580078125 0.030078125 0.017578125
11 0.298046875 0.568359375 0.01875 0.01953125
11 0.615234375 0.52265625 0.030078125 0.015625
11 0.195703125 0.5703125 0.04765625 0.034375
11 0.312890625 0.564453125 0.0265625 0.01875
11 0.283203125 0.574609375 0.02890625 0.01796875
11 0.55703125 0.440234375 0.048828125 0.03671875