12 0.42265625 0.294140625 0.3640625 0.098046875
3 0.350390625 0.298828125 0.02734375 0.019921875
8 0.380859375 0.2984375 0.0234375 0.01953125
3 0.435546875 0.298828125 0.026171875 0.01875
3 0.49296875 0.298828125 0.026171875 0.01875
5 0.444140625 0.323828125 0.02734375 0.023828125
11 0.42734375 0.323046875 0.008984375 0.011328125
2 0.481640625 0.323828125 0.014453125 0.023828125
9 0.4109375 0.323828125 0.028515625 0.023828125
9 0.4640625 0.298046875 0.0234375 0.01875
9 0.4078125 0.29921875 0.024609375 0.01953125