12 0.3359375 0.409765625 0.66328125 0.31796875
11 0.56953125 0.30234375 0.0234375 0.01796875
1 0.366796875 0.350390625 0.162109375 0.109375
1 0.51796875 0.34140625 0.048828125 0.03125
1 0.5359375 0.32109375 0.04765625 0.03125
0 0.543359375 0.339453125 0.008984375 0.00625
11 0.55703125 0.3125 0.0234375 0.013671875
11 0.44375 0.32890625 0.03203125 0.01875
11 0.4609375 0.31328125 0.03125 0.02578125
11 0.46953125 0.297265625 0.025390625 0.020703125
11 0.48046875 0.28984375 0.034375 0.017578125
10 0.203515625 0.375 0.051171875 0.03125
5 0.22734375 0.346875 0.04765625 0.02265625
5 0.2421875 0.32734375 0.048828125 0.023046875
11 0.26328125 0.31953125 0.024609375 0.015625
11 0.276171875 0.30703125 0.027734375 0.02109375
11 0.13046875 0.43046875 0.02109375 0.01171875
11 0.137890625 0.42265625 0.01796875 0.008203125
11 0.144921875 0.41484375 0.02109375 0.0125
11 0.155078125 0.404296875 0.0234375 0.0125
11 0.1515625 0.446875 0.02109375 0.0125
11 0.16171875 0.4359375 0.02109375 0.010546875
11 0.17109375 0.42890625 0.022265625 0.011328125
11 0.18046875 0.416015625 0.02109375 0.014453125
11 0.191015625 0.40390625 0.019921875 0.014453125
11 0.39375 0.489453125 0.02109375 0.013671875
11 0.40625 0.479296875 0.0234375 0.01640625
11 0.4140625 0.4703125 0.01875 0.010546875
11 0.41875 0.4625 0.01796875 0.01640625
2 0.429296875 0.45234375 0.016796875 0.01015625