3 0.503125 0.5078125 0.022265625 0.025390625
12 0.49609375 0.4953125 0.143359375 0.06640625
10 0.525390625 0.50859375 0.01953125 0.025390625
10 0.525390625 0.480859375 0.016796875 0.0203125
11 0.48828125 0.505859375 0.010546875 0.013671875
6 0.545703125 0.48125 0.015625 0.021484375
5 0.47265625 0.50703125 0.020703125 0.0234375
5 0.50703125 0.480859375 0.016796875 0.01875
7 0.486328125 0.48046875 0.016796875 0.01953125
2 0.47265625 0.480078125 0.0078125 0.01875
4 0.45 0.4796875 0.016796875 0.021484375