2 0.505078125 0.615234375 0.02421875 0.046875
6 0.4859375 0.525 0.0484375 0.04375
10 0.4203125 0.613671875 0.0484375 0.05390625
10 0.588671875 0.52421875 0.0484375 0.04296875
2 0.449609375 0.52734375 0.027734375 0.041015625
1 0.230078125 0.61640625 0.05390625 0.048828125
2 0.38125 0.61640625 0.026171875 0.048828125
4 0.536328125 0.525 0.0453125 0.04375
12 0.448046875 0.57578125 0.58671875 0.19609375
3 0.5453125 0.615234375 0.051953125 0.05078125
11 0.580859375 0.564453125 0.03984375 0.021484375
11 0.54765625 0.562890625 0.026171875 0.02421875
11 0.45390625 0.615234375 0.019140625 0.03515625
11 0.28828125 0.562109375 0.027734375 0.02421875
11 0.26640625 0.562890625 0.012109375 0.0265625
11 0.244921875 0.56171875 0.027734375 0.025390625
11 0.21875 0.562109375 0.02421875 0.0265625
0 0.5609375 0.541015625 0.010546875 0.015625