11 0.432421875 0.62421875 0.01015625 0.023046875
12 0.45 0.583203125 0.453515625 0.15234375
11 0.54296875 0.57109375 0.020703125 0.01328125
11 0.267578125 0.541796875 0.0265625 0.0375
11 0.295703125 0.541015625 0.028515625 0.03671875
11 0.32421875 0.540625 0.028515625 0.036328125
11 0.351953125 0.53984375 0.02734375 0.0375
11 0.380078125 0.539453125 0.028515625 0.0375
11 0.40859375 0.538671875 0.02734375 0.036328125
1 0.635546875 0.535546875 0.030859375 0.0375
1 0.4890625 0.623828125 0.033203125 0.0375
2 0.41953125 0.624609375 0.0125 0.033203125
2 0.385546875 0.625390625 0.0125 0.033203125
2 0.3609375 0.58046875 0.01171875 0.029296875
2 0.521484375 0.537109375 0.018359375 0.03671875
4 0.412109375 0.579296875 0.02734375 0.032421875
4 0.455859375 0.623828125 0.031640625 0.038671875
1 0.55 0.53671875 0.028515625 0.036328125
7 0.38125 0.5796875 0.02734375 0.033203125
8 0.504296875 0.57734375 0.0265625 0.032421875
8 0.578515625 0.5359375 0.028515625 0.03671875
9 0.442578125 0.57890625 0.028515625 0.03203125
9 0.472265625 0.577734375 0.029296875 0.033203125
0 0.60078125 0.54765625 0.01484375 0.01328125
11 0.525390625 0.569921875 0.0140625 0.017578125