11 0.34140625 0.46796875 0.021875 0.016796875
11 0.3625 0.469140625 0.012109375 0.01796875
11 0.38125 0.469140625 0.0203125 0.01796875
11 0.405078125 0.469140625 0.021875 0.016796875
12 0.476953125 0.488671875 0.34140625 0.07890625
4 0.46796875 0.487109375 0.0203125 0.015625
6 0.4234375 0.4875 0.017578125 0.01484375
1 0.440234375 0.5078125 0.021875 0.01796875
2 0.42265625 0.5078125 0.0109375 0.01796875
2 0.4078125 0.4875 0.008203125 0.01484375
1 0.547265625 0.4703125 0.019140625 0.016796875
11 0.457421875 0.508203125 0.009375 0.013671875
11 0.540625 0.485546875 0.01640625 0.00625
11 0.527734375 0.484765625 0.009375 0.008203125
11 0.4453125 0.46953125 0.023046875 0.017578125
11 0.4234375 0.469140625 0.012109375 0.01796875
2 0.52578125 0.469921875 0.013671875 0.017578125
3 0.608984375 0.47109375 0.023046875 0.01875
7 0.567578125 0.4703125 0.019140625 0.016796875
7 0.5109375 0.48828125 0.019140625 0.01640625
4 0.446484375 0.487109375 0.017578125 0.015625
8 0.502734375 0.5078125 0.021875 0.016796875
8 0.491015625 0.487109375 0.017578125 0.015625
5 0.475 0.5078125 0.023046875 0.015625
0 0.583984375 0.47578125 0.0109375 0.007421875