12 0.478515625 0.48984375 0.293359375 0.08203125
2 0.510546875 0.50703125 0.012109375 0.01875
9 0.53671875 0.465234375 0.021484375 0.01953125
10 0.43515625 0.489453125 0.01875 0.01640625
10 0.591796875 0.46328125 0.02421875 0.01953125
0 0.56953125 0.469921875 0.01484375 0.008984375
11 0.5234375 0.48203125 0.010546875 0.008984375
11 0.534765625 0.482421875 0.01484375 0.006640625
11 0.39609375 0.472265625 0.016015625 0.02109375
11 0.378125 0.47265625 0.019921875 0.0203125
11 0.359375 0.473828125 0.019921875 0.01953125
11 0.41484375 0.471484375 0.02421875 0.01953125
11 0.46796875 0.509765625 0.009375 0.015234375
11 0.4484375 0.46953125 0.01875 0.01875
11 0.469140625 0.46875 0.02265625 0.01875
9 0.49140625 0.48671875 0.01875 0.0171875
8 0.55546875 0.464453125 0.016015625 0.01953125
8 0.473828125 0.487109375 0.01875 0.015234375
3 0.51015625 0.4859375 0.016015625 0.0171875
3 0.483984375 0.508203125 0.019921875 0.01953125
3 0.45390625 0.48828125 0.01875 0.0171875
10 0.451953125 0.509375 0.019921875 0.01875
1 0.359375 0.493359375 0.019921875 0.01640625
2 0.42109375 0.490625 0.009375 0.015625
2 0.437109375 0.510546875 0.006640625 0.01640625