6 0.50859375 0.524609375 0.016015625 0.021875
12 0.500390625 0.551171875 0.282421875 0.09765625
1 0.4703125 0.57578125 0.016015625 0.02265625
7 0.45546875 0.54765625 0.016015625 0.01953125
5 0.529296875 0.548828125 0.016796875 0.017578125
9 0.49375 0.5484375 0.016015625 0.01953125
11 0.48515625 0.57578125 0.006640625 0.01796875
11 0.420703125 0.52421875 0.016796875 0.021875
11 0.45625 0.52734375 0.016015625 0.016796875
11 0.4390625 0.526953125 0.016796875 0.01640625
11 0.553515625 0.545703125 0.01328125 0.00859375
11 0.57734375 0.527734375 0.016796875 0.016796875
11 0.559765625 0.527734375 0.016015625 0.016796875
11 0.542578125 0.525 0.018359375 0.02109375
11 0.54375 0.54453125 0.007421875 0.00859375
2 0.4421875 0.54765625 0.008984375 0.01796875
2 0.48046875 0.5484375 0.008984375 0.01796875
2 0.455859375 0.57578125 0.006640625 0.021875
3 0.519921875 0.57578125 0.018359375 0.023046875
3 0.491015625 0.525 0.016796875 0.02265625
4 0.5109375 0.5484375 0.01328125 0.020703125
4 0.498828125 0.57578125 0.017578125 0.021875