7 0.5625 0.483984375 0.0234375 0.01640625
11 0.525390625 0.484765625 0.00859375 0.0125
11 0.597265625 0.4640625 0.012890625 0.005859375
11 0.5859375 0.462890625 0.010546875 0.0078125
4 0.540234375 0.483984375 0.02109375 0.01640625
7 0.57109375 0.465625 0.019140625 0.013671875
2 0.55625 0.46640625 0.010546875 0.01484375
8 0.51484375 0.46640625 0.016796875 0.01484375
3 0.533984375 0.46640625 0.02109375 0.01484375
3 0.489453125 0.484375 0.025390625 0.017578125
3 0.495703125 0.46640625 0.02109375 0.01484375
1 0.51171875 0.484765625 0.019140625 0.01640625
12 0.5390625 0.46796875 0.298828125 0.064453125