3 0.561328125 0.4921875 0.00859375 0.040234375
10 0.54140625 0.578515625 0.011328125 0.040234375
10 0.5421875 0.53203125 0.009375 0.0359375
1 0.4921875 0.53203125 0.010546875 0.0359375
3 0.532421875 0.533203125 0.01015625 0.033203125
3 0.55078125 0.4921875 0.010546875 0.040234375
5 0.553125 0.533203125 0.01015625 0.033203125
5 0.508203125 0.5828125 0.007421875 0.03203125
2 0.560546875 0.579296875 0.005078125 0.041796875
2 0.5328125 0.579296875 0.004296875 0.0390625
7 0.56328125 0.5328125 0.01015625 0.034765625
9 0.573828125 0.53203125 0.01015625 0.0359375
4 0.56953125 0.577734375 0.011328125 0.041796875
11 0.51953125 0.584765625 0.008203125 0.03046875
11 0.600390625 0.495703125 0.009375 0.03046875
11 0.589453125 0.496484375 0.00859375 0.029296875
11 0.58046875 0.491796875 0.009375 0.0390625
11 0.513671875 0.4921875 0.01015625 0.040234375
11 0.52421875 0.496484375 0.009375 0.029296875
11 0.533203125 0.490234375 0.007421875 0.0390625
11 0.5875 0.5265625 0.007421875 0.016796875
11 0.58125 0.525 0.005078125 0.01953125
12 0.556640625 0.5375 0.15546875 0.152734375