5 0.59375 0.65546875 0.0859375 0.10390625
1 0.44453125 0.429296875 0.05859375 0.0703125
4 0.4390625 0.3421875 0.059375 0.067578125
11 0.6671875 0.757421875 0.01953125 0.022265625
11 0.665625 0.733984375 0.0203125 0.016796875
11 0.66640625 0.7125 0.0203125 0.020703125
11 0.74765625 0.73203125 0.028125 0.028515625
11 0.648828125 0.31328125 0.03046875 0.033984375
11 0.6671875 0.780859375 0.01953125 0.022265625
11 0.667578125 0.803515625 0.02265625 0.020703125
8 0.58984375 0.50859375 0.099609375 0.11171875
6 0.597265625 0.769140625 0.096875 0.09765625
12 0.6078125 0.494921875 0.60234375 0.807421875
10 0.44765625 0.518359375 0.0578125 0.063671875
11 0.490625 0.309375 0.0203125 0.026171875
11 0.491796875 0.33671875 0.0203125 0.0234375
11 0.4921875 0.3640625 0.021484375 0.026171875
5 0.453125 0.606640625 0.052734375 0.063671875
1 0.45546875 0.690625 0.0578125 0.06484375