11 0.1390625 0.4796875 0.03125 0.029296875
11 0.166796875 0.47890625 0.0265625 0.028125
11 0.18671875 0.480078125 0.01328125 0.02890625
11 0.208984375 0.47890625 0.02890625 0.028125
11 0.466015625 0.475 0.030078125 0.025
11 0.5015625 0.475390625 0.041015625 0.023046875
3 0.44765625 0.43828125 0.046484375 0.04296875
6 0.50234375 0.437890625 0.053515625 0.04296875
12 0.365625 0.49296875 0.5890625 0.2
2 0.302734375 0.530859375 0.030078125 0.04453125
8 0.343359375 0.52890625 0.053515625 0.048046875
4 0.408203125 0.527734375 0.05 0.04921875
7 0.462890625 0.52734375 0.058984375 0.048828125
2 0.3640625 0.440625 0.025390625 0.038671875
3 0.4 0.440234375 0.046484375 0.04296875