12 0.621484375 0.438671875 0.32109375 0.223828125
11 0.70546875 0.408203125 0.01640625 0.022265625
1 0.6125 0.426953125 0.029296875 0.059765625
1 0.640625 0.42578125 0.029296875 0.059765625
0 0.62578125 0.455859375 0.009765625 0.012890625
11 0.68828125 0.405078125 0.013671875 0.03125
11 0.71953125 0.497265625 0.021484375 0.033984375
11 0.62734375 0.501953125 0.02265625 0.03515625
11 0.720703125 0.44140625 0.01953125 0.036328125
11 0.705078125 0.442578125 0.009765625 0.033984375
11 0.69140625 0.4421875 0.015625 0.03515625
11 0.675390625 0.4421875 0.01484375 0.03515625