11 0.598046875 0.6046875 0.00859375 0.0234375
11 0.608984375 0.605859375 0.01015625 0.0234375
11 0.540625 0.606640625 0.009375 0.032421875
11 0.53125 0.6125 0.009375 0.030078125
11 0.5203125 0.60859375 0.01015625 0.035546875
11 0.527734375 0.6828125 0.007421875 0.024609375
12 0.566796875 0.639453125 0.165234375 0.135546875
11 0.590234375 0.630078125 0.004296875 0.016796875
11 0.588671875 0.603515625 0.010546875 0.030078125
3 0.5703125 0.603515625 0.011328125 0.032421875
3 0.56015625 0.6046875 0.009375 0.032421875
11 0.596484375 0.630859375 0.007421875 0.01328125
6 0.566796875 0.67734375 0.0125 0.033203125
3 0.54140625 0.640234375 0.009375 0.030078125
4 0.5625 0.637890625 0.008203125 0.030078125
10 0.5828125 0.63671875 0.01015625 0.030078125
10 0.551953125 0.6390625 0.010546875 0.027734375
10 0.55078125 0.67734375 0.01015625 0.033203125
7 0.57265625 0.637890625 0.009375 0.030078125
8 0.5796875 0.67421875 0.011328125 0.033203125
8 0.5171875 0.68359375 0.007421875 0.0234375
1 0.50078125 0.6421875 0.01015625 0.027734375