11 0.542578125 0.721875 0.0125 0.023828125
4 0.5484375 0.671875 0.01875 0.06015625
8 0.47265625 0.725 0.015625 0.05390625
5 0.48828125 0.728125 0.015625 0.048046875
6 0.492578125 0.794921875 0.01875 0.062109375
7 0.51171875 0.798046875 0.01953125 0.06015625
11 0.533203125 0.72109375 0.0078125 0.026171875
11 0.576171875 0.673828125 0.015625 0.0640625
11 0.59375 0.68203125 0.017578125 0.044140625
11 0.48046875 0.79609375 0.005859375 0.044140625
11 0.39375 0.658984375 0.01953125 0.062109375
11 0.41015625 0.669140625 0.013671875 0.04609375
11 0.42578125 0.67109375 0.015625 0.04609375
11 0.44140625 0.67109375 0.015625 0.04609375
11 0.45625 0.66484375 0.01171875 0.062109375
11 0.470703125 0.666015625 0.013671875 0.0640625
9 0.504296875 0.730078125 0.01640625 0.051953125
9 0.46796875 0.794140625 0.017578125 0.06015625
3 0.5171875 0.669921875 0.01875 0.06015625
3 0.390625 0.719921875 0.017578125 0.051953125
2 0.44453125 0.725 0.01171875 0.05
2 0.458984375 0.725 0.009765625 0.05390625
2 0.4546875 0.79296875 0.00859375 0.0578125
2 0.533203125 0.67109375 0.01171875 0.062109375
2 0.525 0.73203125 0.00859375 0.048046875
12 0.49453125 0.73515625 0.24921875 0.237890625