9 0.365234375 0.37734375 0.0234375 0.01796875
3 0.3375 0.37734375 0.024609375 0.01796875
10 0.450390625 0.37734375 0.024609375 0.01796875
11 0.413671875 0.401171875 0.010546875 0.01015625
8 0.48125 0.37734375 0.020703125 0.016796875
7 0.42265625 0.37734375 0.026171875 0.01796875
7 0.398046875 0.4015625 0.026171875 0.023046875
6 0.393359375 0.37734375 0.024609375 0.01796875
2 0.436328125 0.40234375 0.01171875 0.020703125
4 0.46171875 0.4015625 0.026171875 0.023046875
12 0.4109375 0.373828125 0.33828125 0.088671875