12 0.467578125 0.316015625 0.302734375 0.089453125
8 0.43046875 0.3203125 0.01875 0.016796875
3 0.405859375 0.320703125 0.02109375 0.017578125
3 0.47890625 0.32109375 0.019921875 0.016796875
3 0.5265625 0.32109375 0.019921875 0.017578125
3 0.42890625 0.3453125 0.022265625 0.021875
3 0.456640625 0.3453125 0.022265625 0.021875
3 0.51015625 0.3453125 0.022265625 0.021875
9 0.45390625 0.320703125 0.02109375 0.017578125
1 0.483203125 0.3453125 0.024609375 0.021875
9 0.50234375 0.32109375 0.019921875 0.01796875