12 0.471484375 0.54765625 0.1765625 0.06015625
11 0.427734375 0.56484375 0.008984375 0.0125
11 0.40078125 0.5296875 0.01328125 0.015625
11 0.5421875 0.53359375 0.0125 0.01171875
11 0.53046875 0.53203125 0.008984375 0.01484375
11 0.423046875 0.53125 0.0125 0.0125
11 0.50625 0.54453125 0.008984375 0.00625
11 0.49921875 0.54296875 0.005078125 0.007421875
9 0.48515625 0.5640625 0.01328125 0.015625
0 0.50703125 0.535546875 0.005859375 0.00625
0 0.43125 0.534375 0.005859375 0.00625
6 0.479296875 0.54609375 0.01171875 0.01328125
6 0.467578125 0.54609375 0.01171875 0.01328125
6 0.455859375 0.545703125 0.01171875 0.013671875
5 0.415234375 0.564453125 0.0109375 0.01015625
2 0.44453125 0.56328125 0.005859375 0.013671875
4 0.44453125 0.545703125 0.0109375 0.013671875
3 0.490234375 0.54609375 0.0109375 0.013671875
3 0.43203125 0.545703125 0.0125 0.013671875
1 0.470703125 0.56328125 0.01328125 0.015625
1 0.45390625 0.56328125 0.0140625 0.015625
1 0.519921875 0.531640625 0.01171875 0.015625
1 0.4984375 0.53046875 0.01171875 0.01484375