3 0.7390625 0.5828125 0.029296875 0.07421875
11 0.878515625 0.593359375 0.028125 0.056640625
11 0.84765625 0.587890625 0.02578125 0.04921875
11 0.820703125 0.58125 0.02734375 0.067578125
11 0.6859375 0.589453125 0.026953125 0.05078125
11 0.63046875 0.580078125 0.03046875 0.068359375
11 0.65859375 0.58125 0.028125 0.069140625
11 0.72890625 0.728515625 0.014453125 0.053515625
11 0.840625 0.641796875 0.02265625 0.033203125
2 0.57890625 0.651953125 0.01328125 0.070703125
2 0.66171875 0.652734375 0.011328125 0.0640625
2 0.72109375 0.649609375 0.013671875 0.0640625
2 0.76796875 0.58671875 0.02265625 0.0734375
1 0.752734375 0.73046875 0.03203125 0.07265625
3 0.67265625 0.729296875 0.030078125 0.071484375
3 0.706640625 0.72890625 0.026953125 0.069140625
4 0.80234375 0.650390625 0.02734375 0.0625
7 0.68671875 0.649609375 0.03046875 0.057421875
6 0.74296875 0.651953125 0.02734375 0.0609375
7 0.77265625 0.650390625 0.029296875 0.0609375
12 0.75546875 0.6578125 0.43828125 0.269140625
3 0.786328125 0.728515625 0.03359375 0.066796875
11 0.822265625 0.638671875 0.015625 0.030859375