7 0.545703125 0.53671875 0.012890625 0.01640625
1 0.548046875 0.50859375 0.012890625 0.013671875
11 0.521484375 0.517578125 0.006640625 0.005859375
12 0.525390625 0.5234375 0.141796875 0.068359375
11 0.51484375 0.5171875 0.006640625 0.00703125
11 0.508984375 0.5171875 0.005078125 0.00703125
11 0.503125 0.5171875 0.006640625 0.00703125
11 0.496875 0.516015625 0.006640625 0.00703125
11 0.556640625 0.521484375 0.008984375 0.005859375
11 0.548828125 0.51953125 0.006640625 0.0078125
11 0.525390625 0.535546875 0.00390625 0.0109375
6 0.533203125 0.53515625 0.01171875 0.015625
9 0.516796875 0.534375 0.012890625 0.015625
2 0.50703125 0.53359375 0.006640625 0.01484375
4 0.559765625 0.50859375 0.012890625 0.013671875
1 0.47265625 0.53125 0.012890625 0.013671875
5 0.5359375 0.507421875 0.008984375 0.0125
7 0.5125 0.505859375 0.01171875 0.013671875
7 0.524609375 0.50625 0.010546875 0.01484375