11 0.53359375 0.32109375 0.00703125 0.007421875
12 0.510546875 0.338671875 0.10234375 0.069140625
11 0.5390625 0.35703125 0.008203125 0.0140625
1 0.508984375 0.326953125 0.010546875 0.02421875
1 0.49765625 0.32734375 0.011328125 0.0234375
11 0.50390625 0.35703125 0.008203125 0.0140625
0 0.503515625 0.3390625 0.003125 0.005078125
11 0.521875 0.334765625 0.005078125 0.0140625
11 0.528125 0.33515625 0.00625 0.01328125
11 0.53359375 0.3359375 0.003125 0.01484375
11 0.5390625 0.33515625 0.00703125 0.01484375
11 0.5265625 0.319140625 0.00546875 0.01171875