5 0.3359375 0.3984375 0.019140625 0.015625
12 0.339453125 0.4 0.300390625 0.075
11 0.328125 0.419921875 0.00703125 0.013671875
11 0.39921875 0.394921875 0.0140625 0.00703125
11 0.387109375 0.394140625 0.00703125 0.00859375
11 0.332421875 0.37890625 0.019140625 0.017578125
11 0.3140625 0.37890625 0.0171875 0.017578125
11 0.296875 0.378515625 0.0171875 0.01875
11 0.278515625 0.378515625 0.015625 0.01875
11 0.260546875 0.37890625 0.0171875 0.01953125
11 0.24296875 0.37890625 0.0171875 0.017578125
11 0.223046875 0.37890625 0.019140625 0.01953125
1 0.3140625 0.41953125 0.020703125 0.01875
4 0.316796875 0.398046875 0.019140625 0.01640625
4 0.42109375 0.37890625 0.019140625 0.017578125
4 0.34375 0.41953125 0.020703125 0.01875
2 0.2984375 0.41953125 0.00703125 0.01875
2 0.283984375 0.398046875 0.00859375 0.01484375
2 0.378515625 0.398046875 0.00703125 0.01640625
7 0.29765625 0.398046875 0.019140625 0.01640625
10 0.402734375 0.37890625 0.0171875 0.017578125
0 0.433984375 0.384765625 0.010546875 0.0078125
8 0.365625 0.418359375 0.019140625 0.01640625
8 0.355859375 0.39765625 0.0171875 0.015625
5 0.455859375 0.379296875 0.019140625 0.0203125