0 0.5234375 0.52265625 0.0078125 0.0078125
1 0.50078125 0.55078125 0.014453125 0.015625
12 0.48828125 0.534765625 0.184765625 0.06328125
1 0.46875 0.55078125 0.012890625 0.015625
0 0.4453125 0.5203125 0.0078125 0.0078125
1 0.51484375 0.51640625 0.01171875 0.015625
11 0.4421875 0.55234375 0.01171875 0.0125
11 0.436328125 0.51796875 0.010546875 0.0125
11 0.41328125 0.515234375 0.014453125 0.01640625
2 0.458203125 0.55078125 0.005078125 0.013671875
4 0.458203125 0.5328125 0.010546875 0.01484375
6 0.469921875 0.53203125 0.010546875 0.015625
9 0.506640625 0.533203125 0.010546875 0.013671875
11 0.548046875 0.51796875 0.010546875 0.01640625
11 0.560546875 0.519140625 0.01171875 0.0125
7 0.428515625 0.55234375 0.010546875 0.0125
11 0.515625 0.53046875 0.005078125 0.0078125
11 0.52265625 0.53125 0.008984375 0.0078125
1 0.537109375 0.517578125 0.01171875 0.015625
3 0.44609375 0.5328125 0.01171875 0.0125
3 0.494921875 0.53203125 0.010546875 0.013671875
2 0.485546875 0.53359375 0.005078125 0.0125
2 0.489453125 0.551171875 0.005078125 0.01484375