11 0.7234375 0.678515625 0.009375 0.01328125
7 0.700390625 0.723828125 0.015625 0.0359375
7 0.68671875 0.6515625 0.0125 0.031640625
8 0.705859375 0.68515625 0.010546875 0.030078125
10 0.64765625 0.68828125 0.01328125 0.028515625
11 0.673046875 0.725390625 0.00625 0.02578125
11 0.740234375 0.6515625 0.01171875 0.025
11 0.72578125 0.652734375 0.014453125 0.02421875
12 0.68125 0.690234375 0.22109375 0.132421875
11 0.71484375 0.67734375 0.00859375 0.01484375
11 0.61953125 0.656640625 0.014453125 0.031640625
3 0.66171875 0.688671875 0.014453125 0.029296875
2 0.650390625 0.728515625 0.008203125 0.03515625
2 0.680859375 0.688671875 0.008203125 0.030859375
2 0.694140625 0.6859375 0.008203125 0.028515625
2 0.637109375 0.6890625 0.00703125 0.028515625
11 0.632421875 0.65703125 0.0125 0.030859375
1 0.591796875 0.6921875 0.013671875 0.02734375
9 0.66171875 0.726171875 0.01484375 0.032421875
4 0.683984375 0.723828125 0.015625 0.0359375
11 0.64609375 0.658984375 0.0125 0.0234375
11 0.7125 0.65 0.01484375 0.031640625
3 0.67265625 0.65234375 0.015625 0.031640625