2 0.543359375 0.39921875 0.016796875 0.06328125
2 0.61484375 0.399609375 0.015625 0.0625
9 0.67265625 0.31328125 0.03515625 0.081640625
7 0.569140625 0.398828125 0.033203125 0.069140625
3 0.640234375 0.3984375 0.03203125 0.068359375
3 0.55703125 0.48984375 0.0375 0.0765625
3 0.65078125 0.491015625 0.0375 0.078515625
8 0.67734375 0.39765625 0.03203125 0.069921875
6 0.71015625 0.39765625 0.03203125 0.069921875
12 0.659765625 0.40625 0.55078125 0.316015625
6 0.69140625 0.491015625 0.036328125 0.078515625
1 0.597265625 0.491015625 0.03671875 0.0765625
11 0.503515625 0.313671875 0.035546875 0.080859375
11 0.537890625 0.324609375 0.033203125 0.058984375
11 0.57109375 0.32421875 0.034375 0.058203125
11 0.7375 0.3828125 0.01484375 0.0375
11 0.759765625 0.386328125 0.026953125 0.02578125
11 0.73828125 0.313671875 0.03359375 0.07734375
11 0.77265625 0.322265625 0.03359375 0.057421875
11 0.807421875 0.3234375 0.036328125 0.06015625
11 0.6234375 0.491015625 0.014453125 0.0515625
2 0.6359375 0.313671875 0.026953125 0.080859375