2 0.462890625 0.559375 0.01171875 0.030078125
2 0.398046875 0.60625 0.007421875 0.023828125
6 0.5109375 0.558203125 0.02578125 0.03125
3 0.563671875 0.52109375 0.027734375 0.03515625
3 0.596875 0.558203125 0.02578125 0.03125
12 0.5515625 0.56171875 0.439453125 0.144921875
2 0.491796875 0.558984375 0.0109375 0.029296875
11 0.428125 0.52109375 0.027734375 0.035546875
11 0.456640625 0.525390625 0.02578125 0.026953125
11 0.483203125 0.525390625 0.027734375 0.026953125
11 0.616796875 0.520703125 0.027734375 0.036328125
11 0.64375 0.52578125 0.02578125 0.026171875
4 0.540234375 0.55859375 0.02578125 0.03046875
9 0.568359375 0.5578125 0.02578125 0.03046875
11 0.6703125 0.525390625 0.02578125 0.026953125
11 0.443359375 0.60546875 0.02265625 0.025
11 0.61875 0.55078125 0.0140625 0.016796875
11 0.63515625 0.552734375 0.017578125 0.01328125
2 0.48359375 0.60078125 0.01171875 0.033203125
2 0.51640625 0.60078125 0.01171875 0.033203125
3 0.53671875 0.520703125 0.02578125 0.03515625
2 0.591796875 0.60078125 0.0125 0.032421875
1 0.4140625 0.605078125 0.020703125 0.025
5 0.549609375 0.6 0.031640625 0.032421875