12 0.583984375 0.42734375 0.26328125 0.138671875
9 0.6015625 0.461328125 0.030078125 0.030078125
7 0.573046875 0.46015625 0.02734375 0.028125
6 0.54453125 0.458984375 0.02578125 0.029296875
8 0.521484375 0.45703125 0.021484375 0.028125
2 0.668359375 0.428125 0.01015625 0.02109375
11 0.576953125 0.394921875 0.0125 0.01875
4 0.601171875 0.394921875 0.033984375 0.03515625
2 0.530078125 0.39375 0.016796875 0.030078125
1 0.555078125 0.39296875 0.03515625 0.03515625
4 0.63125 0.462109375 0.02734375 0.029296875
5 0.637109375 0.398046875 0.030859375 0.032421875
11 0.68203125 0.430859375 0.017578125 0.014453125
11 0.510546875 0.437890625 0.008984375 0.009375
11 0.50078125 0.437890625 0.008203125 0.00703125
11 0.492578125 0.437109375 0.01015625 0.009375
11 0.482421875 0.43671875 0.01015625 0.00859375
11 0.471484375 0.4359375 0.01015625 0.009375
11 0.501953125 0.421484375 0.0125 0.014453125