12 0.47578125 0.483984375 0.16328125 0.04375
2 0.432421875 0.47578125 0.0140625 0.01953125
0 0.5078125 0.484375 0.012109375 0.0078125
10 0.4625 0.495703125 0.015625 0.01640625
8 0.509375 0.496484375 0.019140625 0.01640625
6 0.4859375 0.49609375 0.0171875 0.015625
7 0.53125 0.4953125 0.020703125 0.015625
4 0.49140625 0.476171875 0.020703125 0.02265625
3 0.421875 0.49453125 0.020703125 0.01640625
2 0.44609375 0.495703125 0.010546875 0.01640625
2 0.533984375 0.47578125 0.015625 0.01953125
2 0.464453125 0.47578125 0.012109375 0.01953125