11 0.485546875 0.63828125 0.00390625 0.02421875
12 0.564453125 0.650390625 0.2421875 0.287109375
11 0.4921875 0.6359375 0.008984375 0.02421875
11 0.47890625 0.639453125 0.009765625 0.02421875
11 0.46796875 0.641015625 0.0109375 0.025390625
6 0.5765625 0.68359375 0.0203125 0.054296875
6 0.58515625 0.56953125 0.016796875 0.046484375
8 0.568359375 0.571875 0.015625 0.041796875
2 0.55390625 0.577734375 0.00703125 0.039453125
7 0.60546875 0.565234375 0.018359375 0.0453125
10 0.596875 0.679296875 0.021484375 0.05546875
10 0.55 0.690234375 0.0203125 0.056640625
2 0.5359375 0.69453125 0.008984375 0.0484375
1 0.476171875 0.7078125 0.01875 0.049609375
11 0.60625 0.612890625 0.013671875 0.01953125
11 0.595703125 0.612109375 0.008984375 0.023046875
0 0.596875 0.585546875 0.005078125 0.009375