12 0.44921875 0.38125 0.347265625 0.094921875
10 0.434375 0.408984375 0.026171875 0.023046875
3 0.466796875 0.409765625 0.026171875 0.023046875
3 0.490234375 0.38515625 0.026171875 0.01875
3 0.51875 0.385546875 0.026171875 0.01875
3 0.374609375 0.38359375 0.026171875 0.01875
9 0.40390625 0.383984375 0.024609375 0.01796875
6 0.498828125 0.41015625 0.024609375 0.023046875
5 0.433203125 0.383984375 0.0234375 0.01796875
4 0.462109375 0.384375 0.024609375 0.01875
11 0.451171875 0.408984375 0.0078125 0.010546875