2 0.528125 0.41796875 0.014453125 0.02734375
2 0.51171875 0.47890625 0.010546875 0.0265625
12 0.479296875 0.448828125 0.317578125 0.10625
3 0.494140625 0.446875 0.01953125 0.02265625
11 0.465625 0.47734375 0.006640625 0.01953125
11 0.530078125 0.441796875 0.010546875 0.0125
11 0.54296875 0.44296875 0.015625 0.0109375
11 0.354296875 0.41875 0.0234375 0.029296875
11 0.373046875 0.419921875 0.014453125 0.03125
11 0.411328125 0.419921875 0.018359375 0.02734375
11 0.430859375 0.41953125 0.012890625 0.0265625
11 0.450390625 0.418359375 0.020703125 0.028125
11 0.392578125 0.41875 0.01953125 0.02734375
0 0.5828125 0.42734375 0.01171875 0.0125
3 0.606640625 0.41953125 0.0234375 0.0265625
3 0.473828125 0.447265625 0.018359375 0.0234375
7 0.568359375 0.418359375 0.01953125 0.0265625
1 0.48125 0.478125 0.022265625 0.0265625
1 0.44921875 0.478125 0.0234375 0.0265625
1 0.54765625 0.41875 0.01953125 0.02734375
9 0.514453125 0.446875 0.018359375 0.02265625
9 0.431640625 0.446875 0.01953125 0.02265625
4 0.453125 0.446875 0.018359375 0.02265625
2 0.43359375 0.478515625 0.0078125 0.025390625