3 0.43828125 0.406640625 0.02421875 0.016796875
1 0.51640625 0.405859375 0.02265625 0.01640625
1 0.56171875 0.38359375 0.031640625 0.023046875
7 0.52109375 0.384765625 0.031640625 0.023046875
8 0.545703125 0.40625 0.0203125 0.016796875
8 0.492578125 0.405859375 0.017578125 0.017578125
8 0.48359375 0.38359375 0.03046875 0.021875
12 0.504296875 0.392578125 0.19921875 0.05234375
2 0.57421875 0.405078125 0.01640625 0.017578125
2 0.46953125 0.407421875 0.0125 0.016796875
2 0.450390625 0.385546875 0.0125 0.01953125