11 0.337109375 0.45390625 0.044140625 0.054296875
11 0.248828125 0.444921875 0.055078125 0.06640625
11 0.77734375 0.44296875 0.04765625 0.069921875
11 0.829296875 0.45078125 0.052734375 0.05546875
11 0.65546875 0.49453125 0.02265625 0.034375
11 0.684375 0.49765625 0.03515625 0.02890625
11 0.505859375 0.578125 0.017578125 0.048828125
11 0.368359375 0.5875 0.03671875 0.055078125
4 0.24375 0.5109375 0.043359375 0.058203125
7 0.558984375 0.44453125 0.056640625 0.06640625
9 0.69453125 0.44296875 0.052734375 0.06875
10 0.60703125 0.44453125 0.042578125 0.06640625
0 0.641015625 0.4625 0.02421875 0.030078125
2 0.397265625 0.50859375 0.027734375 0.05625
2 0.44296875 0.507421875 0.028515625 0.05234375
2 0.431640625 0.57890625 0.027734375 0.063671875
2 0.2859375 0.58828125 0.02421875 0.048828125
3 0.315625 0.587890625 0.03515625 0.054296875
3 0.543359375 0.578125 0.05078125 0.07265625
8 0.471875 0.57734375 0.046875 0.06796875
8 0.599609375 0.57578125 0.052734375 0.06796875
8 0.4796875 0.50703125 0.044921875 0.058203125
8 0.621484375 0.507421875 0.041796875 0.05859375
7 0.526171875 0.508203125 0.041796875 0.06015625
6 0.573828125 0.50703125 0.0484375 0.059375
0 0.373046875 0.46484375 0.027734375 0.03046875
12 0.539453125 0.513671875 0.716015625 0.23984375