11 0.53203125 0.33671875 0.04921875 0.048828125
12 0.389453125 0.60390625 0.77734375 0.790625
0 0.47109375 0.4796875 0.02265625 0.021875
1 0.405859375 0.495703125 0.125 0.10234375
1 0.446484375 0.416796875 0.121484375 0.09765625
2 0.214453125 0.888671875 0.07421875 0.04375
11 0.193359375 0.93125 0.06328125 0.05234375
11 0.15625 0.981640625 0.069140625 0.033203125
11 0.20078125 0.473828125 0.11171875 0.05390625
11 0.2390625 0.409375 0.08671875 0.080078125
11 0.283203125 0.32265625 0.103515625 0.066796875
11 0.256640625 0.354296875 0.08828125 0.06875