12 0.50859375 0.48671875 0.1734375 0.06171875
0 0.54765625 0.47890625 0.005078125 0.0046875
3 0.521875 0.4984375 0.02265625 0.01875
1 0.5609375 0.471875 0.020703125 0.015625
1 0.536328125 0.470703125 0.020703125 0.015625
5 0.546875 0.4984375 0.020703125 0.01875
3 0.571875 0.499609375 0.02265625 0.01875
11 0.494921875 0.48359375 0.0140625 0.005859375
10 0.496484375 0.49765625 0.020703125 0.01875
2 0.478125 0.498046875 0.00859375 0.01953125
2 0.45390625 0.496484375 0.012109375 0.01875
11 0.4828125 0.48203125 0.010546875 0.0109375