2 0.466015625 0.469140625 0.046484375 0.06796875
12 0.44609375 0.53828125 0.7359375 0.25625
3 0.444140625 0.60703125 0.066796875 0.06953125
3 0.4765625 0.534375 0.0484375 0.06015625
3 0.28125 0.53515625 0.054296875 0.06171875
3 0.55703125 0.46953125 0.05234375 0.06484375
10 0.51328125 0.46953125 0.0515625 0.06875
0 0.2765625 0.48828125 0.030078125 0.026953125
0 0.59453125 0.488671875 0.032421875 0.026171875
11 0.737890625 0.47734375 0.05234375 0.05390625
11 0.689453125 0.47109375 0.042578125 0.064453125
11 0.561328125 0.52265625 0.029296875 0.03359375
11 0.59296875 0.523046875 0.033984375 0.032421875
11 0.265234375 0.616015625 0.04765625 0.051953125
11 0.238671875 0.47578125 0.05234375 0.051953125
11 0.148046875 0.46796875 0.055859375 0.06640625
8 0.50390625 0.605859375 0.057421875 0.066796875
9 0.36953125 0.60703125 0.066015625 0.06796875
3 0.6453125 0.469921875 0.05234375 0.067578125
1 0.525390625 0.535546875 0.054296875 0.06015625
1 0.137109375 0.533203125 0.054296875 0.06015625
6 0.379296875 0.533984375 0.0515625 0.060546875
4 0.429296875 0.534375 0.0484375 0.0625
4 0.33125 0.53359375 0.04765625 0.061328125
8 0.2140625 0.61484375 0.043359375 0.05234375