10 0.516796875 0.521484375 0.016796875 0.013671875
12 0.498828125 0.50625 0.269140625 0.0515625
0 0.483984375 0.49453125 0.010546875 0.0046875
9 0.4703125 0.490234375 0.016796875 0.013671875
9 0.49140625 0.5046875 0.016796875 0.01171875
2 0.569921875 0.490625 0.012890625 0.01484375
2 0.501953125 0.521875 0.00859375 0.01484375
2 0.403515625 0.52421875 0.00625 0.01171875
3 0.45546875 0.50546875 0.016796875 0.0125
3 0.41328125 0.5234375 0.012890625 0.009765625
10 0.471484375 0.521875 0.019140625 0.01484375
1 0.525390625 0.50546875 0.016796875 0.0125
1 0.504296875 0.490234375 0.016796875 0.013671875
1 0.58671875 0.49140625 0.016796875 0.015625
1 0.60390625 0.49140625 0.016796875 0.015625
6 0.507421875 0.50546875 0.01484375 0.0125
8 0.4734375 0.50546875 0.01484375 0.0125
11 0.48515625 0.521484375 0.00859375 0.009765625
11 0.388671875 0.49140625 0.019140625 0.013671875
11 0.405859375 0.492578125 0.01484375 0.0109375
11 0.42265625 0.491796875 0.019140625 0.01484375
11 0.537109375 0.490625 0.01484375 0.01640625
11 0.553125 0.4921875 0.016796875 0.009765625
11 0.5390625 0.501953125 0.00625 0.005859375
11 0.548828125 0.503515625 0.012890625 0.0046875
11 0.43203125 0.523828125 0.012890625 0.0109375