12 0.63828125 0.6796875 0.21796875 0.142578125
5 0.655078125 0.712109375 0.01640625 0.029296875
2 0.59453125 0.680078125 0.005078125 0.0265625
5 0.631640625 0.676171875 0.01328125 0.02578125
10 0.617578125 0.67734375 0.013671875 0.028515625
9 0.60390625 0.67890625 0.01328125 0.02734375
1 0.61796875 0.715234375 0.01640625 0.032421875
2 0.60703125 0.7171875 0.00546875 0.029296875
11 0.589453125 0.650390625 0.013671875 0.02421875
11 0.57578125 0.648046875 0.013671875 0.032421875
8 0.645703125 0.674609375 0.0125 0.02578125
6 0.659375 0.67421875 0.013671875 0.028515625
6 0.6390625 0.714453125 0.015625 0.032421875
3 0.640625 0.641796875 0.013671875 0.031640625
3 0.62734375 0.64375 0.014453125 0.030859375
11 0.67734375 0.667578125 0.011328125 0.01171875
11 0.66953125 0.666796875 0.007421875 0.01484375
11 0.69296875 0.6421875 0.01328125 0.02265625
11 0.6796875 0.642578125 0.01328125 0.0234375
11 0.66640625 0.640234375 0.014453125 0.032421875
11 0.601953125 0.64921875 0.013671875 0.0234375