2 0.662109375 0.5984375 0.005859375 0.024609375
1 0.6171875 0.599609375 0.013671875 0.02734375
1 0.711328125 0.56328125 0.01484375 0.032421875
2 0.7046875 0.596484375 0.0046875 0.026171875
1 0.71484375 0.595703125 0.013671875 0.02734375
1 0.687109375 0.59765625 0.01484375 0.028515625
1 0.685546875 0.634765625 0.015625 0.032421875
1 0.7234375 0.63359375 0.015625 0.030078125
6 0.70703125 0.63359375 0.015625 0.032421875
11 0.644921875 0.565625 0.0125 0.030078125
11 0.6578125 0.565234375 0.0125 0.03125
11 0.671484375 0.56640625 0.0125 0.0234375
11 0.737890625 0.559765625 0.01484375 0.03125
11 0.751953125 0.56328125 0.01171875 0.024609375
11 0.7640625 0.56328125 0.0125 0.024609375
11 0.73984375 0.587890625 0.00703125 0.014453125
11 0.74921875 0.587890625 0.009765625 0.01171875
10 0.672265625 0.5984375 0.0125 0.02734375
6 0.72890625 0.59453125 0.0125 0.02734375
3 0.66953125 0.634765625 0.01484375 0.032421875
4 0.697265625 0.56328125 0.013671875 0.032421875
12 0.710546875 0.59765625 0.22734375 0.1484375