1 0.433203125 0.30859375 0.0328125 0.017578125
4 0.4671875 0.396875 0.0625 0.03046875
4 0.5171875 0.375390625 0.0625 0.028125
4 0.372265625 0.369140625 0.0328125 0.017578125
6 0.56328125 0.353125 0.0640625 0.03828125
6 0.497265625 0.29140625 0.036328125 0.0203125
9 0.614453125 0.33125 0.06953125 0.041015625
12 0.5390625 0.3671875 0.359375 0.15625
5 0.417578125 0.31875 0.0328125 0.01640625
1 0.42265625 0.418359375 0.0609375 0.034375
1 0.6625 0.30703125 0.05390625 0.03046875
1 0.39140625 0.359375 0.036328125 0.015625