11 0.584375 0.864453125 0.0125 0.058984375
3 0.641015625 0.71953125 0.01875 0.057421875
3 0.617578125 0.721484375 0.0203125 0.0609375
6 0.571875 0.728125 0.0203125 0.0609375
9 0.5953125 0.723046875 0.0203125 0.0609375
9 0.54921875 0.729296875 0.0203125 0.0625
2 0.5328125 0.7328125 0.0109375 0.058984375
11 0.569921875 0.7828125 0.0125 0.03125
11 0.55859375 0.785546875 0.01171875 0.0328125
11 0.626953125 0.775 0.009765625 0.0328125
12 0.587890625 0.82109375 0.28125 0.340234375
11 0.640625 0.776953125 0.015625 0.026171875
11 0.546875 0.785546875 0.01171875 0.0296875
11 0.534765625 0.7890625 0.0125 0.0328125
11 0.5203125 0.78828125 0.013671875 0.034765625