11 0.677734375 0.824609375 0.009765625 0.03125
6 0.64765625 0.776171875 0.017578125 0.058984375
6 0.668359375 0.77265625 0.01875 0.058984375
0 0.68046875 0.793359375 0.005859375 0.0140625
4 0.691796875 0.770703125 0.01640625 0.05546875
2 0.63203125 0.775 0.0078125 0.05390625
11 0.63828125 0.911328125 0.0125 0.0625
12 0.64140625 0.855078125 0.267578125 0.286328125
11 0.541015625 0.838671875 0.01171875 0.03125
11 0.55 0.838671875 0.00390625 0.034765625
11 0.5578125 0.8359375 0.01171875 0.0296875
11 0.527734375 0.839453125 0.0125 0.036328125
11 0.691015625 0.82734375 0.01484375 0.02265625