8 0.53203125 0.56171875 0.026171875 0.0234375
8 0.475 0.562109375 0.026171875 0.02421875
5 0.5453125 0.59453125 0.03125 0.025390625
4 0.377734375 0.598046875 0.019140625 0.0203125
1 0.551171875 0.533203125 0.0296875 0.025390625
1 0.604296875 0.534765625 0.027734375 0.0265625
2 0.453125 0.56328125 0.010546875 0.025390625
2 0.425390625 0.5640625 0.0140625 0.02421875
2 0.52265625 0.5953125 0.0140625 0.0265625
2 0.478125 0.595703125 0.012109375 0.02734375
2 0.448046875 0.59609375 0.0140625 0.028125
2 0.36015625 0.599609375 0.012109375 0.021484375
7 0.5015625 0.5625 0.027734375 0.025390625
12 0.519140625 0.566015625 0.44453125 0.11640625
11 0.4078125 0.598046875 0.020703125 0.0203125
11 0.597265625 0.55859375 0.020703125 0.01171875
11 0.5796875 0.55703125 0.0140625 0.01484375
11 0.39140625 0.537109375 0.026171875 0.021484375
11 0.3375 0.534375 0.0296875 0.029296875
11 0.65625 0.5328125 0.02421875 0.0265625
11 0.684765625 0.53671875 0.0296875 0.02265625
11 0.49296875 0.5953125 0.0140625 0.02265625
9 0.558984375 0.5625 0.02421875 0.0234375
0 0.573828125 0.54140625 0.015625 0.0109375
0 0.4140625 0.54296875 0.019140625 0.01171875