12 0.44140625 0.66953125 0.303515625 0.066796875
10 0.41484375 0.6671875 0.021484375 0.016796875
10 0.4109375 0.687890625 0.02421875 0.020703125
4 0.434375 0.66640625 0.01796875 0.01640625
11 0.5609375 0.648046875 0.02421875 0.017578125
11 0.5234375 0.65 0.0203125 0.01484375
11 0.50390625 0.6484375 0.019140625 0.01796875
11 0.395703125 0.651171875 0.021484375 0.013671875
11 0.375390625 0.6515625 0.01640625 0.015625
8 0.467578125 0.687109375 0.023046875 0.01953125
8 0.475390625 0.666796875 0.015234375 0.01640625
3 0.39375 0.6671875 0.0203125 0.014453125
3 0.44921875 0.648828125 0.021484375 0.017578125
3 0.455078125 0.66640625 0.0203125 0.016796875
3 0.44140625 0.687109375 0.02421875 0.01953125
11 0.35703125 0.65 0.0203125 0.01875
11 0.488671875 0.662890625 0.008984375 0.009375
11 0.50078125 0.663671875 0.015234375 0.007421875
11 0.541796875 0.650390625 0.01640625 0.01328125
11 0.31875 0.65078125 0.0203125 0.01875
11 0.3375 0.65234375 0.01640625 0.014453125
2 0.46953125 0.648828125 0.01640625 0.017578125
2 0.33359375 0.691015625 0.0140625 0.014453125
2 0.349609375 0.69140625 0.01015625 0.014453125
11 0.368359375 0.691015625 0.01796875 0.014453125