11 0.758203125 0.7671875 0.01640625 0.027734375
11 0.601171875 0.777734375 0.0046875 0.03828125
11 0.59140625 0.78125 0.0125 0.03828125
11 0.577734375 0.78046875 0.01484375 0.046875
11 0.74453125 0.7640625 0.0109375 0.034765625
11 0.69765625 0.86015625 0.01484375 0.067578125
10 0.73515625 0.703125 0.021484375 0.0625
10 0.762109375 0.703125 0.0265625 0.0625
0 0.7484375 0.729296875 0.00703125 0.0171875
2 0.69296875 0.71015625 0.0109375 0.06953125
5 0.711328125 0.707421875 0.02265625 0.067578125
12 0.70703125 0.807421875 0.306640625 0.347265625
11 0.61171875 0.776953125 0.01484375 0.03984375