12 0.60390625 0.67265625 0.4484375 0.272265625
11 0.7265625 0.598828125 0.02734375 0.049609375
11 0.503125 0.603515625 0.025390625 0.048046875
11 0.53125 0.599609375 0.02734375 0.055859375
11 0.67265625 0.64765625 0.013671875 0.030078125
11 0.68984375 0.651171875 0.0203125 0.0234375
1 0.5578125 0.744921875 0.03125 0.0625
1 0.560546875 0.66484375 0.025390625 0.055859375
1 0.41484375 0.66796875 0.025390625 0.051953125
2 0.61484375 0.74296875 0.0125 0.061328125
2 0.5109375 0.666796875 0.009765625 0.0546875
2 0.586328125 0.59375 0.01875 0.065234375
11 0.69765625 0.596875 0.0265625 0.048046875
11 0.669921875 0.591796875 0.02734375 0.063671875
11 0.475 0.595703125 0.0265625 0.06640625
8 0.63828125 0.7390625 0.028125 0.063671875
8 0.59296875 0.662890625 0.025390625 0.057421875
1 0.615234375 0.59296875 0.029296875 0.069140625
6 0.62109375 0.662890625 0.025390625 0.057421875
6 0.65078125 0.661328125 0.0265625 0.057421875
7 0.531640625 0.6640625 0.0265625 0.057421875
3 0.5234375 0.744140625 0.03125 0.063671875