6 0.513671875 0.59765625 0.045703125 0.0546875
5 0.561328125 0.652734375 0.0390625 0.04609375
5 0.5203125 0.652734375 0.037890625 0.04609375
3 0.349609375 0.6546875 0.04296875 0.05
3 0.435546875 0.653125 0.040234375 0.046875
3 0.494921875 0.71875 0.044140625 0.056640625
4 0.544921875 0.71796875 0.04296875 0.0546875
4 0.227734375 0.655859375 0.036328125 0.05
2 0.395703125 0.71875 0.018359375 0.0546875
2 0.491015625 0.65546875 0.018359375 0.05078125
5 0.392578125 0.653125 0.040234375 0.044921875
2 0.469921875 0.6 0.03125 0.06171875
12 0.49296875 0.66171875 0.65234375 0.215625
11 0.630078125 0.603125 0.0390625 0.03984375
11 0.462109375 0.7171875 0.018359375 0.0421875
11 0.39375 0.5984375 0.032421875 0.056640625
11 0.590625 0.597265625 0.040234375 0.0515625
9 0.428515625 0.71875 0.044140625 0.0546875
11 0.59375 0.64296875 0.018359375 0.0265625
11 0.619921875 0.64609375 0.03125 0.02265625
11 0.67109375 0.60390625 0.040234375 0.03984375
11 0.3125 0.599609375 0.0390625 0.056640625
11 0.3546875 0.60390625 0.037890625 0.03984375