1 0.455078125 0.544921875 0.01171875 0.015625
1 0.501953125 0.5109375 0.01171875 0.015625
1 0.525390625 0.51015625 0.01171875 0.01484375
0 0.5109375 0.51484375 0.006640625 0.005859375
0 0.430859375 0.515234375 0.005078125 0.0046875
11 0.428515625 0.546875 0.010546875 0.01171875
5 0.41484375 0.547265625 0.008984375 0.0109375
4 0.4453125 0.5265625 0.010546875 0.013671875
3 0.4875 0.544921875 0.014453125 0.015625
3 0.431640625 0.5265625 0.01171875 0.013671875
11 0.548046875 0.51171875 0.012890625 0.01171875
11 0.5359375 0.5109375 0.008984375 0.015625
11 0.42265625 0.512109375 0.01171875 0.0109375
11 0.399609375 0.5109375 0.012890625 0.015625
12 0.4734375 0.529296875 0.194140625 0.06640625
1 0.473828125 0.5453125 0.012890625 0.01484375
10 0.494140625 0.5265625 0.01171875 0.013671875
6 0.481640625 0.5265625 0.010546875 0.013671875
8 0.469921875 0.52578125 0.010546875 0.0125
2 0.4609375 0.526953125 0.005078125 0.0125
2 0.4453125 0.5453125 0.005078125 0.01484375
11 0.4640625 0.544921875 0.00390625 0.009765625