11 0.511328125 0.558203125 0.00859375 0.026171875
6 0.558203125 0.472265625 0.0125 0.03828125
6 0.54921875 0.510546875 0.0109375 0.03125
3 0.525390625 0.511328125 0.01171875 0.0328125
3 0.49921875 0.558984375 0.009765625 0.027734375
8 0.5375 0.510546875 0.0109375 0.03125
1 0.55390625 0.551171875 0.013671875 0.036328125
12 0.55390625 0.512109375 0.1796875 0.14921875
11 0.50390625 0.475 0.01171875 0.036328125
11 0.515234375 0.473828125 0.0109375 0.03828125
10 0.57265625 0.509375 0.0125 0.0328125
9 0.560546875 0.509375 0.009765625 0.0296875
1 0.53671875 0.551953125 0.01484375 0.03828125
2 0.5265625 0.553125 0.005859375 0.036328125
2 0.491796875 0.558203125 0.0046875 0.026171875
10 0.5671875 0.551171875 0.013671875 0.036328125
11 0.52578125 0.478125 0.0109375 0.026171875
11 0.57890625 0.472265625 0.01171875 0.03828125
11 0.590234375 0.475 0.0109375 0.026171875
11 0.601953125 0.475 0.0109375 0.026171875
11 0.58125 0.50078125 0.00390625 0.019140625
11 0.587890625 0.503515625 0.0078125 0.0140625
11 0.50546875 0.5484375 0.003125 0.010546875