12 0.48828125 0.64296875 0.518359375 0.15859375
3 0.47265625 0.591015625 0.033203125 0.045703125
5 0.409765625 0.63828125 0.032421875 0.036328125
7 0.437890625 0.690625 0.0359375 0.04375
7 0.50625 0.590234375 0.033984375 0.04296875
1 0.548828125 0.63671875 0.0375 0.039453125
10 0.533203125 0.6890625 0.03828125 0.045703125
11 0.465234375 0.68984375 0.016015625 0.03046875
4 0.493359375 0.68984375 0.03515625 0.045703125
11 0.593359375 0.62890625 0.0234375 0.017578125
3 0.373046875 0.6375 0.033984375 0.038671875
11 0.637109375 0.594921875 0.029296875 0.032421875
11 0.601953125 0.59296875 0.029296875 0.03359375
11 0.5703125 0.58984375 0.0359375 0.04375
11 0.4078125 0.596484375 0.030859375 0.03203125
11 0.376171875 0.592578125 0.032421875 0.042578125
11 0.34140625 0.592578125 0.033984375 0.042578125
11 0.572265625 0.627734375 0.017578125 0.01953125
4 0.273046875 0.639453125 0.0359375 0.03984375
4 0.44453125 0.637109375 0.030859375 0.039453125
4 0.480078125 0.637109375 0.030078125 0.03828125
4 0.5140625 0.6375 0.0265625 0.038671875
2 0.41171875 0.68984375 0.01484375 0.04375