1 0.434375 0.34921875 0.020703125 0.01484375
9 0.459765625 0.349609375 0.022265625 0.014453125
9 0.46796875 0.372265625 0.0234375 0.01953125
5 0.408203125 0.348828125 0.020703125 0.01484375
9 0.382421875 0.348046875 0.020703125 0.01484375
3 0.3796875 0.369921875 0.0234375 0.01875
3 0.485546875 0.35078125 0.022265625 0.01484375
3 0.35625 0.347265625 0.0234375 0.015625
2 0.417578125 0.37109375 0.010546875 0.017578125
6 0.4390625 0.371484375 0.022265625 0.01953125
12 0.423828125 0.34453125 0.319921875 0.08828125