0 0.551171875 0.449609375 0.005078125 0.0046875
4 0.5765625 0.470703125 0.020703125 0.017578125
11 0.496484375 0.456640625 0.0140625 0.00703125
7 0.52421875 0.470703125 0.020703125 0.017578125
7 0.550390625 0.470703125 0.020703125 0.01953125
2 0.481640625 0.470703125 0.00859375 0.017578125
1 0.56171875 0.441796875 0.019140625 0.01640625
1 0.53984375 0.441796875 0.020703125 0.01640625
8 0.50078125 0.46953125 0.019140625 0.017578125
11 0.484375 0.455078125 0.010546875 0.009765625
12 0.5140625 0.4578125 0.176953125 0.05859375
2 0.455859375 0.46953125 0.00859375 0.017578125