8 0.46484375 0.920703125 0.014453125 0.04140625
5 0.4671875 0.96484375 0.014453125 0.034375
1 0.4515625 0.9640625 0.014453125 0.03515625
9 0.43671875 0.963671875 0.014453125 0.036328125
2 0.4109375 0.9640625 0.00546875 0.033203125
2 0.42578125 0.963671875 0.005078125 0.032421875
2 0.449609375 0.9203125 0.009375 0.040234375
11 0.493359375 0.956640625 0.00703125 0.01796875
12 0.45703125 0.942578125 0.23203125 0.112890625
11 0.501953125 0.958203125 0.011328125 0.015234375
11 0.52109375 0.92734375 0.014453125 0.030078125
11 0.50703125 0.926953125 0.013671875 0.03125
11 0.4921875 0.921484375 0.014453125 0.040234375
11 0.42109375 0.92265625 0.013671875 0.03515625
11 0.40703125 0.925390625 0.014453125 0.030078125
11 0.39296875 0.919140625 0.01484375 0.040234375
5 0.48203125 0.96484375 0.014453125 0.034375