7 0.49921875 0.5359375 0.02265625 0.01953125
12 0.4703125 0.5125 0.347265625 0.08203125
11 0.3984375 0.49140625 0.019140625 0.013671875
11 0.525 0.48828125 0.019140625 0.01953125
6 0.487109375 0.5109375 0.019140625 0.017578125
8 0.512109375 0.51015625 0.0171875 0.01640625
5 0.473046875 0.5359375 0.02265625 0.017578125
4 0.441796875 0.5109375 0.019140625 0.017578125
9 0.418359375 0.5109375 0.020703125 0.017578125
1 0.4375 0.5359375 0.02421875 0.01953125
1 0.32890625 0.51015625 0.019140625 0.01640625
3 0.4125 0.5359375 0.02265625 0.01953125
2 0.471484375 0.5109375 0.00859375 0.015625
2 0.402734375 0.51171875 0.00703125 0.015625
3 0.4609375 0.48828125 0.02265625 0.01953125
10 0.48359375 0.48828125 0.019140625 0.01953125
11 0.455859375 0.535546875 0.00859375 0.0125
11 0.53984375 0.507421875 0.0171875 0.00703125
11 0.526953125 0.50625 0.00859375 0.00859375
11 0.56953125 0.490625 0.020703125 0.01484375
11 0.54609375 0.490625 0.019140625 0.01484375
11 0.418359375 0.49140625 0.020703125 0.013671875
11 0.375 0.488671875 0.020703125 0.0203125