12 0.622265625 0.472265625 0.16484375 0.05546875
6 0.658984375 0.483984375 0.02265625 0.0203125
10 0.60859375 0.484375 0.026171875 0.01953125
10 0.6859375 0.484765625 0.02421875 0.02265625
2 0.565234375 0.48359375 0.015625 0.01953125
2 0.589453125 0.484375 0.012109375 0.01953125
2 0.640625 0.484375 0.010546875 0.021484375
1 0.64765625 0.455078125 0.020703125 0.015625
1 0.67265625 0.45546875 0.02265625 0.01640625
0 0.660546875 0.46328125 0.00859375 0.00703125
11 0.59375 0.468359375 0.010546875 0.0109375
11 0.605859375 0.469140625 0.0140625 0.00703125