11 0.487109375 0.54375 0.010546875 0.013671875
11 0.45625 0.503125 0.016796875 0.021484375
11 0.474609375 0.500390625 0.01953125 0.02265625
11 0.43359375 0.51015625 0.028515625 0.01640625
11 0.408203125 0.5125 0.01953125 0.021484375
11 0.23125 0.591796875 0.01953125 0.015625
11 0.215625 0.594140625 0.008984375 0.01484375
11 0.200390625 0.596875 0.020703125 0.013671875
11 0.17890625 0.599609375 0.01953125 0.015625
8 0.434765625 0.544921875 0.0234375 0.021484375
8 0.201171875 0.44140625 0.037890625 0.03125
5 0.244140625 0.435546875 0.037890625 0.02734375
5 0.28125 0.430078125 0.033984375 0.02421875
1 0.46484375 0.5421875 0.026171875 0.02734375
6 0.4015625 0.5546875 0.032421875 0.029296875
11 0.311328125 0.419921875 0.018359375 0.013671875
2 0.247265625 0.5890625 0.0078125 0.01953125
12 0.29375 0.530859375 0.587109375 0.2921875
0 0.4484375 0.55625 0.00390625 0.00703125
11 0.5046875 0.54140625 0.022265625 0.0109375