11 0.56796875 0.58515625 0.00859375 0.030078125
11 0.63359375 0.533203125 0.013671875 0.014453125
11 0.623046875 0.530078125 0.0078125 0.020703125
11 0.655859375 0.50390625 0.01875 0.03125
11 0.638671875 0.502734375 0.015625 0.033984375
11 0.621875 0.498046875 0.017578125 0.040234375
11 0.540625 0.501953125 0.01640625 0.030078125
11 0.5234375 0.501171875 0.017578125 0.03125
11 0.507421875 0.497265625 0.01875 0.041796875
2 0.61328125 0.53984375 0.009765625 0.03515625
7 0.540625 0.53828125 0.01640625 0.03515625
2 0.60703125 0.583984375 0.0125 0.037890625
2 0.539453125 0.5859375 0.0109375 0.036328125
4 0.593359375 0.5390625 0.01640625 0.036328125
4 0.58125 0.58515625 0.017578125 0.040234375
1 0.55390625 0.584765625 0.017578125 0.0390625
1 0.558203125 0.53828125 0.01875 0.03515625
2 0.578515625 0.537890625 0.0109375 0.033984375
2 0.526953125 0.53828125 0.0109375 0.032421875
5 0.589453125 0.496875 0.01875 0.040234375
12 0.58359375 0.541015625 0.26640625 0.16015625