2 0.38203125 0.288671875 0.014453125 0.03203125
11 0.301953125 0.3390625 0.0234375 0.029296875
0 0.505078125 0.261328125 0.015625 0.01640625
9 0.43359375 0.2890625 0.03125 0.03515625
7 0.36640625 0.333984375 0.03515625 0.0390625
7 0.26953125 0.33828125 0.026171875 0.028125
7 0.541015625 0.25 0.030078125 0.0390625
2 0.427734375 0.24765625 0.022265625 0.03984375
3 0.45625 0.2484375 0.030078125 0.03828125
1 0.225390625 0.2859375 0.028515625 0.033203125
1 0.4484375 0.3359375 0.03515625 0.0390625
1 0.4140625 0.334375 0.033984375 0.03828125
2 0.47265625 0.291015625 0.012890625 0.033203125
11 0.287109375 0.25078125 0.030078125 0.029296875
11 0.5671875 0.250390625 0.024609375 0.03984375
11 0.596484375 0.25546875 0.03125 0.03046875
11 0.485546875 0.2828125 0.012890625 0.01640625
3 0.403125 0.288671875 0.02734375 0.034375
11 0.50390625 0.284765625 0.0234375 0.01484375
0 0.3078125 0.258203125 0.014453125 0.01484375
12 0.4140625 0.28984375 0.455859375 0.15625
3 0.3125 0.28828125 0.03125 0.03515625
4 0.48515625 0.24921875 0.030078125 0.0390625
4 0.34375 0.287109375 0.028515625 0.033203125
11 0.2296875 0.2453125 0.032421875 0.0390625