11 0.537890625 0.47734375 0.015625 0.009375
12 0.483984375 0.48046875 0.26328125 0.088671875
2 0.527734375 0.50078125 0.022265625 0.026953125
1 0.381640625 0.499609375 0.0234375 0.020703125
11 0.525 0.476953125 0.01015625 0.011328125
7 0.45234375 0.46015625 0.022265625 0.02109375
11 0.470703125 0.476171875 0.012109375 0.01015625
11 0.458984375 0.476953125 0.0109375 0.01015625
11 0.4484375 0.476171875 0.01015625 0.01015625
11 0.437109375 0.476171875 0.012109375 0.01015625
11 0.425 0.47578125 0.012109375 0.011328125
8 0.476171875 0.45859375 0.02109375 0.017578125
9 0.49609375 0.459375 0.01875 0.02109375
3 0.441796875 0.500390625 0.025390625 0.02421875
3 0.466015625 0.500390625 0.025390625 0.02421875
3 0.5421875 0.459765625 0.019921875 0.020703125
5 0.49765625 0.5 0.0265625 0.019921875
4 0.518359375 0.46015625 0.01875 0.02109375