10 0.266796875 0.609765625 0.049609375 0.0109375
0 0.255078125 0.61953125 0.02578125 0.00859375
8 0.219140625 0.58046875 0.045703125 0.0109375
8 0.163671875 0.542578125 0.049609375 0.01484375
9 0.270703125 0.6328125 0.045703125 0.017578125
2 0.20546875 0.484765625 0.041796875 0.00703125
2 0.21015625 0.52109375 0.03984375 0.00703125
2 0.2171875 0.570703125 0.041796875 0.00703125
11 0.22734375 0.597265625 0.021875 0.00859375
3 0.16484375 0.560546875 0.04765625 0.013671875
1 0.21328125 0.542578125 0.045703125 0.01484375
4 0.215234375 0.55625 0.045703125 0.0125
6 0.165625 0.57578125 0.049609375 0.01640625
6 0.212109375 0.5296875 0.04375 0.0109375
11 0.253125 0.48125 0.049609375 0.01171875
11 0.255078125 0.494140625 0.049609375 0.013671875
11 0.255859375 0.505859375 0.04765625 0.009765625
11 0.25703125 0.517578125 0.045703125 0.013671875
11 0.2609375 0.539453125 0.045703125 0.0125
11 0.26171875 0.55234375 0.04765625 0.0125
11 0.228125 0.589453125 0.023828125 0.00703125
9 0.266015625 0.59765625 0.04765625 0.013671875
12 0.211328125 0.56015625 0.212109375 0.1984375