2 0.15859375 0.48125 0.04375 0.005859375
8 0.11015625 0.53515625 0.045703125 0.01171875
2 0.10625 0.491796875 0.049609375 0.0046875
2 0.20625 0.46796875 0.04765625 0.009765625
7 0.10703125 0.5015625 0.04765625 0.0125
7 0.209375 0.59375 0.045703125 0.013671875
11 0.207421875 0.50078125 0.045703125 0.01171875
11 0.20546875 0.48984375 0.045703125 0.0109375
11 0.204296875 0.456640625 0.04765625 0.0109375
10 0.209375 0.558203125 0.045703125 0.0125
5 0.159765625 0.490625 0.037890625 0.0125
5 0.108203125 0.5203125 0.045703125 0.013671875
8 0.16171875 0.528125 0.041796875 0.009765625
8 0.160546875 0.51640625 0.03984375 0.009765625
9 0.16171875 0.53984375 0.041796875 0.013671875
9 0.207421875 0.5703125 0.045703125 0.01171875
10 0.16171875 0.503515625 0.041796875 0.0125
0 0.1953125 0.580078125 0.021875 0.0078125
11 0.16875 0.55625 0.019921875 0.00859375
11 0.16953125 0.5484375 0.021875 0.0046875
11 0.10703125 0.51015625 0.035546875 0.0046875
11 0.208203125 0.525 0.04765625 0.0125
11 0.207421875 0.51328125 0.045703125 0.0109375
11 0.204296875 0.443359375 0.04375 0.013671875
12 0.15390625 0.5203125 0.196484375 0.19140625