12 0.57109375 0.552734375 0.15859375 0.15546875
10 0.575 0.509765625 0.011328125 0.0390625
2 0.56484375 0.5109375 0.007421875 0.0390625
1 0.55625 0.5984375 0.0125 0.041796875
1 0.50546875 0.5546875 0.011328125 0.0375
1 0.566796875 0.55078125 0.01015625 0.0375
9 0.577734375 0.55078125 0.009375 0.034765625
3 0.54453125 0.6 0.009375 0.041796875
3 0.587890625 0.55 0.009375 0.0359375
3 0.54609375 0.554296875 0.01015625 0.0359375
11 0.56484375 0.596484375 0.005078125 0.029296875
2 0.575390625 0.59921875 0.00703125 0.040234375
10 0.522265625 0.6078125 0.008203125 0.029296875
10 0.55703125 0.551953125 0.009375 0.0375
11 0.5359375 0.51328125 0.009375 0.04296875
11 0.53359375 0.6046875 0.007421875 0.03203125
11 0.526171875 0.5140625 0.01015625 0.04453125
8 0.584765625 0.595703125 0.010546875 0.0359375
11 0.60234375 0.54375 0.008203125 0.01796875
11 0.595703125 0.5421875 0.005078125 0.020703125
11 0.614453125 0.5125 0.01015625 0.03046875
11 0.60390625 0.5109375 0.01015625 0.03046875
11 0.59375 0.5078125 0.01015625 0.040234375
11 0.54609375 0.516015625 0.010546875 0.03203125