2 0.583203125 0.5359375 0.0109375 0.016796875
2 0.529296875 0.50703125 0.01015625 0.015625
11 0.51953125 0.519921875 0.025390625 0.01015625
4 0.54609375 0.50703125 0.02109375 0.016796875
8 0.5671875 0.50703125 0.01875 0.015625
12 0.540625 0.523046875 0.165625 0.057421875
8 0.528515625 0.534765625 0.0234375 0.01796875
8 0.602734375 0.5359375 0.02109375 0.01796875
3 0.553515625 0.53515625 0.022265625 0.01875
0 0.57890625 0.51484375 0.006640625 0.005078125
2 0.484375 0.533984375 0.0109375 0.016796875
2 0.510546875 0.534765625 0.01015625 0.016796875
6 0.58984375 0.507421875 0.019921875 0.01640625