0 0.544140625 0.516015625 0.00859375 0.0046875
12 0.51484375 0.51484375 0.1578125 0.046875
4 0.56875 0.526953125 0.015625 0.01484375
7 0.54609375 0.526953125 0.019140625 0.01484375
10 0.504296875 0.5265625 0.019140625 0.015625
10 0.5640625 0.5078125 0.027734375 0.021484375
3 0.4609375 0.5265625 0.019140625 0.015625
3 0.528515625 0.507421875 0.026171875 0.02265625
5 0.52421875 0.526953125 0.0171875 0.01484375
5 0.497265625 0.507421875 0.026171875 0.01875
2 0.487109375 0.5265625 0.012109375 0.015625
2 0.472265625 0.50703125 0.0140625 0.01953125