3 0.42109375 0.634765625 0.057421875 0.048828125
6 0.5859375 0.5484375 0.046875 0.0421875
10 0.637109375 0.5484375 0.051953125 0.04375
10 0.536328125 0.548828125 0.0453125 0.04296875
2 0.484375 0.634375 0.027734375 0.0515625
2 0.50078125 0.54765625 0.026171875 0.04296875
0 0.614453125 0.56328125 0.010546875 0.013671875
11 0.509375 0.634375 0.019140625 0.03828125
11 0.347265625 0.5828125 0.03125 0.02734375
11 0.321875 0.584375 0.015625 0.028125
11 0.30390625 0.58359375 0.020703125 0.0265625
11 0.2796875 0.5828125 0.02421875 0.02734375
12 0.502734375 0.595703125 0.588671875 0.189453125
11 0.630078125 0.5859375 0.03828125 0.021484375
11 0.5953125 0.58359375 0.03125 0.0265625
1 0.290625 0.634375 0.05390625 0.04609375
5 0.596484375 0.634765625 0.057421875 0.044921875
3 0.542578125 0.634765625 0.046875 0.048828125