2 0.455859375 0.6109375 0.01328125 0.03203125
7 0.5328125 0.53203125 0.02734375 0.034375
3 0.505078125 0.53203125 0.0265625 0.03359375
9 0.537109375 0.568359375 0.02578125 0.03046875
5 0.452734375 0.569921875 0.02578125 0.02734375
3 0.508984375 0.56875 0.025 0.03125
3 0.425390625 0.56953125 0.02421875 0.03046875
4 0.565234375 0.567578125 0.02421875 0.030078125
4 0.48203125 0.569140625 0.02265625 0.03203125
4 0.347265625 0.57109375 0.02421875 0.029296875
4 0.522265625 0.61015625 0.02734375 0.035546875
4 0.552734375 0.61015625 0.02578125 0.036328125
2 0.4859375 0.610546875 0.01171875 0.03125
11 0.586328125 0.561328125 0.016015625 0.017578125
11 0.60234375 0.562890625 0.021484375 0.01171875
11 0.452734375 0.53671875 0.02421875 0.02734375
11 0.42734375 0.53359375 0.025 0.034375
11 0.400390625 0.533203125 0.02578125 0.03515625
11 0.58203125 0.53203125 0.02734375 0.03359375
11 0.608203125 0.53515625 0.0265625 0.026171875
11 0.63515625 0.53359375 0.025 0.026171875
11 0.5 0.61171875 0.01171875 0.026171875
12 0.51953125 0.57265625 0.417578125 0.128125