11 0.1515625 0.562890625 0.027734375 0.023046875
11 0.1234375 0.56328125 0.0265625 0.023046875
11 0.17109375 0.5625 0.0109375 0.023828125
11 0.191796875 0.561328125 0.027734375 0.023828125
11 0.4515625 0.55546875 0.027734375 0.025
2 0.349609375 0.52265625 0.025390625 0.03671875
2 0.341015625 0.6109375 0.02890625 0.045703125
3 0.2734375 0.61328125 0.06015625 0.048828125
3 0.449609375 0.607421875 0.056640625 0.04609375
5 0.39453125 0.61015625 0.0578125 0.042578125
5 0.38671875 0.52109375 0.046484375 0.036328125
5 0.434375 0.52109375 0.048828125 0.035546875
6 0.48515625 0.519140625 0.05 0.040625
11 0.4828125 0.55625 0.03671875 0.02109375
12 0.35234375 0.57578125 0.57109375 0.19296875