12 0.67578125 0.650390625 0.220703125 0.133984375
8 0.65390625 0.684765625 0.01484375 0.033984375
7 0.679296875 0.611328125 0.01484375 0.032421875
2 0.628515625 0.646484375 0.00859375 0.02734375
2 0.64140625 0.685546875 0.009765625 0.032421875
10 0.640234375 0.647265625 0.01484375 0.028515625
1 0.654296875 0.645703125 0.013671875 0.028515625
5 0.66875 0.646484375 0.013671875 0.02734375
5 0.675390625 0.684375 0.01640625 0.032421875
7 0.68359375 0.6453125 0.013671875 0.030078125
6 0.69765625 0.6453125 0.01484375 0.030078125
6 0.691796875 0.684765625 0.01640625 0.033984375
11 0.6640625 0.685546875 0.005859375 0.024609375
11 0.70859375 0.637890625 0.00703125 0.015625
11 0.716796875 0.639453125 0.009765625 0.012890625
11 0.61171875 0.61328125 0.01484375 0.033984375
11 0.6265625 0.61640625 0.0125 0.024609375
11 0.640234375 0.61640625 0.01484375 0.024609375
11 0.70625 0.611328125 0.013671875 0.032421875
11 0.7203125 0.6140625 0.0125 0.024609375
11 0.734765625 0.614453125 0.01484375 0.026171875