6 0.446484375 0.60703125 0.018359375 0.025
1 0.4296875 0.580859375 0.016015625 0.01953125
2 0.38125 0.605859375 0.008984375 0.021875
2 0.39765625 0.58046875 0.008203125 0.016796875
3 0.44765625 0.580859375 0.016796875 0.01953125
3 0.42734375 0.606640625 0.019921875 0.02421875
4 0.37578125 0.580078125 0.01484375 0.019921875
10 0.412109375 0.58046875 0.016015625 0.01875
7 0.46640625 0.58125 0.016015625 0.01875
8 0.398828125 0.60546875 0.016015625 0.023046875
11 0.4125 0.6046875 0.006640625 0.01171875
12 0.41953125 0.596484375 0.1390625 0.066796875