1 0.49609375 0.616796875 0.018359375 0.0203125
12 0.489453125 0.59296875 0.190234375 0.08203125
10 0.497265625 0.59296875 0.015625 0.01953125
7 0.53515625 0.593359375 0.018359375 0.0203125
11 0.549609375 0.611328125 0.0078125 0.0078125
2 0.520703125 0.617578125 0.0078125 0.01640625
2 0.53984375 0.617578125 0.006640625 0.01875
2 0.46484375 0.591796875 0.0078125 0.017578125
2 0.44453125 0.615234375 0.006640625 0.017578125
3 0.4765625 0.61640625 0.018359375 0.01953125
6 0.515625 0.593359375 0.015625 0.0203125
6 0.4578125 0.615234375 0.016796875 0.01953125
1 0.477734375 0.591796875 0.018359375 0.01953125
11 0.55859375 0.61171875 0.010546875 0.00703125