9 0.458984375 0.272265625 0.026171875 0.01796875
5 0.4890625 0.272265625 0.0234375 0.016796875
12 0.485546875 0.26875 0.370703125 0.1
10 0.525390625 0.29765625 0.026171875 0.023046875
1 0.49296875 0.297265625 0.028515625 0.023046875
1 0.51640625 0.27265625 0.026171875 0.017578125
3 0.401953125 0.27109375 0.026171875 0.01875
3 0.4296875 0.296484375 0.02734375 0.023046875
3 0.4609375 0.297265625 0.02734375 0.023046875
8 0.432421875 0.271484375 0.01953125 0.016796875
8 0.54765625 0.27265625 0.020703125 0.017578125