11 0.541015625 0.5203125 0.014453125 0.013671875
11 0.5265625 0.519140625 0.014453125 0.01875
11 0.528125 0.534765625 0.006640625 0.00859375
10 0.467578125 0.562109375 0.018359375 0.0203125
9 0.50078125 0.5390625 0.014453125 0.017578125
8 0.470703125 0.538671875 0.014453125 0.01640625
11 0.425 0.51875 0.014453125 0.01953125
11 0.537109375 0.53515625 0.01171875 0.0078125
1 0.491015625 0.5609375 0.018359375 0.0203125
1 0.51640625 0.538671875 0.014453125 0.01875
2 0.455078125 0.5625 0.006640625 0.021484375
2 0.442578125 0.539453125 0.0078125 0.01640625
2 0.458203125 0.539453125 0.0078125 0.01640625
2 0.483203125 0.519140625 0.012890625 0.0203125
3 0.39375 0.538671875 0.016796875 0.01875
4 0.509765625 0.5609375 0.016796875 0.0203125
1 0.498046875 0.51875 0.016796875 0.01953125
7 0.485546875 0.538671875 0.012890625 0.01640625
12 0.490234375 0.540625 0.241015625 0.07890625
11 0.439453125 0.52109375 0.014453125 0.01484375
11 0.455078125 0.51953125 0.014453125 0.015625
11 0.55546875 0.52109375 0.014453125 0.01484375