12 0.546875 0.744140625 0.197265625 0.190625
10 0.5390625 0.740234375 0.01171875 0.03984375
10 0.526953125 0.7421875 0.0125 0.03984375
9 0.5953125 0.690625 0.0125 0.04375
9 0.5828125 0.69140625 0.01171875 0.045703125
9 0.619140625 0.6875 0.013671875 0.045703125
0 0.60546875 0.70234375 0.0078125 0.019921875
11 0.581640625 0.730078125 0.0109375 0.016015625
11 0.5734375 0.728125 0.005859375 0.019921875
11 0.53828125 0.69453125 0.01171875 0.04375
11 0.525390625 0.696484375 0.01171875 0.04375
11 0.51328125 0.696484375 0.0109375 0.04375
11 0.501953125 0.697265625 0.01171875 0.045703125
11 0.48984375 0.69921875 0.0125 0.045703125
11 0.46640625 0.7015625 0.01484375 0.045703125
11 0.534765625 0.79453125 0.00703125 0.037890625
2 0.505859375 0.744140625 0.005859375 0.03984375
2 0.568359375 0.73828125 0.005859375 0.03984375
3 0.552734375 0.740234375 0.01171875 0.04375
1 0.465625 0.748046875 0.01171875 0.03984375
5 0.51484375 0.74296875 0.01171875 0.037890625