5 0.680078125 0.72734375 0.01875 0.0453125
3 0.659375 0.730078125 0.015625 0.05390625
10 0.701171875 0.72734375 0.017578125 0.0484375
2 0.603515625 0.730859375 0.0078125 0.0484375
11 0.699609375 0.7796875 0.0125 0.02421875
9 0.61796875 0.730859375 0.017578125 0.051953125
11 0.64921875 0.855859375 0.009765625 0.05546875
11 0.687890625 0.776953125 0.00859375 0.0296875
11 0.636328125 0.78046875 0.00859375 0.026171875
8 0.640625 0.728125 0.015625 0.050390625
12 0.6546875 0.816015625 0.246875 0.277734375
11 0.593359375 0.78125 0.0109375 0.027734375
11 0.62578125 0.78125 0.009765625 0.02421875
11 0.615625 0.78046875 0.0109375 0.026171875
11 0.6046875 0.78125 0.01171875 0.027734375