11 0.58125 0.530859375 0.01953125 0.0265625
10 0.530078125 0.60078125 0.044140625 0.052734375
9 0.419921875 0.59921875 0.045703125 0.0515625
8 0.28984375 0.603125 0.032421875 0.03984375
6 0.482421875 0.59921875 0.04296875 0.05390625
6 0.510546875 0.539453125 0.036328125 0.04765625
0 0.344921875 0.4984375 0.020703125 0.0203125
4 0.551953125 0.541015625 0.036328125 0.046875
4 0.43046875 0.53828125 0.037890625 0.046875
4 0.389453125 0.537109375 0.036328125 0.048828125
3 0.346875 0.53671875 0.040234375 0.04765625
5 0.579296875 0.4875 0.036328125 0.052734375
7 0.470703125 0.5390625 0.037890625 0.046875
7 0.54296875 0.486328125 0.0390625 0.052734375
1 0.2296875 0.533203125 0.040234375 0.046875
2 0.654296875 0.4890625 0.030078125 0.0546875
2 0.50390625 0.484765625 0.03125 0.05390625
11 0.45234375 0.5984375 0.014453125 0.03515625
11 0.3328125 0.603515625 0.02734375 0.0390625
11 0.60625 0.53359375 0.02734375 0.01875
11 0.7296875 0.49765625 0.040234375 0.0421875
11 0.690625 0.48984375 0.032421875 0.05546875
11 0.315234375 0.4875 0.0390625 0.041015625
11 0.241015625 0.480078125 0.044140625 0.05390625
0 0.609375 0.504296875 0.020703125 0.0203125
12 0.484375 0.546484375 0.625 0.221875