12 0.462890625 0.648828125 0.85 0.2921875
6 0.391015625 0.634375 0.05078125 0.059375
10 0.443359375 0.633203125 0.0484375 0.0578125
9 0.493359375 0.56015625 0.05234375 0.0671875
9 0.49921875 0.63203125 0.053515625 0.056640625
5 0.55546875 0.63203125 0.0484375 0.05078125
1 0.38046875 0.715625 0.05625 0.06640625
6 0.526171875 0.7125 0.0625 0.0671875
11 0.228515625 0.56328125 0.0546875 0.068359375
11 0.28203125 0.5640625 0.05234375 0.065625
11 0.335546875 0.570703125 0.0546875 0.0515625
11 0.59140625 0.5578125 0.0546875 0.0703125
11 0.64296875 0.56640625 0.0484375 0.05078125
11 0.6953125 0.566015625 0.05078125 0.05390625
2 0.29765625 0.63671875 0.03125 0.056640625
2 0.350390625 0.63515625 0.022265625 0.0578125
2 0.33671875 0.71953125 0.020703125 0.068359375
2 0.169140625 0.73046875 0.016796875 0.05078125
4 0.201171875 0.730078125 0.041796875 0.0515625
3 0.437890625 0.560546875 0.053515625 0.0703125
3 0.466015625 0.714453125 0.0546875 0.07109375
11 0.62734375 0.621484375 0.040625 0.028125
11 0.4234375 0.715234375 0.022265625 0.05
11 0.2609375 0.73046875 0.041796875 0.0546875
11 0.593359375 0.61796875 0.024609375 0.03125