5 0.60625 0.43515625 0.04765625 0.035546875
0 0.5828125 0.44921875 0.016796875 0.01015625
1 0.55703125 0.43515625 0.045703125 0.039453125
1 0.2609375 0.522265625 0.048828125 0.040625
2 0.475390625 0.4359375 0.01796875 0.035546875
2 0.41015625 0.52265625 0.019921875 0.041796875
9 0.44453125 0.521875 0.048828125 0.044921875
11 0.252734375 0.469921875 0.027734375 0.02265625
11 0.27734375 0.469921875 0.027734375 0.02265625
11 0.29609375 0.470703125 0.012109375 0.02265625
11 0.314453125 0.46953125 0.0265625 0.023046875
11 0.47890625 0.522265625 0.022265625 0.03203125
11 0.57265625 0.46953125 0.0234375 0.02109375
11 0.60234375 0.47109375 0.035546875 0.01796875
3 0.514453125 0.521875 0.053515625 0.044921875
4 0.51171875 0.43515625 0.043359375 0.038671875
8 0.56875 0.520703125 0.046484375 0.04375
12 0.469921875 0.48515625 0.553515625 0.18203125