9 0.577734375 0.6859375 0.04296875 0.04609375
0 0.40546875 0.59609375 0.01953125 0.01640625
1 0.478515625 0.6859375 0.04296875 0.04609375
11 0.310546875 0.58125 0.03671875 0.044921875
11 0.378125 0.5859375 0.037890625 0.03515625
11 0.6234375 0.620703125 0.016796875 0.02265625
11 0.645703125 0.62421875 0.024609375 0.015625
11 0.72109375 0.582421875 0.0328125 0.04765625
11 0.7609375 0.58828125 0.041796875 0.034375
11 0.39765625 0.6921875 0.024609375 0.033203125
2 0.33671875 0.691796875 0.0234375 0.03203125
2 0.363671875 0.6921875 0.014453125 0.03125
2 0.4234375 0.6296875 0.024609375 0.041015625
2 0.458203125 0.6296875 0.018359375 0.0390625
9 0.55234375 0.58203125 0.03671875 0.044921875
6 0.588671875 0.58203125 0.03671875 0.046875
0 0.61484375 0.596875 0.015625 0.017578125
7 0.657421875 0.582421875 0.037890625 0.04765625
7 0.48515625 0.6296875 0.0328125 0.041015625
4 0.302734375 0.62890625 0.03671875 0.04296875
4 0.533984375 0.685546875 0.0390625 0.046875
10 0.521484375 0.63046875 0.03515625 0.0421875
8 0.562109375 0.629296875 0.03515625 0.03984375
2 0.60625 0.63203125 0.01953125 0.0390625
3 0.433984375 0.68515625 0.037890625 0.04765625
12 0.5359375 0.6359375 0.5703125 0.189453125