12 0.48125 0.53515625 0.149609375 0.068359375
4 0.43828125 0.51875 0.01953125 0.0234375
2 0.458984375 0.51875 0.01171875 0.021484375
7 0.4734375 0.519921875 0.016796875 0.02265625
9 0.4921875 0.5203125 0.018359375 0.021484375
10 0.510546875 0.5203125 0.018359375 0.021484375
10 0.529296875 0.521875 0.016796875 0.02265625
3 0.45703125 0.544921875 0.0234375 0.02734375
6 0.48828125 0.54609375 0.020703125 0.02734375
5 0.510546875 0.546484375 0.0234375 0.02421875
11 0.4734375 0.543359375 0.008984375 0.01484375