12 0.571875 0.697265625 0.205078125 0.22578125
11 0.485546875 0.678125 0.0078125 0.020703125
11 0.49453125 0.676953125 0.00859375 0.020703125
11 0.50078125 0.67578125 0.002734375 0.020703125
11 0.507421875 0.67578125 0.00859375 0.020703125
11 0.598828125 0.669140625 0.0078125 0.023046875
11 0.60859375 0.671484375 0.0109375 0.018359375
11 0.56796875 0.73203125 0.00703125 0.03359375
0 0.60078125 0.64453125 0.00390625 0.00703125
2 0.562890625 0.63203125 0.0046875 0.037109375
2 0.5859375 0.731640625 0.006640625 0.046484375
4 0.57578125 0.630859375 0.013671875 0.039453125
6 0.59140625 0.62890625 0.01484375 0.03828125
1 0.60859375 0.628515625 0.01484375 0.039453125
1 0.55546875 0.733203125 0.017578125 0.049609375
3 0.5375 0.734765625 0.01640625 0.0484375
10 0.5984375 0.73046875 0.017578125 0.0484375