4 0.61796875 0.52109375 0.019921875 0.017578125
5 0.59296875 0.52109375 0.02109375 0.016796875
9 0.5671875 0.5203125 0.02109375 0.016796875
10 0.5421875 0.519921875 0.019921875 0.017578125
2 0.524609375 0.51953125 0.006640625 0.01640625
2 0.500390625 0.519140625 0.0078125 0.016796875
1 0.60546875 0.49296875 0.019921875 0.015625
1 0.5828125 0.49296875 0.02109375 0.015625
0 0.593359375 0.500390625 0.004296875 0.00546875
12 0.55546875 0.50859375 0.166796875 0.057421875
11 0.5390625 0.505859375 0.01328125 0.00703125
11 0.528515625 0.5046875 0.01015625 0.009375