11 0.550390625 0.755078125 0.01484375 0.049609375
12 0.5234375 0.807421875 0.189453125 0.178515625
2 0.44921875 0.8046875 0.0078125 0.037890625
8 0.5046875 0.851171875 0.013671875 0.04765625
3 0.53828125 0.85234375 0.015625 0.053515625
5 0.543359375 0.80078125 0.0125 0.041796875
5 0.519140625 0.8015625 0.0125 0.04375
1 0.5234375 0.853125 0.015625 0.0515625
1 0.50625 0.802734375 0.0125 0.045703125
6 0.53125 0.802734375 0.01171875 0.041796875
6 0.494140625 0.8015625 0.01171875 0.04375
4 0.528125 0.755078125 0.015625 0.049609375
2 0.48515625 0.802734375 0.005859375 0.037890625
11 0.51328125 0.853125 0.0046875 0.035546875
11 0.5609375 0.792578125 0.00859375 0.021875
11 0.553125 0.79375 0.00703125 0.019921875
11 0.574609375 0.759765625 0.0125 0.03984375
11 0.5625 0.759765625 0.01171875 0.03984375
11 0.46953125 0.7578125 0.013671875 0.0515625
11 0.482421875 0.762890625 0.01171875 0.037890625
11 0.4953125 0.758984375 0.013671875 0.041796875