9 0.589453125 0.554296875 0.0328125 0.03828125
11 0.61796875 0.544921875 0.016796875 0.01953125
12 0.52734375 0.558203125 0.56640625 0.184375
2 0.442578125 0.6109375 0.012890625 0.0421875
11 0.5 0.6109375 0.012890625 0.028125
2 0.484375 0.61015625 0.012890625 0.041015625
2 0.541796875 0.61015625 0.012890625 0.041015625
2 0.41328125 0.55546875 0.01171875 0.037109375
11 0.63984375 0.547265625 0.026171875 0.01484375
2 0.450390625 0.555078125 0.012890625 0.0359375
2 0.584375 0.609765625 0.014453125 0.03984375
6 0.47734375 0.555078125 0.03515625 0.03828125
8 0.515625 0.55390625 0.03125 0.037109375
9 0.55234375 0.554296875 0.033984375 0.03828125