9 0.597265625 0.737109375 0.01640625 0.046875
11 0.63125 0.84453125 0.0125 0.050390625
11 0.673828125 0.769921875 0.013671875 0.019140625
11 0.6625 0.769140625 0.00859375 0.02421875
11 0.615625 0.78046875 0.0109375 0.026171875
11 0.60625 0.7828125 0.009765625 0.02421875
11 0.597265625 0.785546875 0.00859375 0.0296875
11 0.5875 0.786328125 0.0109375 0.02421875
11 0.576171875 0.78828125 0.009765625 0.027734375
2 0.58359375 0.740625 0.0109375 0.050390625
3 0.653125 0.72734375 0.015625 0.051953125
6 0.634765625 0.730859375 0.017578125 0.0484375
7 0.6734375 0.723046875 0.01875 0.05390625
8 0.6171875 0.73359375 0.017578125 0.046875
12 0.63515625 0.807421875 0.24140625 0.291796875