11 0.51640625 0.366796875 0.006640625 0.00703125
4 0.50078125 0.38828125 0.014453125 0.01875
2 0.48515625 0.3890625 0.006640625 0.01640625
8 0.515625 0.38671875 0.015625 0.017578125
8 0.5125 0.353125 0.01171875 0.0125
10 0.497265625 0.35390625 0.012890625 0.01484375
5 0.48359375 0.355078125 0.014453125 0.0125
7 0.46953125 0.35546875 0.014453125 0.015625
3 0.525390625 0.353125 0.01171875 0.01484375
3 0.465625 0.390234375 0.016796875 0.01875
11 0.490234375 0.388671875 0.006640625 0.01171875
11 0.524609375 0.3671875 0.010546875 0.005859375
11 0.481640625 0.369140625 0.0078125 0.0078125
11 0.474609375 0.36953125 0.006640625 0.00703125
11 0.467578125 0.36953125 0.0078125 0.00703125
11 0.4609375 0.3703125 0.0078125 0.0078125
11 0.45234375 0.370703125 0.006640625 0.00703125
12 0.489453125 0.375390625 0.169140625 0.08125