7 0.453125 0.625390625 0.018359375 0.01875
11 0.51875 0.6 0.01171875 0.00859375
11 0.509765625 0.5984375 0.006640625 0.009765625
11 0.46796875 0.58359375 0.014453125 0.01875
11 0.45390625 0.58359375 0.014453125 0.0203125
11 0.428515625 0.583984375 0.012890625 0.01953125
11 0.4140625 0.584375 0.012890625 0.01875
11 0.401171875 0.584375 0.012890625 0.01875
11 0.38671875 0.584375 0.015625 0.01875
11 0.465625 0.625 0.006640625 0.013671875
6 0.44140625 0.603515625 0.012890625 0.017578125
8 0.493359375 0.624609375 0.015625 0.01875
8 0.48515625 0.60234375 0.014453125 0.017578125
1 0.469921875 0.603515625 0.015625 0.017578125
10 0.534375 0.5828125 0.014453125 0.01953125
9 0.520703125 0.58359375 0.012890625 0.01875
3 0.561328125 0.5828125 0.018359375 0.01953125
3 0.455859375 0.603515625 0.012890625 0.017578125
2 0.387890625 0.60546875 0.005078125 0.017578125
12 0.473828125 0.60390625 0.221484375 0.07890625
2 0.430859375 0.605078125 0.0078125 0.01875
2 0.48046875 0.625 0.0078125 0.01953125
0 0.54609375 0.5890625 0.008984375 0.0078125
7 0.49921875 0.60234375 0.014453125 0.017578125