12 0.452734375 0.59453125 0.1390625 0.063671875
9 0.478515625 0.604296875 0.019921875 0.023828125
9 0.44296875 0.578125 0.016015625 0.01875
4 0.4078125 0.577734375 0.016015625 0.01953125
2 0.429296875 0.577734375 0.006640625 0.01796875
2 0.50234375 0.579296875 0.006640625 0.01640625
2 0.464453125 0.60390625 0.007421875 0.021875
2 0.413671875 0.603515625 0.007421875 0.021875
10 0.461328125 0.578515625 0.0140625 0.01953125
5 0.480078125 0.57890625 0.01484375 0.016796875
8 0.43046875 0.603515625 0.016015625 0.023046875
11 0.443359375 0.60234375 0.006640625 0.01171875