11 0.612890625 0.60078125 0.014453125 0.021484375
8 0.5203125 0.609375 0.02734375 0.037109375
8 0.58671875 0.609765625 0.0328125 0.03828125
1 0.53203125 0.662109375 0.037890625 0.044921875
2 0.351171875 0.671484375 0.010546875 0.03203125
2 0.4921875 0.6640625 0.015625 0.046875
2 0.42890625 0.615234375 0.016796875 0.041015625
2 0.462109375 0.61171875 0.012890625 0.03984375
3 0.370703125 0.669921875 0.0234375 0.03125
3 0.44375 0.664453125 0.03671875 0.04609375
4 0.573828125 0.659765625 0.03515625 0.04375
4 0.5765625 0.5640625 0.030078125 0.0421875
4 0.31796875 0.61484375 0.030078125 0.03984375
7 0.552734375 0.611328125 0.030078125 0.0390625
9 0.63984375 0.564453125 0.03125 0.04296875
5 0.54453125 0.564453125 0.03125 0.04296875
0 0.60234375 0.577734375 0.01953125 0.01875
0 0.41171875 0.58046875 0.016796875 0.01640625
11 0.4078125 0.669921875 0.024609375 0.03125
11 0.32578125 0.56953125 0.037890625 0.044921875
11 0.387109375 0.57265625 0.0328125 0.0359375
11 0.701171875 0.56328125 0.02890625 0.048828125
11 0.73359375 0.5671875 0.033984375 0.03515625
11 0.632421875 0.603125 0.02734375 0.01640625
8 0.487109375 0.61171875 0.02890625 0.03828125
12 0.529296875 0.612890625 0.510546875 0.16875