11 0.3484375 0.551171875 0.040234375 0.05546875
11 0.70625 0.559375 0.03515625 0.041015625
11 0.66484375 0.55546875 0.037890625 0.03515625
11 0.62578125 0.5515625 0.040234375 0.056640625
11 0.4265625 0.552734375 0.03515625 0.060546875
11 0.655078125 0.6 0.03125 0.02265625
7 0.576171875 0.671484375 0.048046875 0.05546875
11 0.39140625 0.56015625 0.03515625 0.03984375
5 0.426953125 0.608984375 0.041796875 0.04765625
4 0.26171875 0.608984375 0.0390625 0.0515625
12 0.5265625 0.613671875 0.641796875 0.2078125
6 0.546875 0.551171875 0.044140625 0.05390625
11 0.626953125 0.59765625 0.022265625 0.025390625
3 0.529296875 0.67109375 0.04296875 0.056640625
3 0.595703125 0.607421875 0.037890625 0.052734375
2 0.4296875 0.6703125 0.020703125 0.059375
2 0.52265625 0.6078125 0.022265625 0.04765625
2 0.5671875 0.608984375 0.014453125 0.04609375
2 0.505859375 0.54921875 0.02734375 0.0578125
3 0.38203125 0.6125 0.037890625 0.05078125
11 0.4953125 0.671875 0.01953125 0.04296875
4 0.4640625 0.67265625 0.040234375 0.056640625
3 0.46953125 0.60703125 0.037890625 0.0515625