11 0.496875 0.3015625 0.006640625 0.01171875
11 0.505859375 0.32109375 0.014453125 0.013671875
11 0.4484375 0.321875 0.014453125 0.0125
8 0.42265625 0.29453125 0.022265625 0.02265625
2 0.442578125 0.29375 0.010546875 0.021484375
7 0.4578125 0.29375 0.01953125 0.021484375
0 0.4484375 0.30546875 0.006640625 0.005859375
11 0.485546875 0.287109375 0.010546875 0.01171875
11 0.498046875 0.2890625 0.01171875 0.0078125
11 0.478515625 0.301171875 0.008984375 0.0125
11 0.48828125 0.301171875 0.010546875 0.0125
11 0.506640625 0.30078125 0.012890625 0.015625
12 0.450390625 0.30546875 0.1796875 0.06640625