11 0.528125 0.5203125 0.008984375 0.015625
12 0.466015625 0.5375 0.200390625 0.07109375
11 0.420703125 0.55546875 0.010546875 0.01171875
11 0.45703125 0.554296875 0.005078125 0.0109375
11 0.540234375 0.521484375 0.012890625 0.01171875
11 0.502734375 0.53359375 0.0078125 0.00703125
11 0.4953125 0.533203125 0.006640625 0.0078125
11 0.392578125 0.51875 0.014453125 0.015625
11 0.41484375 0.5203125 0.01171875 0.013671875
0 0.423828125 0.523828125 0.006640625 0.00703125
1 0.494140625 0.51953125 0.01171875 0.015625
1 0.517578125 0.5203125 0.01171875 0.015625
1 0.448046875 0.55390625 0.012890625 0.015625
0 0.50390625 0.52421875 0.005078125 0.005859375
3 0.425 0.535546875 0.01171875 0.01484375
3 0.46171875 0.535546875 0.01171875 0.01484375
4 0.4375 0.535546875 0.012890625 0.01484375
4 0.45 0.535546875 0.01171875 0.01484375
10 0.474609375 0.5359375 0.01171875 0.013671875
7 0.486328125 0.535546875 0.01171875 0.01484375
8 0.408984375 0.555078125 0.0078125 0.0109375
8 0.48046875 0.55390625 0.012890625 0.015625
2 0.4375 0.554296875 0.005078125 0.01484375
2 0.470703125 0.554296875 0.006640625 0.01484375