2 0.378515625 0.421484375 0.03828125 0.03203125
4 0.425390625 0.408203125 0.0453125 0.029296875
4 0.25625 0.40078125 0.02265625 0.01640625
8 0.5453125 0.369140625 0.0171875 0.013671875
3 0.33515625 0.4390625 0.05546875 0.03046875
5 0.31171875 0.363671875 0.019140625 0.01484375
1 0.2875 0.4515625 0.046875 0.03046875
1 0.472265625 0.394140625 0.0484375 0.03046875
12 0.39921875 0.421484375 0.31953125 0.1203125
1 0.2734375 0.39609375 0.02265625 0.01484375
5 0.52421875 0.38359375 0.041796875 0.02734375
1 0.247265625 0.431640625 0.019140625 0.015625