12 0.46796875 0.293359375 0.9359375 0.58671875
11 0.109375 0.1609375 0.03125 0.03125
11 0.395703125 0.409765625 0.028515625 0.0359375
11 0.37578125 0.41953125 0.01953125 0.03203125
11 0.35234375 0.4296875 0.03515625 0.033203125
11 0.31953125 0.439453125 0.032421875 0.033203125
11 0.814453125 0.215625 0.037890625 0.033203125
11 0.78203125 0.226953125 0.032421875 0.03203125
11 0.71015625 0.144921875 0.045703125 0.04609375
11 0.684765625 0.15234375 0.018359375 0.05078125
11 0.65234375 0.17421875 0.051953125 0.04609375
11 0.60546875 0.190625 0.044140625 0.044921875
11 0.3875 0.031640625 0.045703125 0.0421875
11 0.35625 0.046484375 0.03515625 0.0359375
11 0.161328125 0.18203125 0.0390625 0.0265625
11 0.130859375 0.195703125 0.037890625 0.028125
11 0.103515625 0.2109375 0.032421875 0.02734375
11 0.075390625 0.221875 0.026171875 0.0234375
11 0.053515625 0.23515625 0.036328125 0.025390625
11 0.08203125 0.176171875 0.036328125 0.028125
11 0.065625 0.185546875 0.024609375 0.021484375
11 0.045703125 0.1953125 0.033984375 0.02734375
2 0.42265625 0.396875 0.024609375 0.03046875
10 0.325 0.08359375 0.069140625 0.0734375
2 0.28984375 0.1 0.045703125 0.0515625
3 0.216015625 0.136328125 0.0703125 0.075
4 0.74296875 0.23125 0.05859375 0.0703125
10 0.688671875 0.255859375 0.0625 0.06640625
5 0.635546875 0.27421875 0.0625 0.052734375
1 0.466796875 0.183984375 0.225390625 0.22734375