12 0.55625 0.737109375 0.232421875 0.273046875
5 0.54296875 0.66484375 0.016796875 0.040625
5 0.56171875 0.6625 0.017578125 0.040625
5 0.580078125 0.65859375 0.016796875 0.041796875
10 0.541796875 0.7765625 0.01953125 0.05546875
10 0.5890625 0.769140625 0.0203125 0.054296875
11 0.588671875 0.701953125 0.008984375 0.02421875
11 0.59921875 0.703125 0.013671875 0.01953125
11 0.5421875 0.708984375 0.009765625 0.02421875
11 0.532421875 0.71015625 0.010546875 0.02421875
11 0.52265625 0.7125 0.008984375 0.02421875
11 0.513671875 0.7125 0.010546875 0.02421875
11 0.503125 0.71484375 0.00859375 0.02421875
6 0.569140625 0.770703125 0.01953125 0.053125
1 0.46875 0.78984375 0.016796875 0.049609375
1 0.5984375 0.655859375 0.017578125 0.0453125
2 0.5109375 0.66953125 0.0078125 0.03828125
2 0.528125 0.780078125 0.006640625 0.05078125
9 0.52421875 0.6671875 0.01640625 0.0453125