11 0.3515625 0.652734375 0.033203125 0.039453125
11 0.61875 0.566796875 0.020703125 0.025
11 0.644140625 0.56953125 0.033203125 0.01953125
11 0.73515625 0.518359375 0.033203125 0.053125
11 0.779296875 0.525390625 0.041796875 0.039453125
11 0.481640625 0.64453125 0.016796875 0.03671875
12 0.5171875 0.584765625 0.6640625 0.216796875
0 0.647265625 0.536328125 0.02265625 0.01875
10 0.54296875 0.577734375 0.042578125 0.046875
10 0.44921875 0.64453125 0.05 0.05390625
11 0.246484375 0.5203125 0.043359375 0.054296875
11 0.32890625 0.5265625 0.041015625 0.039453125
3 0.533984375 0.519140625 0.041796875 0.053125
3 0.51484375 0.64453125 0.0484375 0.05390625
3 0.36640625 0.57890625 0.041015625 0.04609375
4 0.30625 0.653515625 0.033984375 0.039453125
4 0.5875 0.578515625 0.03984375 0.046875
4 0.41171875 0.57890625 0.03984375 0.04765625
8 0.455859375 0.57734375 0.03828125 0.044921875
2 0.5125 0.57890625 0.018359375 0.04375
2 0.575 0.51875 0.030078125 0.055078125
6 0.566015625 0.64453125 0.05 0.05390625
5 0.616015625 0.51875 0.041796875 0.05390625
5 0.697265625 0.519140625 0.041015625 0.054296875
0 0.3609375 0.537109375 0.0234375 0.01953125