3 0.316015625 0.62578125 0.0765625 0.0703125
3 0.40625 0.54609375 0.066015625 0.064453125
11 0.671875 0.5296875 0.03125 0.034375
1 0.734375 0.47265625 0.066015625 0.068359375
1 0.058984375 0.5484375 0.066015625 0.059375
1 0.39765625 0.62578125 0.0765625 0.068359375
6 0.5078125 0.62421875 0.074609375 0.068359375
6 0.799609375 0.472265625 0.067578125 0.07109375
0 0.855078125 0.494140625 0.043359375 0.029296875
10 0.619921875 0.544921875 0.066015625 0.0625
10 0.4765625 0.54375 0.07109375 0.0625
3 0.550390625 0.5453125 0.06953125 0.06171875
11 0.269140625 0.4765625 0.066015625 0.068359375
11 0.198046875 0.476171875 0.0625 0.0671875
11 0.134375 0.4765625 0.0640625 0.068359375
11 0.066796875 0.47734375 0.067578125 0.0703125
2 0.666796875 0.47265625 0.0484375 0.072265625
2 0.286328125 0.5484375 0.02421875 0.059375
7 0.3359375 0.546875 0.067578125 0.0625
7 0.933984375 0.47109375 0.066015625 0.0671875
7 0.588671875 0.624609375 0.0765625 0.06953125
12 0.49921875 0.55625 0.9984375 0.2609375
11 0.715234375 0.53359375 0.051953125 0.028125