11 0.462890625 0.490234375 0.014453125 0.00703125
0 0.5171875 0.485546875 0.00546875 0.005078125
3 0.439453125 0.503515625 0.0234375 0.01796875
2 0.422265625 0.50234375 0.008984375 0.01640625
1 0.464453125 0.50390625 0.022265625 0.01796875
1 0.52890625 0.478515625 0.019921875 0.015625
5 0.50703125 0.476953125 0.01875 0.01484375
6 0.489453125 0.50546875 0.02109375 0.01796875
9 0.48515625 0.476953125 0.01875 0.01640625
11 0.451171875 0.4890625 0.008984375 0.009375
4 0.51484375 0.50546875 0.02109375 0.017578125
4 0.539453125 0.50703125 0.02109375 0.017578125
12 0.47734375 0.49296875 0.169921875 0.059375