12 0.587890625 0.08046875 0.24140625 0.1609375
11 0.483984375 0.075 0.008203125 0.016796875
11 0.578515625 0.01171875 0.01015625 0.0234375
11 0.502734375 0.0765625 0.008203125 0.017578125
11 0.6703125 0.0625 0.016796875 0.02890625
11 0.49296875 0.076953125 0.00859375 0.015234375
11 0.519140625 0.07890625 0.009375 0.016015625
11 0.511328125 0.05234375 0.017578125 0.025390625
11 0.64296875 0.13515625 0.008203125 0.016796875
8 0.52734375 0.109375 0.017578125 0.04296875
8 0.628125 0.116015625 0.01875 0.04296875
6 0.54765625 0.11171875 0.02265625 0.048046875
6 0.60078125 0.116015625 0.019921875 0.048046875
10 0.573828125 0.113671875 0.025 0.046484375
7 0.6265625 0.021875 0.028125 0.04375
6 0.596875 0.019921875 0.025 0.03984375
11 0.5109375 0.078125 0.00703125 0.017578125
11 0.651953125 0.1359375 0.01015625 0.015234375
10 0.555859375 0.019140625 0.023046875 0.036328125