2 0.287890625 0.219140625 0.0234375 0.03828125
11 0.466015625 0.351953125 0.0234375 0.0265625
1 0.397265625 0.31328125 0.143359375 0.107421875
11 0.427734375 0.2140625 0.02734375 0.021484375
11 0.40234375 0.212890625 0.020703125 0.021484375
3 0.36796875 0.221875 0.040234375 0.04296875
1 0.325390625 0.220703125 0.044140625 0.044921875
1 0.475390625 0.401953125 0.0390625 0.03203125
1 0.5125 0.403125 0.03515625 0.03125
0 0.489453125 0.41484375 0.0078125 0.005859375
11 0.193359375 0.398046875 0.01953125 0.01484375
11 0.216796875 0.39921875 0.024609375 0.013671875
11 0.23515625 0.398828125 0.008984375 0.01484375
11 0.251171875 0.400390625 0.020703125 0.015625
2 0.268359375 0.4015625 0.010546875 0.015625
12 0.348828125 0.278515625 0.69765625 0.38359375
11 0.4953125 0.35546875 0.03515625 0.021484375
11 0.5234375 0.353515625 0.018359375 0.025390625
11 0.534375 0.409765625 0.014453125 0.01484375
11 0.53828125 0.35546875 0.01953125 0.021484375
11 0.5546875 0.412109375 0.020703125 0.01171875