4 0.5640625 0.416015625 0.020703125 0.01953125
12 0.536328125 0.433203125 0.183984375 0.06171875
9 0.5875 0.415625 0.02265625 0.01875
0 0.575390625 0.4234375 0.005078125 0.0046875
11 0.5078125 0.4296875 0.012109375 0.009765625
11 0.520703125 0.43046875 0.0140625 0.0078125
2 0.479296875 0.444921875 0.0140625 0.01875
2 0.504296875 0.4453125 0.012109375 0.017578125
2 0.582421875 0.444921875 0.012109375 0.01875
9 0.52421875 0.4453125 0.02421875 0.01953125
9 0.60078125 0.4453125 0.02421875 0.01953125
3 0.550390625 0.4453125 0.02421875 0.01953125
9 0.540625 0.415625 0.02265625 0.01875