6 0.6140625 0.557421875 0.013671875 0.0359375
11 0.557421875 0.5921875 0.0078125 0.01953125
12 0.598828125 0.60703125 0.1640625 0.172265625
11 0.573046875 0.591015625 0.0078125 0.0171875
11 0.57890625 0.59140625 0.0078125 0.018359375
10 0.58515625 0.637890625 0.014453125 0.041796875
8 0.601171875 0.557421875 0.0125 0.03359375
11 0.58515625 0.591015625 0.0078125 0.01953125
11 0.6203125 0.588671875 0.00859375 0.01953125
6 0.6046875 0.63671875 0.01640625 0.041796875
11 0.628515625 0.5890625 0.009765625 0.016015625
2 0.575 0.6390625 0.00703125 0.039453125
2 0.5640625 0.5609375 0.005859375 0.03125
3 0.628125 0.55625 0.013671875 0.0359375
9 0.573828125 0.56015625 0.013671875 0.034765625
10 0.587890625 0.559765625 0.012890625 0.0359375
5 0.61953125 0.63671875 0.01640625 0.039453125
11 0.565625 0.5921875 0.008984375 0.01953125