12 0.671875 0.643359375 0.234375 0.151171875
11 0.7046875 0.630078125 0.00703125 0.015625
6 0.675 0.604296875 0.015625 0.033984375
6 0.6890625 0.67890625 0.01640625 0.03515625
2 0.66015625 0.607421875 0.009765625 0.03515625
2 0.6546875 0.641796875 0.00859375 0.028515625
2 0.62421875 0.642578125 0.005859375 0.02734375
2 0.668359375 0.64140625 0.00703125 0.032421875
2 0.654296875 0.68359375 0.0078125 0.036328125
7 0.679296875 0.63984375 0.0125 0.030078125
10 0.69375 0.637890625 0.0125 0.028515625
10 0.634765625 0.642578125 0.013671875 0.030078125
3 0.6328125 0.684375 0.015625 0.03515625
1 0.5765625 0.64765625 0.01484375 0.02734375
11 0.63359375 0.608203125 0.01171875 0.033984375
11 0.6203125 0.61328125 0.01171875 0.0234375
11 0.6046875 0.60859375 0.013671875 0.032421875
11 0.70234375 0.602734375 0.013671875 0.033984375
11 0.715234375 0.60546875 0.0125 0.026171875
11 0.730859375 0.6046875 0.01484375 0.02734375
11 0.71328125 0.63203125 0.0109375 0.014453125
11 0.660546875 0.680859375 0.0046875 0.026171875
1 0.672265625 0.680859375 0.01484375 0.033984375