11 0.58828125 0.662109375 0.004296875 0.019140625
3 0.578125 0.662890625 0.013671875 0.029296875
9 0.56640625 0.62734375 0.0125 0.025
8 0.59296875 0.624609375 0.011328125 0.02421875
4 0.60625 0.62421875 0.011328125 0.025
7 0.619140625 0.62421875 0.01171875 0.025
7 0.602734375 0.59296875 0.01171875 0.02734375
3 0.58984375 0.593359375 0.0125 0.028515625
2 0.55703125 0.628515625 0.00390625 0.0234375
2 0.56796875 0.663671875 0.005078125 0.02734375
2 0.603515625 0.661328125 0.004296875 0.02578125
10 0.579296875 0.62578125 0.0125 0.025
10 0.613671875 0.660546875 0.013671875 0.029296875
11 0.63671875 0.618359375 0.009375 0.01015625
11 0.62890625 0.617578125 0.00625 0.01171875
11 0.6515625 0.59375 0.01171875 0.020703125
11 0.63984375 0.59453125 0.01171875 0.020703125
11 0.62734375 0.591796875 0.01328125 0.028515625
11 0.56484375 0.59609375 0.0125 0.02421875
11 0.552734375 0.599609375 0.01171875 0.020703125
11 0.540234375 0.597265625 0.01171875 0.029296875
12 0.59921875 0.629296875 0.203125 0.131640625