5 0.541796875 0.519921875 0.020703125 0.01875
3 0.51640625 0.51875 0.02265625 0.01953125
2 0.449609375 0.51640625 0.010546875 0.01953125
2 0.473046875 0.51796875 0.00859375 0.01875
8 0.558203125 0.4921875 0.02265625 0.017578125
10 0.49140625 0.517578125 0.020703125 0.017578125
11 0.479296875 0.50234375 0.00703125 0.00859375
11 0.490625 0.503515625 0.015625 0.00703125
0 0.5453125 0.49921875 0.00703125 0.0078125
12 0.50703125 0.50625 0.1734375 0.06171875
3 0.566796875 0.52109375 0.02265625 0.0203125
3 0.5328125 0.49140625 0.020703125 0.017578125
9 0.511328125 0.49140625 0.019140625 0.017578125