11 0.645703125 0.633984375 0.007421875 0.030078125
11 0.617578125 0.567578125 0.0125 0.0265625
11 0.60390625 0.566796875 0.01484375 0.033203125
11 0.590234375 0.566796875 0.014453125 0.03671875
11 0.712109375 0.5578125 0.015625 0.02734375
1 0.633984375 0.633984375 0.014453125 0.033203125
11 0.6859375 0.5828125 0.008203125 0.016015625
11 0.6953125 0.58359375 0.01171875 0.0125
11 0.69609375 0.5578125 0.0125 0.02578125
12 0.655859375 0.596484375 0.220703125 0.15
11 0.6828125 0.555859375 0.014453125 0.03515625
2 0.62265625 0.636328125 0.00625 0.032421875
8 0.6765625 0.590234375 0.01171875 0.02578125
10 0.6203125 0.59921875 0.014453125 0.030078125
5 0.67265625 0.629296875 0.016796875 0.030078125
4 0.65625 0.631640625 0.01484375 0.031640625
3 0.644921875 0.5609375 0.01484375 0.033203125
2 0.65859375 0.56015625 0.01171875 0.031640625
2 0.63828125 0.5953125 0.00625 0.030859375
2 0.609765625 0.599609375 0.00546875 0.029296875
1 0.662109375 0.594140625 0.014453125 0.033203125
7 0.648046875 0.594921875 0.0125 0.028515625