5 0.396484375 0.555078125 0.01875 0.01796875
12 0.42421875 0.558984375 0.328125 0.083984375
11 0.48671875 0.55234375 0.014453125 0.00859375
11 0.4734375 0.55078125 0.01015625 0.01015625
11 0.3578125 0.53359375 0.02109375 0.02109375
11 0.3359375 0.53359375 0.01796875 0.020703125
11 0.3171875 0.533984375 0.01796875 0.019921875
11 0.298046875 0.53359375 0.019921875 0.020703125
0 0.528515625 0.540625 0.01328125 0.009375
7 0.375 0.5546875 0.01796875 0.017578125
7 0.55234375 0.53515625 0.0234375 0.020703125
6 0.512109375 0.533984375 0.01875 0.019921875
6 0.437890625 0.555078125 0.01875 0.01796875
6 0.4484375 0.578515625 0.022265625 0.02109375
6 0.42421875 0.578125 0.0234375 0.020703125
1 0.392578125 0.578125 0.022265625 0.020703125
1 0.492578125 0.534375 0.019921875 0.020703125
1 0.458203125 0.5546875 0.022265625 0.01875
2 0.472265625 0.53359375 0.016796875 0.021875
2 0.360546875 0.55546875 0.008984375 0.01875
2 0.37578125 0.578125 0.008984375 0.020703125
5 0.417578125 0.5546875 0.01875 0.017578125