0 0.4390625 0.50703125 0.0171875 0.01171875
3 0.53828125 0.53046875 0.03125 0.02734375
12 0.543359375 0.531640625 0.50703125 0.1296875
1 0.60078125 0.53125 0.03125 0.02734375
11 0.355078125 0.496875 0.036328125 0.03125
11 0.41484375 0.50078125 0.03125 0.025390625
11 0.707421875 0.5 0.0296875 0.03125
11 0.7421875 0.5046875 0.036328125 0.0234375
11 0.62421875 0.525390625 0.015625 0.013671875
11 0.644140625 0.5265625 0.02421875 0.01171875
11 0.52265625 0.56484375 0.0140625 0.0203125
4 0.35 0.52890625 0.0328125 0.028125
2 0.450390625 0.5296875 0.019140625 0.0265625
2 0.481640625 0.52890625 0.019140625 0.0265625
6 0.56953125 0.530859375 0.03125 0.0265625
2 0.473046875 0.565625 0.015625 0.029296875
8 0.50703125 0.529296875 0.027734375 0.02734375
9 0.4984375 0.565625 0.034765625 0.033203125
5 0.546875 0.566015625 0.034765625 0.028125
3 0.584375 0.566015625 0.036328125 0.03203125
6 0.56171875 0.49921875 0.0328125 0.03125
6 0.651171875 0.5 0.03828125 0.03125
10 0.59375 0.499609375 0.03125 0.03046875
0 0.615625 0.50859375 0.019140625 0.01171875