2 0.616796875 0.613671875 0.016796875 0.044921875
12 0.5375 0.61640625 0.66015625 0.208203125
1 0.533984375 0.67890625 0.046484375 0.054296875
8 0.550390625 0.5546875 0.041015625 0.05546875
10 0.56171875 0.61328125 0.043359375 0.04765625
4 0.58515625 0.67890625 0.041796875 0.05546875
5 0.42734375 0.61484375 0.041796875 0.048046875
4 0.517578125 0.61328125 0.041796875 0.05078125
4 0.472265625 0.61484375 0.0390625 0.051171875
4 0.259765625 0.61484375 0.0375 0.05078125
3 0.509765625 0.555859375 0.041015625 0.05546875
3 0.38359375 0.61484375 0.041015625 0.054296875
2 0.48125 0.681640625 0.017578125 0.05546875
2 0.43203125 0.68046875 0.02578125 0.05625
11 0.498828125 0.68046875 0.017578125 0.042578125
11 0.636328125 0.603515625 0.02734375 0.02421875
11 0.6625 0.60546875 0.031640625 0.020703125
11 0.341796875 0.55625 0.041796875 0.051171875
11 0.387890625 0.56171875 0.041015625 0.03984375
11 0.4296875 0.5609375 0.044140625 0.040625
11 0.630859375 0.55390625 0.041796875 0.054296875
11 0.67109375 0.5609375 0.041015625 0.041796875
11 0.71796875 0.561328125 0.041015625 0.044921875