11 0.480078125 0.61171875 0.019140625 0.03984375
11 0.61640625 0.5515625 0.041796875 0.025390625
11 0.581640625 0.55 0.027734375 0.03125
12 0.478125 0.56875 0.6265625 0.21015625
0 0.59296875 0.52734375 0.012109375 0.015625
8 0.566015625 0.511328125 0.0453125 0.04609375
1 0.520703125 0.609375 0.0625 0.056640625
3 0.441796875 0.609765625 0.057421875 0.0578125
3 0.3828125 0.61015625 0.0609375 0.05859375
3 0.622265625 0.51015625 0.05390625 0.05
3 0.458203125 0.512109375 0.058984375 0.0515625
2 0.526171875 0.5125 0.03125 0.046875
2 0.59453125 0.60859375 0.03984375 0.056640625
11 0.299609375 0.552734375 0.0328125 0.03125
11 0.277734375 0.55390625 0.010546875 0.02734375
11 0.25625 0.55390625 0.0296875 0.02734375
11 0.22578125 0.553125 0.03125 0.03046875