11 0.698828125 0.625 0.0125 0.0234375
11 0.675 0.64765625 0.005859375 0.014453125
12 0.6453125 0.66015625 0.21875 0.135546875
8 0.66484375 0.655078125 0.01171875 0.028515625
11 0.683203125 0.649609375 0.0109375 0.012890625
11 0.58359375 0.62578125 0.0125 0.030078125
11 0.59609375 0.628125 0.0125 0.022265625
11 0.609375 0.626171875 0.013671875 0.026171875
11 0.67265625 0.621875 0.013671875 0.030078125
11 0.685546875 0.62578125 0.013671875 0.022265625
11 0.632421875 0.692578125 0.0046875 0.0234375
9 0.65078125 0.65546875 0.0125 0.02734375
10 0.64765625 0.622265625 0.013671875 0.03125
10 0.609765625 0.65703125 0.0125 0.02734375
1 0.659375 0.692578125 0.015625 0.03125
1 0.623046875 0.65625 0.013671875 0.028515625
1 0.621484375 0.69453125 0.01484375 0.032421875
1 0.64296875 0.693359375 0.01484375 0.032421875
2 0.60078125 0.658203125 0.005859375 0.02734375
2 0.611328125 0.69453125 0.005859375 0.030078125
6 0.637109375 0.65625 0.0125 0.028515625