7 0.480859375 0.61484375 0.019140625 0.016796875
10 0.5 0.61484375 0.019140625 0.016796875
12 0.490625 0.61640625 0.297265625 0.066796875
9 0.460546875 0.614453125 0.019140625 0.01484375
8 0.45625 0.63359375 0.0203125 0.016796875
7 0.390234375 0.635546875 0.01796875 0.0125
11 0.4046875 0.5953125 0.019140625 0.01796875
1 0.487109375 0.634765625 0.021484375 0.01796875
1 0.362109375 0.612890625 0.01796875 0.014453125
11 0.546875 0.61328125 0.0140625 0.008203125
11 0.535546875 0.61171875 0.008984375 0.007421875
11 0.591015625 0.59921875 0.015234375 0.013671875
11 0.444921875 0.59765625 0.025390625 0.01328125
11 0.42265625 0.59765625 0.0140625 0.01328125
11 0.385546875 0.596484375 0.01640625 0.01171875
11 0.3671875 0.59453125 0.0203125 0.01484375
11 0.551953125 0.59765625 0.019140625 0.01640625
11 0.572265625 0.599609375 0.021484375 0.01328125
11 0.609765625 0.598828125 0.0203125 0.017578125
11 0.4140625 0.63671875 0.01796875 0.01484375
11 0.470703125 0.634375 0.008984375 0.0125
5 0.5109375 0.634765625 0.023046875 0.015625
4 0.5203125 0.615234375 0.01640625 0.015625
4 0.518359375 0.59765625 0.0203125 0.01875
3 0.496875 0.596875 0.0203125 0.01875
3 0.441015625 0.614453125 0.0203125 0.01484375