12 0.375 0.58515625 0.203125 0.11328125
1 0.30546875 0.616796875 0.032421875 0.0265625
1 0.28046875 0.605078125 0.01171875 0.01484375
1 0.318359375 0.538671875 0.014453125 0.0125
4 0.28125 0.578125 0.012890625 0.013671875
4 0.388671875 0.569921875 0.030078125 0.02421875
1 0.290234375 0.57265625 0.012890625 0.0125
3 0.361328125 0.585546875 0.032421875 0.0265625
9 0.416015625 0.55546875 0.030078125 0.025390625
6 0.33203125 0.6 0.03125 0.028125
4 0.4421875 0.538671875 0.024609375 0.02265625
5 0.3078125 0.543359375 0.014453125 0.0125