5 0.609375 0.44765625 0.02421875 0.01875
4 0.583203125 0.44765625 0.02421875 0.01875
1 0.571875 0.41875 0.02265625 0.017578125
1 0.5953125 0.41875 0.02421875 0.017578125
0 0.584375 0.4265625 0.005078125 0.00390625
11 0.515625 0.43203125 0.0140625 0.0109375
11 0.53046875 0.4328125 0.015625 0.0078125
2 0.487890625 0.446875 0.0140625 0.01875
2 0.512109375 0.447265625 0.0140625 0.017578125
2 0.5640625 0.447265625 0.0140625 0.017578125
9 0.5328125 0.447265625 0.027734375 0.01953125
12 0.5453125 0.4359375 0.1875 0.06328125