11 0.528515625 0.45546875 0.00859375 0.00703125
12 0.541796875 0.460546875 0.198046875 0.065625
10 0.567578125 0.44453125 0.0171875 0.013671875
11 0.571875 0.456640625 0.00859375 0.00703125
11 0.582421875 0.45703125 0.012109375 0.005859375
11 0.49375 0.45546875 0.00859375 0.00703125
11 0.503515625 0.45546875 0.010546875 0.00703125
11 0.512109375 0.45546875 0.00703125 0.00703125
11 0.519921875 0.45546875 0.00859375 0.00703125
11 0.5390625 0.47421875 0.00859375 0.0109375
7 0.51640625 0.443359375 0.015625 0.013671875
6 0.533984375 0.443359375 0.015625 0.013671875
1 0.550390625 0.443359375 0.0140625 0.013671875
1 0.525 0.474609375 0.019140625 0.015625
1 0.56875 0.474609375 0.019140625 0.015625
2 0.5140625 0.474609375 0.00703125 0.015625
9 0.584375 0.44375 0.015625 0.0125
5 0.550390625 0.474609375 0.0171875 0.013671875