11 0.64921875 0.441796875 0.01171875 0.0296875
11 0.660546875 0.441015625 0.0109375 0.03125
12 0.6125 0.4859375 0.189453125 0.152734375
3 0.581640625 0.4828125 0.0125 0.034765625
4 0.60234375 0.441796875 0.013671875 0.036328125
8 0.59453125 0.479296875 0.01171875 0.034765625
8 0.5546875 0.53125 0.009765625 0.027734375
11 0.646875 0.4703125 0.00859375 0.0171875
11 0.638671875 0.46953125 0.0078125 0.015625
3 0.578515625 0.525 0.0125 0.03984375
3 0.611328125 0.52265625 0.013671875 0.03828125
3 0.61796875 0.478125 0.01171875 0.036328125
1 0.615625 0.441015625 0.0125 0.03828125
5 0.62578125 0.520703125 0.013671875 0.034765625
1 0.535546875 0.48515625 0.0125 0.0328125
11 0.558203125 0.4453125 0.0125 0.036328125
4 0.60625 0.479296875 0.01171875 0.034765625
11 0.5703125 0.44453125 0.01171875 0.03828125
4 0.630859375 0.47734375 0.01171875 0.034765625
11 0.5671875 0.53125 0.009765625 0.03125
1 0.593359375 0.52421875 0.01484375 0.03828125
11 0.58203125 0.448828125 0.01171875 0.0328125
11 0.636328125 0.4390625 0.0125 0.03828125