4 0.693359375 0.58828125 0.046875 0.0984375
3 0.70625 0.396484375 0.038671875 0.094921875
3 0.66640625 0.403515625 0.039453125 0.08984375
6 0.676171875 0.49140625 0.03359375 0.07734375
8 0.719921875 0.4875 0.04140625 0.075
11 0.851953125 0.394140625 0.0375 0.071484375
11 0.81171875 0.39453125 0.034375 0.0609375
11 0.776171875 0.385546875 0.038671875 0.092578125
11 0.51953125 0.42109375 0.040625 0.092578125
11 0.559375 0.423828125 0.038671875 0.069140625
11 0.595703125 0.41171875 0.03125 0.08828125
11 0.779296875 0.46171875 0.01484375 0.043359375
11 0.801953125 0.464453125 0.03125 0.032421875
12 0.688671875 0.5046875 0.588671875 0.4140625
1 0.633203125 0.59921875 0.04140625 0.08828125
2 0.748046875 0.585546875 0.025 0.094140625
2 0.601171875 0.602734375 0.019921875 0.095703125
2 0.64609375 0.49609375 0.01953125 0.07734375
2 0.76171875 0.4890625 0.01640625 0.080078125
7 0.59921875 0.503515625 0.040625 0.0765625
2 0.567578125 0.50546875 0.01875 0.079296875