11 0.4453125 0.57578125 0.0328125 0.01640625
12 0.321875 0.584765625 0.64375 0.15859375
11 0.417578125 0.574609375 0.019140625 0.02265625
11 0.2875 0.629296875 0.019140625 0.03203125
0 0.527734375 0.5515625 0.02421875 0.01953125
2 0.1859375 0.58515625 0.0171875 0.03515625
2 0.221484375 0.6296875 0.019140625 0.041015625
11 0.25625 0.541015625 0.043359375 0.041015625
11 0.29765625 0.540625 0.03984375 0.03984375
11 0.33671875 0.540625 0.034765625 0.03984375
6 0.3671875 0.6296875 0.043359375 0.04296875
5 0.578125 0.5421875 0.051953125 0.04296875
4 0.3203125 0.628125 0.03984375 0.04296875
11 0.215234375 0.540625 0.03828125 0.03984375
11 0.175390625 0.54140625 0.034765625 0.0421875
11 0.137890625 0.540625 0.03984375 0.0421875
11 0.098046875 0.541015625 0.03984375 0.04296875
11 0.05625 0.54140625 0.043359375 0.0421875
4 0.495703125 0.53984375 0.03984375 0.044921875
10 0.455859375 0.53984375 0.03984375 0.041015625
9 0.387890625 0.58203125 0.03984375 0.03515625
9 0.30390625 0.5828125 0.041796875 0.03515625
4 0.261328125 0.5828125 0.036328125 0.03515625
1 0.254296875 0.629296875 0.043359375 0.03984375
7 0.216015625 0.58359375 0.03984375 0.0359375
3 0.3453125 0.581640625 0.041796875 0.034375