12 0.457421875 0.45546875 0.237890625 0.059375
11 0.496484375 0.4515625 0.00703125 0.00859375
11 0.50703125 0.452734375 0.0140625 0.00703125
10 0.42265625 0.45390625 0.015625 0.013671875
2 0.4234375 0.471875 0.00703125 0.013671875
2 0.442578125 0.45390625 0.00703125 0.01171875
6 0.46015625 0.47109375 0.0171875 0.01484375
5 0.46953125 0.45390625 0.015625 0.01171875
1 0.48515625 0.4546875 0.015625 0.0125
1 0.4765625 0.472265625 0.019140625 0.01484375
1 0.4359375 0.47109375 0.0171875 0.01484375
11 0.448046875 0.471875 0.00703125 0.009765625
9 0.45390625 0.45390625 0.015625 0.013671875
2 0.411328125 0.453515625 0.00703125 0.0125