11 0.540234375 0.539453125 0.01171875 0.025390625
11 0.669921875 0.53125 0.008984375 0.025390625
11 0.68203125 0.53359375 0.01484375 0.020703125
11 0.630859375 0.606640625 0.008984375 0.041796875
11 0.529296875 0.540625 0.010546875 0.027734375
11 0.548046875 0.538671875 0.00390625 0.0265625
11 0.555859375 0.53828125 0.010546875 0.025390625
2 0.62578125 0.485546875 0.00703125 0.04296875
2 0.688671875 0.48203125 0.0078125 0.0453125
6 0.640625 0.483984375 0.018359375 0.0484375
8 0.6625 0.481640625 0.01640625 0.046484375
0 0.673046875 0.501171875 0.005078125 0.01171875
12 0.6359375 0.56015625 0.251953125 0.275390625