2 0.54375 0.580859375 0.0078125 0.026171875
11 0.5765625 0.614453125 0.0046875 0.020703125
11 0.624609375 0.57109375 0.00859375 0.01171875
11 0.61640625 0.56953125 0.005859375 0.014453125
11 0.6390625 0.54609375 0.0125 0.022265625
11 0.62578125 0.54765625 0.01171875 0.022265625
11 0.613671875 0.544140625 0.0125 0.028515625
11 0.553125 0.552734375 0.0125 0.022265625
11 0.540625 0.552734375 0.0125 0.022265625
11 0.528125 0.55 0.01171875 0.030078125
10 0.55390625 0.580078125 0.013671875 0.02734375
9 0.59375 0.57734375 0.01171875 0.02734375
8 0.581640625 0.578125 0.0109375 0.026171875
2 0.55546875 0.61640625 0.005859375 0.030078125
2 0.590625 0.54609375 0.01171875 0.032421875
2 0.577734375 0.546875 0.0109375 0.03125
1 0.5671875 0.57890625 0.013671875 0.02734375
1 0.56640625 0.615234375 0.015625 0.032421875
1 0.586328125 0.61328125 0.01484375 0.03125
1 0.60234375 0.6125 0.015625 0.030078125
1 0.60625 0.57734375 0.01171875 0.02734375
12 0.587890625 0.580078125 0.20703125 0.131640625