2 0.6453125 0.518359375 0.0078125 0.046875
11 0.63515625 0.56953125 0.0125 0.027734375
11 0.6484375 0.56953125 0.013671875 0.027734375
11 0.66015625 0.567578125 0.01171875 0.027734375
11 0.671484375 0.567578125 0.0125 0.027734375
11 0.68203125 0.566015625 0.0109375 0.027734375
11 0.73828125 0.56171875 0.009765625 0.026171875
8 0.730078125 0.5078125 0.01640625 0.050390625
9 0.662109375 0.515625 0.01953125 0.051953125
12 0.703515625 0.5953125 0.27265625 0.301953125
1 0.714453125 0.644140625 0.02265625 0.0625
1 0.59453125 0.6546875 0.021484375 0.058984375
3 0.6578125 0.6484375 0.02265625 0.0640625
8 0.738671875 0.640625 0.0203125 0.058984375
4 0.681640625 0.646875 0.021484375 0.0640625
3 0.75078125 0.50859375 0.017578125 0.051953125
11 0.75078125 0.5640625 0.015625 0.020703125
11 0.69765625 0.644140625 0.00859375 0.041796875
10 0.706640625 0.512109375 0.0203125 0.051953125
5 0.684375 0.51484375 0.01953125 0.046875