2 0.434765625 0.426171875 0.019140625 0.03203125
11 0.285546875 0.453125 0.012109375 0.01953125
11 0.303125 0.453515625 0.02265625 0.0203125
3 0.465234375 0.499609375 0.041796875 0.03984375
1 0.5078125 0.499609375 0.046875 0.03828125
1 0.463671875 0.4265625 0.03828125 0.03515625
7 0.502734375 0.42734375 0.036328125 0.034375
8 0.549609375 0.42734375 0.03984375 0.03203125
11 0.4359375 0.4984375 0.0171875 0.028125
11 0.246484375 0.453125 0.02421875 0.01953125
11 0.269921875 0.453125 0.02265625 0.01953125
0 0.526171875 0.439453125 0.010546875 0.009765625
11 0.544140625 0.458984375 0.0328125 0.017578125
11 0.515625 0.4578125 0.020703125 0.01953125
2 0.37578125 0.499609375 0.019140625 0.034375
10 0.40625 0.49921875 0.041796875 0.0390625
12 0.433203125 0.46953125 0.463671875 0.15234375