12 0.666796875 0.598046875 0.3 0.29921875
11 0.582421875 0.609765625 0.013671875 0.03125
11 0.5703125 0.610546875 0.010546875 0.032421875
11 0.78984375 0.6046875 0.00859375 0.028515625
11 0.73828125 0.520703125 0.00703125 0.045703125
8 0.770703125 0.626171875 0.019921875 0.07421875
10 0.723828125 0.52265625 0.023828125 0.08046875
10 0.59140625 0.5578125 0.015625 0.0625
9 0.57421875 0.56171875 0.01640625 0.059765625
2 0.5609375 0.562890625 0.010546875 0.059765625
6 0.62890625 0.54609375 0.01640625 0.0625
5 0.78046875 0.505859375 0.023046875 0.067578125
5 0.75546875 0.5125 0.023046875 0.0703125
5 0.60859375 0.55078125 0.017578125 0.063671875