5 0.51015625 0.51796875 0.02578125 0.01640625
11 0.46875 0.51796875 0.008203125 0.01328125
6 0.434375 0.498046875 0.017578125 0.01484375
5 0.476953125 0.4984375 0.019140625 0.014453125
6 0.51953125 0.4984375 0.017578125 0.015625
12 0.48359375 0.501171875 0.325390625 0.07109375
6 0.484375 0.51796875 0.023046875 0.017578125
1 0.5546875 0.48046875 0.017578125 0.01796875
7 0.575390625 0.48125 0.017578125 0.017578125
0 0.589453125 0.48671875 0.013671875 0.01015625
11 0.353515625 0.4796875 0.021875 0.01953125
11 0.375390625 0.48046875 0.013671875 0.01953125
11 0.39375 0.480078125 0.017578125 0.01875
11 0.416015625 0.48046875 0.01640625 0.01796875
11 0.434375 0.48046875 0.009375 0.01875
5 0.498828125 0.4984375 0.019140625 0.014453125
1 0.452734375 0.51796875 0.021875 0.017578125
4 0.456640625 0.4984375 0.019140625 0.015625
2 0.4171875 0.4984375 0.0109375 0.015625
2 0.533984375 0.480859375 0.01640625 0.016796875
3 0.426953125 0.517578125 0.02421875 0.01875
3 0.616015625 0.48203125 0.02578125 0.01875
11 0.457421875 0.480078125 0.023046875 0.01875
11 0.5359375 0.49453125 0.009375 0.008203125
11 0.549609375 0.49609375 0.017578125 0.00546875