2 0.34296875 0.52421875 0.0296875 0.04296875
8 0.385546875 0.521484375 0.0453125 0.044921875
6 0.387890625 0.6203125 0.057421875 0.052734375
7 0.4515625 0.61953125 0.066015625 0.05390625
11 0.089453125 0.565625 0.0296875 0.025390625
11 0.11796875 0.565625 0.03125 0.025390625
11 0.140625 0.56640625 0.010546875 0.029296875
11 0.16484375 0.564453125 0.03125 0.029296875
11 0.4515625 0.5625 0.02421875 0.02734375
12 0.346484375 0.58203125 0.6546875 0.220703125
11 0.347265625 0.621875 0.0171875 0.0390625
4 0.495703125 0.521484375 0.050390625 0.044921875
11 0.488671875 0.564453125 0.05390625 0.025390625
3 0.25078125 0.621875 0.0609375 0.0546875
1 0.309765625 0.62109375 0.05390625 0.0546875
1 0.433203125 0.521484375 0.050390625 0.046875
0 0.464453125 0.5375 0.015625 0.01484375