1 0.401171875 0.341796875 0.024609375 0.02109375
12 0.381640625 0.314453125 0.334375 0.08984375
1 0.431640625 0.3421875 0.026171875 0.021875
3 0.3109375 0.31640625 0.0234375 0.016796875
9 0.339453125 0.31640625 0.0234375 0.016796875
9 0.3953125 0.31796875 0.0234375 0.016796875
5 0.36796875 0.3171875 0.0234375 0.016796875
8 0.425390625 0.31796875 0.020703125 0.016796875
7 0.45 0.318359375 0.0234375 0.016796875
10 0.369140625 0.34140625 0.026171875 0.021875
11 0.385546875 0.341015625 0.008984375 0.009375