6 0.5171875 0.518359375 0.030859375 0.03828125
11 0.592578125 0.51171875 0.025 0.015625
2 0.480859375 0.475390625 0.0265625 0.04296875
2 0.545703125 0.565625 0.025 0.04140625
2 0.420703125 0.565625 0.021484375 0.04140625
9 0.512109375 0.47578125 0.033984375 0.042578125
3 0.387109375 0.51875 0.033984375 0.0375
3 0.453515625 0.518359375 0.031640625 0.03828125
3 0.45078125 0.56640625 0.03828125 0.04296875
5 0.420703125 0.51875 0.031640625 0.03515625
5 0.4859375 0.51796875 0.031640625 0.035546875
1 0.54921875 0.51796875 0.031640625 0.0375
1 0.49765625 0.565625 0.043359375 0.04375
12 0.49921875 0.524609375 0.5 0.16796875
11 0.56875 0.47578125 0.033984375 0.042578125
11 0.6015625 0.4796875 0.030078125 0.033203125
11 0.633984375 0.4796875 0.031640625 0.033203125
11 0.57265625 0.509765625 0.01484375 0.020703125
11 0.36015625 0.4765625 0.033203125 0.045703125
11 0.391015625 0.48125 0.028515625 0.03359375
11 0.423046875 0.48125 0.032421875 0.032421875