2 0.5984375 0.54609375 0.008984375 0.029296875
2 0.458203125 0.546875 0.010546875 0.03125
2 0.486328125 0.546875 0.01171875 0.03125
0 0.4453125 0.519921875 0.012890625 0.0125
0 0.603125 0.51953125 0.015625 0.013671875
2 0.39375 0.59453125 0.006640625 0.0234375
2 0.478515625 0.5890625 0.01171875 0.03515625
9 0.533984375 0.54609375 0.026171875 0.029296875
8 0.50703125 0.544921875 0.024609375 0.029296875
7 0.5765625 0.587890625 0.030078125 0.03515625
7 0.5 0.587890625 0.02890625 0.03515625
7 0.582421875 0.5078125 0.026171875 0.03515625
11 0.61015625 0.53828125 0.01171875 0.015625
11 0.6265625 0.539453125 0.020703125 0.0125
11 0.521484375 0.58828125 0.008984375 0.02421875
12 0.544921875 0.54609375 0.43984375 0.15625
9 0.562109375 0.54609375 0.024609375 0.029296875
1 0.409375 0.59375 0.01953125 0.0234375
1 0.54453125 0.58828125 0.03125 0.034375
5 0.634375 0.507421875 0.03125 0.034375
11 0.370703125 0.51015625 0.026171875 0.034375
11 0.42421875 0.51328125 0.026171875 0.0265625
11 0.440625 0.59375 0.01953125 0.025390625
11 0.6859375 0.5078125 0.024609375 0.037109375
11 0.71484375 0.5109375 0.030078125 0.02734375