1 0.501953125 0.41796875 0.037890625 0.044921875
12 0.52265625 0.419921875 0.610546875 0.216796875
9 0.536328125 0.36640625 0.036328125 0.05078125
2 0.3953125 0.416015625 0.01953125 0.044921875
2 0.435546875 0.416015625 0.01953125 0.04296875
2 0.424609375 0.475 0.015625 0.05
2 0.49921875 0.365625 0.024609375 0.0515625
2 0.552734375 0.41953125 0.016796875 0.04375
1 0.455859375 0.4765625 0.044140625 0.052734375
8 0.5625 0.476953125 0.0390625 0.05
8 0.46484375 0.416015625 0.033984375 0.04296875
3 0.514453125 0.47734375 0.044140625 0.052734375
10 0.580859375 0.41875 0.033984375 0.044921875
11 0.3515625 0.362890625 0.0390625 0.05
11 0.38984375 0.36875 0.037890625 0.03984375
11 0.42578125 0.36328125 0.028515625 0.05078125
11 0.607421875 0.3671875 0.037890625 0.05078125
11 0.645703125 0.374609375 0.036328125 0.03828125
11 0.684375 0.37421875 0.037890625 0.0390625
11 0.61015625 0.40859375 0.016796875 0.02421875
11 0.63359375 0.412109375 0.030078125 0.01953125