11 0.409375 0.408203125 0.007421875 0.021875
11 0.416796875 0.41015625 0.007421875 0.021875
11 0.42578125 0.411328125 0.008203125 0.021875
11 0.56171875 0.508203125 0.010546875 0.017578125
11 0.5515625 0.505078125 0.008203125 0.01953125
8 0.43515625 0.4546875 0.017578125 0.0609375
9 0.4828125 0.469140625 0.023046875 0.078515625
9 0.509765625 0.475 0.026953125 0.06640625
2 0.446484375 0.31875 0.016796875 0.06953125
1 0.540625 0.336328125 0.03125 0.076171875
1 0.469140625 0.322265625 0.03046875 0.076171875
3 0.50859375 0.332421875 0.03125 0.079296875
11 0.391015625 0.404296875 0.008203125 0.020703125
6 0.455859375 0.461328125 0.021875 0.065234375
6 0.53359375 0.47890625 0.023828125 0.06953125
11 0.4890625 0.3265625 0.008203125 0.037109375
11 0.58046875 0.409765625 0.01484375 0.031640625
11 0.41953125 0.375390625 0.015625 0.0328125
11 0.399609375 0.40703125 0.009375 0.021875
12 0.491015625 0.391796875 0.24453125 0.30703125