3 0.62734375 0.551171875 0.01328125 0.029296875
2 0.6203125 0.58359375 0.00546875 0.02734375
2 0.59453125 0.584765625 0.005078125 0.02578125
2 0.60546875 0.61875 0.005078125 0.029296875
2 0.640625 0.616796875 0.00625 0.031640625
1 0.61640625 0.61796875 0.014453125 0.030859375
11 0.68984375 0.550390625 0.01328125 0.02265625
11 0.666015625 0.573828125 0.00546875 0.0140625
11 0.673828125 0.574609375 0.01015625 0.0109375
5 0.63984375 0.55 0.01171875 0.031640625
9 0.643359375 0.580859375 0.01171875 0.0265625
10 0.6515625 0.616015625 0.014453125 0.030078125
4 0.65703125 0.5796875 0.011328125 0.02578125
10 0.60390625 0.58359375 0.01171875 0.02734375
11 0.602734375 0.55546875 0.01171875 0.02421875
11 0.663671875 0.548828125 0.0125 0.029296875
11 0.6765625 0.551171875 0.01171875 0.02265625
11 0.590234375 0.558203125 0.01171875 0.0234375
12 0.637890625 0.586328125 0.20546875 0.133984375
9 0.63046875 0.582421875 0.01171875 0.0265625
11 0.577734375 0.55546875 0.01171875 0.030859375