4 0.4546875 0.53671875 0.02578125 0.034375
12 0.4953125 0.54140625 0.45078125 0.142578125
1 0.591015625 0.498828125 0.028515625 0.03984375
2 0.535546875 0.49765625 0.02421875 0.036328125
2 0.423828125 0.581640625 0.0125 0.03828125
2 0.5203125 0.537109375 0.0125 0.034375
3 0.494921875 0.580859375 0.033203125 0.040625
3 0.392578125 0.536328125 0.030078125 0.03515625
3 0.484765625 0.537109375 0.030859375 0.035546875
4 0.308203125 0.535546875 0.028515625 0.03359375
5 0.42421875 0.5375 0.030078125 0.03359375
6 0.54296875 0.5375 0.02578125 0.03515625
7 0.5640625 0.49765625 0.028515625 0.03671875
8 0.531640625 0.58125 0.031640625 0.038671875
9 0.45 0.580859375 0.033203125 0.03828125
11 0.67734375 0.50390625 0.028515625 0.029296875
11 0.5828125 0.531640625 0.02421875 0.015625
11 0.565234375 0.530078125 0.016015625 0.01875
11 0.64765625 0.498828125 0.0265625 0.03984375
11 0.45078125 0.49609375 0.0234375 0.03984375
11 0.425390625 0.496484375 0.02265625 0.03671875
11 0.397265625 0.501953125 0.029296875 0.03125
11 0.312109375 0.49609375 0.030859375 0.03984375
11 0.340234375 0.500390625 0.02578125 0.03046875
11 0.367578125 0.5015625 0.028515625 0.029296875