11 0.373828125 0.4625 0.019140625 0.01875
6 0.434375 0.48046875 0.02109375 0.015625
3 0.4046875 0.49921875 0.02109375 0.017578125
3 0.47578125 0.480859375 0.019140625 0.01484375
3 0.412109375 0.480078125 0.0234375 0.01484375
1 0.42890625 0.5 0.0234375 0.017578125
1 0.591015625 0.464453125 0.02109375 0.01640625
1 0.569921875 0.464453125 0.02109375 0.01640625
2 0.549609375 0.4640625 0.01484375 0.017578125
10 0.361328125 0.5015625 0.019140625 0.0125
10 0.496875 0.48125 0.019140625 0.015625
10 0.4734375 0.46328125 0.0234375 0.01640625
0 0.446875 0.468359375 0.012890625 0.00703125
8 0.43203125 0.46328125 0.02109375 0.01640625
11 0.525390625 0.47890625 0.016796875 0.00703125
11 0.512890625 0.478515625 0.00859375 0.0078125
11 0.38359375 0.501953125 0.016796875 0.013671875
11 0.530859375 0.46640625 0.0234375 0.0125
11 0.3546875 0.464453125 0.019140625 0.0125
11 0.3328125 0.46171875 0.02109375 0.017578125
12 0.46171875 0.48203125 0.321875 0.06953125
11 0.510546875 0.4640625 0.016796875 0.017578125
4 0.462890625 0.499609375 0.0234375 0.01640625
4 0.486328125 0.5 0.0234375 0.017578125
4 0.454296875 0.480859375 0.019140625 0.01484375