11 0.554296875 0.7265625 0.01640625 0.0390625
11 0.5703125 0.73359375 0.013671875 0.030078125
11 0.58359375 0.729296875 0.0125 0.041796875
11 0.64921875 0.73125 0.015625 0.04296875
11 0.663671875 0.735546875 0.0125 0.028515625
11 0.67890625 0.73515625 0.017578125 0.032421875
11 0.605859375 0.806640625 0.00703125 0.030078125
10 0.634765625 0.8078125 0.017578125 0.040234375
10 0.594140625 0.8078125 0.01640625 0.040234375
10 0.584375 0.766796875 0.01484375 0.033984375
2 0.57265625 0.767578125 0.00859375 0.032421875
2 0.601171875 0.76640625 0.00859375 0.037890625
2 0.609375 0.7296875 0.009765625 0.040234375
2 0.616796875 0.767578125 0.0109375 0.030078125
2 0.629296875 0.767578125 0.00859375 0.032421875
6 0.6171875 0.80859375 0.013671875 0.041796875
6 0.62421875 0.729296875 0.015625 0.036328125
12 0.6203125 0.770703125 0.220703125 0.135546875
9 0.641015625 0.766796875 0.0125 0.036328125