11 0.5890625 0.9453125 0.015625 0.0375
11 0.609765625 0.9484375 0.028125 0.03125
11 0.6765625 0.88125 0.03125 0.080859375
8 0.5328125 0.9578125 0.03046875 0.06953125
8 0.52265625 0.883203125 0.03125 0.0796875
6 0.496875 0.9578125 0.033203125 0.06953125
6 0.555078125 0.883203125 0.03203125 0.074609375
11 0.365625 0.891796875 0.0359375 0.062109375
11 0.3046875 0.88203125 0.0390625 0.076953125
11 0.7140625 0.89296875 0.037109375 0.059765625
12 0.508203125 0.906640625 0.51640625 0.179296875
0 0.58046875 0.906640625 0.01875 0.032421875
8 0.46328125 0.958203125 0.03046875 0.068359375
4 0.6171875 0.88359375 0.04296875 0.080859375
3 0.298828125 0.95703125 0.037109375 0.066015625
0 0.39296875 0.906640625 0.0203125 0.0296875
2 0.4078125 0.958984375 0.0265625 0.0671875
2 0.43828125 0.958203125 0.025390625 0.066015625
5 0.564453125 0.958203125 0.03125 0.06328125