3 0.560546875 0.672265625 0.018359375 0.05078125
11 0.582421875 0.728125 0.01484375 0.023046875
11 0.56953125 0.724609375 0.010546875 0.030078125
11 0.528125 0.808984375 0.008984375 0.044140625
11 0.512890625 0.728125 0.010546875 0.027734375
12 0.531640625 0.7609375 0.27265625 0.304296875
11 0.503125 0.728515625 0.0109375 0.0265625
11 0.49140625 0.729296875 0.01171875 0.027734375
11 0.480078125 0.728515625 0.0125 0.0265625
11 0.46796875 0.7296875 0.01171875 0.0265625
8 0.583984375 0.670703125 0.016796875 0.049609375
7 0.538671875 0.673046875 0.01875 0.051953125
2 0.47890625 0.676953125 0.005859375 0.046484375
9 0.51640625 0.67421875 0.01875 0.051953125
9 0.49453125 0.67578125 0.01875 0.053125