2 0.35859375 0.49765625 0.012109375 0.01640625
7 0.409765625 0.491796875 0.020703125 0.01640625
2 0.43125 0.488671875 0.012109375 0.01640625
7 0.371484375 0.495703125 0.020703125 0.01640625
5 0.4234375 0.51015625 0.02421875 0.01640625
12 0.41328125 0.49296875 0.3125 0.10546875
9 0.4453125 0.50859375 0.026171875 0.01953125
1 0.395703125 0.515234375 0.02421875 0.01875
2 0.38125 0.51640625 0.012109375 0.017578125
4 0.38984375 0.49375 0.02265625 0.01640625
4 0.4453125 0.48671875 0.019140625 0.01640625