2 0.50234375 0.49140625 0.012109375 0.02109375
2 0.48046875 0.49296875 0.01328125 0.020703125
12 0.524609375 0.471484375 0.31015625 0.083984375
7 0.5484375 0.4890625 0.024609375 0.019921875
2 0.532421875 0.48984375 0.0078125 0.01953125
3 0.55625 0.4671875 0.01796875 0.017578125
0 0.565234375 0.45234375 0.0109375 0.008203125
0 0.45390625 0.456640625 0.0109375 0.01015625
11 0.569921875 0.4625 0.01015625 0.009375
11 0.582421875 0.46328125 0.016796875 0.00703125
11 0.512109375 0.49140625 0.01015625 0.014453125
11 0.43828125 0.45390625 0.022265625 0.01640625
11 0.401171875 0.453515625 0.0234375 0.019921875
11 0.620703125 0.444921875 0.01796875 0.020703125
11 0.64140625 0.446484375 0.02109375 0.01484375
10 0.478125 0.469921875 0.01796875 0.01796875
4 0.537109375 0.46796875 0.01796875 0.017578125
2 0.462890625 0.47109375 0.0109375 0.01953125
1 0.586328125 0.44609375 0.019921875 0.020703125
1 0.54765625 0.446484375 0.0234375 0.019921875
1 0.4 0.47265625 0.02109375 0.017578125
5 0.5171875 0.46796875 0.019921875 0.016796875
3 0.496484375 0.46953125 0.01875 0.01796875