11 0.663671875 0.646484375 0.00859375 0.014453125
11 0.655859375 0.645703125 0.00703125 0.015625
12 0.628125 0.65703125 0.185546875 0.123828125
11 0.55078125 0.6328125 0.01171875 0.028515625
11 0.562890625 0.63203125 0.0125 0.02734375
11 0.584375 0.6296875 0.0125 0.02734375
11 0.595703125 0.628125 0.009765625 0.02734375
11 0.60625 0.626953125 0.01171875 0.02734375
11 0.619140625 0.62578125 0.013671875 0.02734375
11 0.619140625 0.68671875 0.005859375 0.01953125
0 0.68359375 0.628125 0.0078125 0.01171875
10 0.662109375 0.621875 0.013671875 0.02734375
10 0.609765625 0.65546875 0.0109375 0.024609375
1 0.642578125 0.684765625 0.013671875 0.028515625
1 0.621875 0.654296875 0.01171875 0.024609375
1 0.696875 0.618359375 0.0125 0.028515625
1 0.675 0.6203125 0.01171875 0.02734375
2 0.61484375 0.6875 0.00703125 0.026171875
2 0.601171875 0.688671875 0.00703125 0.026171875
2 0.58984375 0.658203125 0.005859375 0.022265625
5 0.598046875 0.65703125 0.0125 0.022265625
3 0.63359375 0.653125 0.01171875 0.024609375
3 0.62890625 0.686328125 0.013671875 0.028515625
9 0.6453125 0.65234375 0.013671875 0.026171875