12 0.54296875 0.498828125 0.158984375 0.134765625
1 0.5546875 0.53046875 0.0125 0.03125
10 0.49375 0.536328125 0.008203125 0.022265625
8 0.56015625 0.49375 0.009375 0.0265625
9 0.546875 0.46171875 0.010546875 0.03125
11 0.565234375 0.46171875 0.011328125 0.033203125
11 0.509375 0.466015625 0.009375 0.0265625
11 0.49921875 0.462109375 0.010546875 0.032421875
11 0.575390625 0.46484375 0.00859375 0.024609375
11 0.5859375 0.466015625 0.011328125 0.024609375
11 0.56640625 0.487890625 0.004296875 0.016796875
11 0.57265625 0.489453125 0.009375 0.01328125
11 0.50546875 0.536328125 0.007421875 0.022265625
11 0.51875 0.466015625 0.009375 0.024609375
10 0.52734375 0.53125 0.011328125 0.034375
5 0.542578125 0.53046875 0.01171875 0.02890625
5 0.54921875 0.493359375 0.01171875 0.025390625
3 0.518359375 0.49453125 0.011328125 0.027734375
9 0.53828125 0.49453125 0.01015625 0.027734375
9 0.52890625 0.49453125 0.01015625 0.027734375
2 0.53671875 0.46171875 0.009375 0.03125