10 0.56328125 0.63125 0.017578125 0.049609375
12 0.534765625 0.59765625 0.212890625 0.237109375
1 0.574609375 0.52734375 0.01484375 0.040625
0 0.56640625 0.54453125 0.00390625 0.010546875
3 0.5 0.637109375 0.016796875 0.049609375
3 0.51875 0.635546875 0.017578125 0.0484375
6 0.54453125 0.633203125 0.017578125 0.0484375
11 0.53203125 0.634375 0.006640625 0.032421875
11 0.4453125 0.577734375 0.008984375 0.020703125
11 0.455078125 0.576953125 0.008984375 0.021875
11 0.462109375 0.577734375 0.00390625 0.023046875
11 0.46796875 0.576953125 0.0078125 0.021875
11 0.5640625 0.56953125 0.00703125 0.023046875
11 0.5734375 0.570703125 0.01171875 0.016015625
2 0.52734375 0.530859375 0.005078125 0.03828125
7 0.53984375 0.5296875 0.014453125 0.040625
1 0.55703125 0.528515625 0.01484375 0.040625