2 0.461328125 0.47890625 0.009375 0.015625
2 0.518359375 0.478515625 0.006640625 0.016796875
11 0.4953125 0.477734375 0.009375 0.01171875
11 0.562890625 0.454296875 0.009375 0.007421875
5 0.547265625 0.4578125 0.019140625 0.01328125
4 0.480859375 0.45859375 0.021875 0.015625
1 0.478125 0.47890625 0.021875 0.016796875
3 0.525 0.458203125 0.0203125 0.01484375
6 0.459375 0.45859375 0.019140625 0.01484375
11 0.57578125 0.455078125 0.01640625 0.00625
8 0.50390625 0.45703125 0.019140625 0.014453125
9 0.53671875 0.478515625 0.021875 0.01796875
2 0.44375 0.458984375 0.009375 0.015625
12 0.5109375 0.46015625 0.325390625 0.060546875