12 0.529296875 0.30078125 0.225390625 0.078125
11 0.5828125 0.28203125 0.008984375 0.013671875
10 0.532421875 0.28984375 0.018359375 0.025390625
7 0.5515625 0.289453125 0.01953125 0.0265625
7 0.51171875 0.290625 0.020703125 0.0265625
11 0.602734375 0.31953125 0.015625 0.015625
11 0.541015625 0.319921875 0.014453125 0.01484375
11 0.6046875 0.297265625 0.01171875 0.01484375
11 0.59375 0.29765625 0.005078125 0.013671875
11 0.584765625 0.297265625 0.010546875 0.01484375
11 0.5734375 0.296875 0.008984375 0.015625
11 0.59453125 0.284375 0.01171875 0.009765625
0 0.541015625 0.3015625 0.006640625 0.005859375