8 0.543359375 0.405859375 0.03828125 0.0359375
12 0.4703125 0.40859375 0.652734375 0.17109375
11 0.215234375 0.36015625 0.0484375 0.04296875
11 0.294140625 0.36484375 0.043359375 0.034375
11 0.68671875 0.365625 0.03984375 0.04375
11 0.729296875 0.370703125 0.041796875 0.034375
11 0.571875 0.398046875 0.019140625 0.0203125
11 0.597265625 0.40078125 0.03125 0.01640625
1 0.5296875 0.3640625 0.0453125 0.04296875
1 0.6109375 0.365234375 0.0453125 0.044921875
1 0.408984375 0.45234375 0.050390625 0.04296875
1 0.471484375 0.452734375 0.050390625 0.0421875
1 0.520703125 0.452734375 0.0484375 0.04375
2 0.369921875 0.45234375 0.02421875 0.0390625
2 0.34453125 0.40546875 0.02265625 0.037109375
2 0.38359375 0.4046875 0.027734375 0.0359375
8 0.418359375 0.4046875 0.03828125 0.0359375
4 0.458203125 0.40546875 0.03828125 0.037109375
6 0.5 0.40625 0.041796875 0.037109375
0 0.5625 0.376953125 0.020703125 0.017578125
0 0.32734375 0.37421875 0.02265625 0.017578125