1 0.448046875 0.59296875 0.02578125 0.030078125
7 0.414453125 0.591796875 0.02421875 0.029296875
5 0.383984375 0.590625 0.0234375 0.026953125
1 0.35078125 0.589453125 0.025 0.029296875
3 0.31796875 0.588671875 0.02578125 0.03046875
3 0.285546875 0.587109375 0.02578125 0.029296875
2 0.45390625 0.55546875 0.016015625 0.036328125
0 0.416015625 0.57109375 0.01015625 0.007421875
6 0.391796875 0.55234375 0.033203125 0.03984375
8 0.34609375 0.55 0.030859375 0.039453125
12 0.364453125 0.568359375 0.270703125 0.112109375