12 0.49296875 0.48984375 0.176953125 0.059375
2 0.4390625 0.49921875 0.010546875 0.01953125
2 0.464453125 0.500390625 0.012109375 0.01875
1 0.53046875 0.500390625 0.02265625 0.01875
1 0.544140625 0.473046875 0.02265625 0.01640625
1 0.520703125 0.472265625 0.020703125 0.01875
6 0.5546875 0.5015625 0.02265625 0.01875
8 0.481640625 0.499609375 0.019140625 0.01875
10 0.50625 0.500390625 0.02265625 0.01875
11 0.465234375 0.484765625 0.010546875 0.0109375
11 0.47734375 0.4859375 0.0140625 0.00703125
0 0.53203125 0.48046875 0.005078125 0.005859375