11 0.458203125 0.509765625 0.006640625 0.014453125
12 0.468359375 0.489453125 0.228515625 0.075
11 0.436328125 0.46796875 0.0140625 0.01640625
11 0.505859375 0.468359375 0.01328125 0.01953125
11 0.519921875 0.47109375 0.01328125 0.015625
9 0.43515625 0.48671875 0.01484375 0.017578125
11 0.506640625 0.484375 0.006640625 0.00859375
11 0.515234375 0.4859375 0.0109375 0.00703125
11 0.422265625 0.46640625 0.0140625 0.02109375
11 0.408203125 0.46640625 0.01484375 0.019921875
11 0.53515625 0.47109375 0.01328125 0.01484375
1 0.494921875 0.487890625 0.01328125 0.016796875
1 0.44609375 0.509375 0.016015625 0.019921875
1 0.4703125 0.51015625 0.016015625 0.01953125
2 0.434765625 0.508984375 0.005859375 0.01796875
4 0.487890625 0.51015625 0.016015625 0.019921875
4 0.465234375 0.487109375 0.0140625 0.016796875
5 0.45 0.48671875 0.01484375 0.01640625
7 0.478515625 0.467578125 0.01484375 0.019921875
7 0.48046875 0.48828125 0.0140625 0.017578125
3 0.463671875 0.4671875 0.0140625 0.020703125