12 0.51015625 0.48046875 0.248046875 0.06953125
2 0.442578125 0.47265625 0.015625 0.028125
2 0.5015625 0.5015625 0.0109375 0.01875
1 0.4828125 0.47109375 0.037890625 0.033203125
3 0.5328125 0.47109375 0.037890625 0.03125
3 0.4265625 0.50234375 0.025390625 0.023046875
3 0.458984375 0.50234375 0.025390625 0.02265625
3 0.526171875 0.50078125 0.024609375 0.02265625
4 0.585546875 0.4703125 0.032421875 0.03125
10 0.56015625 0.50078125 0.0234375 0.023046875
9 0.593359375 0.500390625 0.0234375 0.02265625
0 0.5578125 0.484375 0.01015625 0.00546875