10 0.431640625 0.44921875 0.02890625 0.02421875
10 0.51328125 0.419921875 0.0234375 0.02421875
12 0.469921875 0.420703125 0.39921875 0.09765625
7 0.50234375 0.448828125 0.030078125 0.026953125
6 0.471484375 0.448828125 0.0265625 0.026953125
9 0.435546875 0.41875 0.0234375 0.023046875
3 0.484375 0.392578125 0.025390625 0.026171875
2 0.416015625 0.41953125 0.01328125 0.025
4 0.46328125 0.419140625 0.0234375 0.026171875
11 0.451171875 0.4484375 0.01015625 0.01875
2 0.494921875 0.419921875 0.0109375 0.023046875
11 0.359765625 0.39296875 0.027734375 0.026953125
11 0.53125 0.392578125 0.025390625 0.025
11 0.55546875 0.395703125 0.02109375 0.01953125
11 0.533203125 0.414453125 0.012109375 0.01171875
3 0.4578125 0.391796875 0.025390625 0.026953125
2 0.390625 0.420703125 0.01328125 0.026171875
11 0.58359375 0.39609375 0.025390625 0.020703125
11 0.55 0.415234375 0.02109375 0.01015625
11 0.4109375 0.3921875 0.01875 0.026171875
11 0.3859375 0.395703125 0.024609375 0.020703125