3 0.49609375 0.4140625 0.019921875 0.01953125
10 0.460546875 0.4359375 0.01875 0.01640625
9 0.49921875 0.43359375 0.01875 0.01640625
7 0.479296875 0.458203125 0.021484375 0.0203125
7 0.51484375 0.413671875 0.017578125 0.01875
3 0.480078125 0.434765625 0.017578125 0.0171875
3 0.509375 0.456640625 0.019921875 0.0203125
3 0.53203125 0.4546875 0.017578125 0.02109375
1 0.380859375 0.4390625 0.017578125 0.01640625
2 0.46171875 0.45859375 0.01328125 0.01796875
2 0.524609375 0.433203125 0.008203125 0.014453125
2 0.444921875 0.436328125 0.009375 0.015625
11 0.554296875 0.428515625 0.010546875 0.008984375
11 0.56484375 0.429296875 0.01328125 0.007421875
11 0.5515625 0.4125 0.021484375 0.01953125
11 0.43984375 0.416796875 0.017578125 0.01875
11 0.4203125 0.41796875 0.021484375 0.01796875
11 0.45859375 0.41796875 0.017578125 0.013671875
11 0.56875 0.412890625 0.016015625 0.014453125
11 0.5890625 0.413671875 0.016015625 0.012890625
4 0.539453125 0.433203125 0.016015625 0.015625
12 0.50859375 0.4359375 0.302734375 0.0828125