11 0.455078125 0.505078125 0.01796875 0.01796875
11 0.384765625 0.507421875 0.015625 0.016796875
11 0.36875 0.507421875 0.016796875 0.016796875
11 0.3515625 0.508203125 0.01796875 0.016796875
11 0.51953125 0.518359375 0.015625 0.00625
11 0.5078125 0.51796875 0.0078125 0.007421875
11 0.45390625 0.54375 0.008984375 0.01171875
0 0.55390625 0.50703125 0.0109375 0.00703125
10 0.4765625 0.522265625 0.016796875 0.01484375
4 0.540234375 0.50234375 0.01875 0.017578125
10 0.52109375 0.503125 0.01875 0.016796875
9 0.48828125 0.542578125 0.019921875 0.016796875
7 0.422265625 0.52421875 0.016796875 0.01484375
5 0.439453125 0.523828125 0.01796875 0.014453125
5 0.573828125 0.501171875 0.019921875 0.01796875
3 0.49453125 0.521875 0.016796875 0.014453125
1 0.458984375 0.52265625 0.01875 0.01484375
1 0.439453125 0.54375 0.019921875 0.016796875
2 0.473828125 0.543359375 0.006640625 0.01640625
2 0.425 0.54453125 0.008984375 0.01640625
2 0.40859375 0.524609375 0.0078125 0.013671875
12 0.464453125 0.523828125 0.28828125 0.076953125
11 0.437109375 0.50546875 0.015625 0.00546875
11 0.419921875 0.50546875 0.01875 0.016796875
11 0.4015625 0.50625 0.015625 0.016796875