5 0.42578125 0.45546875 0.02109375 0.01484375
1 0.44296875 0.4765625 0.025390625 0.017578125
2 0.42578125 0.4765625 0.00859375 0.017578125
11 0.5328125 0.453125 0.010546875 0.0078125
0 0.590234375 0.44296875 0.010546875 0.00703125
5 0.50546875 0.476171875 0.027734375 0.01875
2 0.4078125 0.45625 0.010546875 0.015625
4 0.471484375 0.45625 0.019140625 0.015625
9 0.446875 0.455078125 0.02109375 0.015625
11 0.341015625 0.4359375 0.02109375 0.01640625
11 0.362109375 0.435546875 0.02109375 0.017578125
11 0.38359375 0.4359375 0.02109375 0.01640625
11 0.4046875 0.43671875 0.02109375 0.017578125
11 0.444921875 0.437109375 0.02109375 0.01640625
11 0.469140625 0.43671875 0.0234375 0.017578125
11 0.54765625 0.453125 0.019140625 0.0078125
9 0.551953125 0.437109375 0.0234375 0.01640625
10 0.575390625 0.4375 0.0234375 0.017578125
7 0.617578125 0.4375 0.0234375 0.017578125
12 0.4796875 0.45703125 0.349609375 0.0703125
3 0.47890625 0.4765625 0.025390625 0.017578125
1 0.516015625 0.45625 0.019140625 0.015625
9 0.492578125 0.455078125 0.0234375 0.015625