7 0.48515625 0.47734375 0.03515625 0.04296875
12 0.503125 0.48515625 0.618359375 0.2109375
11 0.6171875 0.47109375 0.028515625 0.01875
11 0.59375 0.468359375 0.018359375 0.02265625
11 0.665234375 0.43046875 0.036328125 0.037109375
11 0.626953125 0.43046875 0.037890625 0.037109375
11 0.5890625 0.425390625 0.037890625 0.04765625
11 0.403125 0.425 0.02734375 0.05078125
11 0.368359375 0.431640625 0.033984375 0.037109375
11 0.330859375 0.426171875 0.0390625 0.05
2 0.407421875 0.53984375 0.018359375 0.05078125
5 0.5234375 0.47734375 0.0390625 0.041015625
5 0.403515625 0.478515625 0.0390625 0.04296875
10 0.5625 0.47890625 0.036328125 0.04609375
10 0.544140625 0.538671875 0.041796875 0.0515625
6 0.498828125 0.53828125 0.044140625 0.05078125
1 0.443359375 0.478125 0.037890625 0.04609375
1 0.43828125 0.538671875 0.045703125 0.05
3 0.361328125 0.480078125 0.040234375 0.04609375
3 0.248046875 0.47890625 0.037890625 0.04609375
2 0.518359375 0.42421875 0.033984375 0.05390625