3 0.537109375 0.55078125 0.014453125 0.01953125
3 0.434375 0.57109375 0.014453125 0.017578125
11 0.53203125 0.568359375 0.014453125 0.0078125
11 0.521484375 0.5671875 0.006640625 0.009765625
11 0.57890625 0.552734375 0.016796875 0.015625
11 0.563671875 0.550390625 0.012890625 0.0203125
11 0.4640625 0.550390625 0.01171875 0.0203125
11 0.4484375 0.55078125 0.01171875 0.01953125
11 0.435546875 0.552734375 0.014453125 0.013671875
11 0.42109375 0.55234375 0.014453125 0.01484375
11 0.40625 0.552734375 0.012890625 0.013671875
11 0.391796875 0.55 0.015625 0.01953125
8 0.482421875 0.57109375 0.014453125 0.017578125
5 0.44921875 0.570703125 0.015625 0.01640625
7 0.520703125 0.55078125 0.015625 0.01953125
4 0.388671875 0.57109375 0.014453125 0.017578125
6 0.5109375 0.57109375 0.014453125 0.017578125
6 0.48515625 0.594140625 0.016796875 0.0203125
6 0.50390625 0.594140625 0.018359375 0.0203125
2 0.50078125 0.57109375 0.006640625 0.017578125
2 0.46953125 0.571875 0.006640625 0.01875
2 0.46796875 0.59375 0.008984375 0.01953125
2 0.450390625 0.594140625 0.010546875 0.0203125
12 0.484375 0.5734375 0.239453125 0.076171875