12 0.36875 0.49140625 0.351171875 0.12890625
1 0.288671875 0.427734375 0.02421875 0.017578125
4 0.211328125 0.473046875 0.026171875 0.01640625
10 0.512890625 0.465234375 0.05234375 0.034375
3 0.39921875 0.48203125 0.0609375 0.034375
1 0.197265625 0.504296875 0.019140625 0.01640625
1 0.23125 0.46796875 0.02421875 0.015625
1 0.453125 0.468359375 0.050390625 0.034375
1 0.346875 0.496875 0.057421875 0.033203125
1 0.242578125 0.5265625 0.050390625 0.03125
5 0.26796875 0.433984375 0.02421875 0.01640625
7 0.2921875 0.5109375 0.05234375 0.03125
8 0.533203125 0.439453125 0.019140625 0.017578125