5 0.58125 0.615234375 0.01171875 0.02890625
7 0.59296875 0.615234375 0.011328125 0.03125
3 0.555859375 0.578515625 0.01015625 0.0265625
11 0.604296875 0.544921875 0.01015625 0.03125
11 0.6140625 0.5484375 0.01015625 0.022265625
11 0.62421875 0.5484375 0.01015625 0.022265625
11 0.60546875 0.571875 0.005078125 0.015625
11 0.61171875 0.5734375 0.007421875 0.012109375
12 0.58125 0.5828125 0.159375 0.12890625
9 0.566796875 0.577734375 0.01015625 0.027734375
2 0.575390625 0.54453125 0.007421875 0.032421875
10 0.585546875 0.54453125 0.011328125 0.032421875
10 0.576953125 0.578515625 0.010546875 0.02890625
10 0.565234375 0.61640625 0.01171875 0.033203125
1 0.516015625 0.578515625 0.01015625 0.0265625
8 0.53203125 0.6203125 0.008203125 0.0234375
8 0.58828125 0.57734375 0.009375 0.0265625
4 0.598046875 0.57734375 0.00859375 0.0265625
11 0.573046875 0.615234375 0.004296875 0.022265625
11 0.54296875 0.61953125 0.007421875 0.024609375
11 0.53671875 0.54609375 0.01015625 0.03125
11 0.54609375 0.54609375 0.009375 0.02890625
11 0.555859375 0.549609375 0.01015625 0.024609375