2 0.54609375 0.58828125 0.023046875 0.091796875
12 0.630859375 0.48359375 0.615625 0.42734375
8 0.688671875 0.5734375 0.04765625 0.094921875
8 0.663671875 0.4703125 0.038671875 0.083984375
3 0.63828125 0.5796875 0.038671875 0.092578125
3 0.611328125 0.38125 0.044921875 0.095703125
2 0.51015625 0.487890625 0.019921875 0.07734375
2 0.588671875 0.48125 0.01640625 0.07265625
10 0.621484375 0.476171875 0.040625 0.079296875
10 0.5765625 0.5875 0.041796875 0.0984375
7 0.541015625 0.487890625 0.041796875 0.082421875
7 0.652734375 0.37265625 0.03828125 0.091796875
11 0.762890625 0.373828125 0.039453125 0.07421875
11 0.730078125 0.4453125 0.02109375 0.044140625
11 0.75390625 0.44765625 0.02578125 0.03671875
11 0.53671875 0.39921875 0.03828125 0.0734375
11 0.49921875 0.393359375 0.0375 0.096484375
11 0.45859375 0.399609375 0.03984375 0.09921875
11 0.60859375 0.58515625 0.019921875 0.075
11 0.726171875 0.3671875 0.04140625 0.095703125
11 0.804296875 0.3671875 0.03359375 0.07578125
5 0.701953125 0.467578125 0.0375 0.0765625