4 0.56484375 0.541015625 0.03046875 0.061328125
12 0.56015625 0.47265625 0.44453125 0.2890625
3 0.48828125 0.54765625 0.029296875 0.061328125
10 0.523046875 0.467578125 0.0265625 0.051953125
6 0.49453125 0.469921875 0.0265625 0.0546875
7 0.55234375 0.466015625 0.0265625 0.0546875
7 0.573828125 0.39375 0.0265625 0.061328125
1 0.3796875 0.478515625 0.02734375 0.053515625
1 0.52109375 0.544921875 0.03046875 0.061328125
2 0.4734375 0.47265625 0.009765625 0.049609375
2 0.607421875 0.5390625 0.009765625 0.057421875
3 0.609375 0.46171875 0.025390625 0.053515625
3 0.58125 0.462890625 0.025390625 0.053515625
3 0.547265625 0.397265625 0.0265625 0.0625
11 0.648046875 0.4484375 0.0203125 0.01953125
11 0.63125 0.446484375 0.0125 0.026171875
11 0.6828125 0.39453125 0.025390625 0.044140625
11 0.655859375 0.397265625 0.02421875 0.044140625
11 0.628515625 0.390625 0.0265625 0.0625
11 0.492578125 0.404296875 0.0265625 0.053515625
11 0.46484375 0.411328125 0.025390625 0.046875
11 0.435546875 0.404296875 0.02734375 0.063671875