11 0.613671875 0.61640625 0.02265625 0.040234375
12 0.699609375 0.676953125 0.38203125 0.231640625
4 0.70625 0.612109375 0.025390625 0.0546875
9 0.733984375 0.669921875 0.02421875 0.048046875
3 0.720703125 0.735546875 0.02734375 0.0546875
5 0.6921875 0.735546875 0.025390625 0.051953125
1 0.65546875 0.734375 0.02734375 0.0546875
1 0.68515625 0.669140625 0.02265625 0.046875
1 0.66015625 0.669140625 0.0234375 0.046875
7 0.709375 0.669140625 0.02421875 0.046875
7 0.6359375 0.66875 0.0234375 0.045703125
2 0.6359375 0.734375 0.009765625 0.049609375
2 0.61796875 0.6671875 0.009765625 0.04296875
11 0.673828125 0.734375 0.0078125 0.036328125
11 0.7671875 0.66328125 0.01875 0.01953125
11 0.75234375 0.659375 0.0109375 0.024609375
11 0.79765625 0.62109375 0.021484375 0.0390625
11 0.775390625 0.619921875 0.021484375 0.0390625
11 0.7515625 0.61328125 0.02421875 0.0546875
11 0.637109375 0.61328125 0.02265625 0.046875
11 0.590234375 0.61015625 0.02421875 0.053515625