12 0.45234375 0.236328125 0.371875 0.099609375
3 0.424609375 0.240625 0.02421875 0.01875
3 0.366015625 0.240625 0.02421875 0.01875
3 0.394140625 0.2671875 0.032421875 0.0265625
3 0.491796875 0.26796875 0.028515625 0.02421875
4 0.460546875 0.267578125 0.0265625 0.0234375
1 0.453125 0.24140625 0.02421875 0.017578125
9 0.396484375 0.240625 0.02421875 0.01875
9 0.480859375 0.241796875 0.0265625 0.01875
6 0.511328125 0.241796875 0.0265625 0.01875
2 0.4328125 0.26796875 0.01640625 0.02421875
11 0.444140625 0.267578125 0.00625 0.013671875