11 0.7703125 0.486328125 0.025390625 0.045703125
11 0.797265625 0.486328125 0.0265625 0.045703125
12 0.679296875 0.555859375 0.46015625 0.270703125
6 0.601171875 0.551953125 0.02421875 0.051953125
2 0.58046875 0.552734375 0.00859375 0.048046875
3 0.70390625 0.626953125 0.029296875 0.061328125
5 0.67109375 0.62890625 0.029296875 0.0546875
10 0.625 0.628125 0.029296875 0.061328125
4 0.72109375 0.549609375 0.02421875 0.0546875
8 0.691796875 0.54765625 0.02265625 0.05078125
1 0.685546875 0.48046875 0.025390625 0.059765625
10 0.630859375 0.55078125 0.025390625 0.051953125
1 0.66015625 0.549609375 0.02734375 0.051953125
3 0.656640625 0.48046875 0.0265625 0.059765625
11 0.6015625 0.490234375 0.025390625 0.04296875
11 0.5734375 0.491015625 0.025390625 0.044140625
11 0.546484375 0.483203125 0.0265625 0.059765625
11 0.648046875 0.627734375 0.0109375 0.041796875
11 0.74375 0.5359375 0.0125 0.024609375
11 0.76015625 0.5390625 0.0203125 0.020703125
11 0.741796875 0.478515625 0.0265625 0.063671875