12 0.72734375 0.515625 0.4453125 0.283984375
11 0.598046875 0.44453125 0.028125 0.063671875
11 0.6265625 0.451171875 0.0265625 0.048046875
1 0.540625 0.517578125 0.028125 0.053515625
11 0.65390625 0.45 0.03046875 0.045703125
11 0.791015625 0.432421875 0.029296875 0.065234375
11 0.819921875 0.438671875 0.0265625 0.046875
11 0.846875 0.43671875 0.029296875 0.048046875
11 0.79296875 0.48828125 0.013671875 0.028515625
11 0.81171875 0.490234375 0.021484375 0.022265625
3 0.70859375 0.43671875 0.028125 0.063671875
3 0.736328125 0.434765625 0.029296875 0.0625
3 0.646484375 0.587890625 0.03125 0.063671875
3 0.757421875 0.580078125 0.034375 0.061328125
3 0.77109375 0.502734375 0.0265625 0.0546875
1 0.6796875 0.5859375 0.03125 0.0625
2 0.63359375 0.51171875 0.01171875 0.049609375
2 0.750390625 0.50390625 0.0125 0.049609375
6 0.654296875 0.510546875 0.029296875 0.0546875
10 0.68359375 0.50859375 0.029296875 0.055859375
4 0.71328125 0.506640625 0.028125 0.057421875
4 0.725 0.5828125 0.03046875 0.063671875