10 0.496484375 0.578515625 0.019140625 0.01875
8 0.502734375 0.54453125 0.013671875 0.01484375
7 0.484375 0.544921875 0.015625 0.015625
11 0.55625 0.558203125 0.013671875 0.00703125
1 0.519921875 0.54453125 0.0171875 0.01484375
2 0.5640625 0.54375 0.00859375 0.015625
1 0.426171875 0.57890625 0.0171875 0.017578125
11 0.46171875 0.55859375 0.00859375 0.0078125
11 0.471484375 0.55859375 0.010546875 0.0078125
11 0.480859375 0.558203125 0.00859375 0.00703125
11 0.490625 0.558203125 0.00703125 0.00703125
11 0.509375 0.578125 0.00703125 0.013671875
8 0.540625 0.54375 0.013671875 0.015625
6 0.5234375 0.578125 0.0171875 0.017578125
11 0.4984375 0.558203125 0.00859375 0.00703125
11 0.544140625 0.558203125 0.010546875 0.00859375
12 0.511328125 0.562890625 0.21484375 0.0671875
3 0.543359375 0.57734375 0.019140625 0.017578125