12 0.707421875 0.7109375 0.2609375 0.300390625
8 0.73515625 0.619921875 0.015625 0.0484375
11 0.75546875 0.6734375 0.01484375 0.020703125
11 0.742578125 0.671875 0.00859375 0.027734375
11 0.702734375 0.753515625 0.00859375 0.041796875
11 0.6234375 0.683203125 0.0109375 0.026171875
11 0.615625 0.683984375 0.003125 0.027734375
11 0.607421875 0.684765625 0.01171875 0.0296875
11 0.5953125 0.6859375 0.0125 0.027734375
2 0.697265625 0.62421875 0.005859375 0.046875
7 0.7125 0.6234375 0.01875 0.051953125
0 0.74609375 0.640625 0.005859375 0.010546875
5 0.75703125 0.61875 0.017578125 0.046875