7 0.506640625 0.45703125 0.01328125 0.015625
6 0.52265625 0.491015625 0.01484375 0.01796875
1 0.486328125 0.490625 0.0140625 0.017578125
1 0.50703125 0.491015625 0.0140625 0.01796875
4 0.479296875 0.45703125 0.01328125 0.01484375
4 0.520703125 0.45703125 0.01171875 0.01640625
3 0.4640625 0.456640625 0.01328125 0.016796875
11 0.483203125 0.470703125 0.006640625 0.00859375
11 0.4765625 0.4703125 0.008203125 0.008203125
11 0.468359375 0.4703125 0.008203125 0.008203125
11 0.533984375 0.472265625 0.01171875 0.00703125
2 0.4765625 0.49140625 0.005078125 0.01640625
11 0.496484375 0.490625 0.006640625 0.013671875
12 0.49765625 0.478515625 0.16484375 0.071875
5 0.535546875 0.457421875 0.016015625 0.01484375
11 0.460546875 0.469921875 0.007421875 0.00859375
11 0.48984375 0.470703125 0.008203125 0.007421875
11 0.524609375 0.47109375 0.007421875 0.008203125
7 0.4921875 0.45703125 0.0140625 0.01484375