3 0.57109375 0.9078125 0.0234375 0.06953125
4 0.59609375 0.903515625 0.02265625 0.067578125
1 0.63984375 0.759375 0.01953125 0.05390625
7 0.61875 0.76484375 0.0203125 0.057421875
2 0.60234375 0.76640625 0.009765625 0.050390625
2 0.63359375 0.895703125 0.01171875 0.058984375
0 0.651953125 0.78046875 0.0046875 0.012109375
11 0.530859375 0.834375 0.0109375 0.0328125
11 0.52265625 0.8359375 0.005859375 0.0328125
11 0.5140625 0.83671875 0.0125 0.03125
11 0.5015625 0.839453125 0.0125 0.0328125
11 0.66328125 0.81171875 0.015625 0.02265625
11 0.64921875 0.8109375 0.009765625 0.03125
11 0.61171875 0.901171875 0.00859375 0.0453125
12 0.61640625 0.84453125 0.271484375 0.30390625
9 0.650390625 0.89140625 0.021484375 0.0640625
1 0.662109375 0.75625 0.01953125 0.05390625