10 0.573828125 0.48046875 0.01171875 0.033203125
9 0.60625 0.443359375 0.009375 0.025390625
4 0.594140625 0.410546875 0.01015625 0.02890625
3 0.583984375 0.41171875 0.01015625 0.03125
3 0.565234375 0.4453125 0.009375 0.027734375
5 0.585546875 0.444921875 0.009375 0.024609375
5 0.590234375 0.479296875 0.009375 0.02890625
10 0.601953125 0.480078125 0.010546875 0.032421875
11 0.565234375 0.41171875 0.010546875 0.03125
11 0.554296875 0.416015625 0.009375 0.024609375
11 0.5453125 0.4125 0.00859375 0.033203125
11 0.619921875 0.43828125 0.008203125 0.01328125
11 0.613671875 0.43671875 0.004296875 0.016796875
11 0.612890625 0.409765625 0.01015625 0.030078125
11 0.622265625 0.4125 0.00859375 0.022265625
11 0.632421875 0.413671875 0.010546875 0.022265625
11 0.58203125 0.48046875 0.004296875 0.022265625
11 0.55234375 0.48671875 0.007421875 0.02109375
7 0.540625 0.48671875 0.008203125 0.0234375
12 0.590234375 0.444921875 0.157421875 0.11796875
1 0.525 0.44609375 0.010546875 0.02890625
8 0.59609375 0.443359375 0.00859375 0.027734375
10 0.575390625 0.44375 0.01015625 0.0265625