11 0.475390625 0.625 0.01328125 0.0234375
11 0.48984375 0.623046875 0.01796875 0.02421875
11 0.75078125 0.632421875 0.011328125 0.018359375
11 0.6921875 0.562109375 0.008203125 0.02734375
2 0.46484375 0.58515625 0.007421875 0.044921875
6 0.48125 0.58359375 0.019921875 0.04765625
7 0.50390625 0.58125 0.01953125 0.045703125
8 0.528125 0.578515625 0.01640625 0.043359375
2 0.55625 0.57734375 0.007421875 0.043359375
2 0.65078125 0.5640625 0.010546875 0.0515625
2 0.71953125 0.559765625 0.010546875 0.05234375
1 0.67421875 0.562109375 0.026171875 0.054296875
10 0.742578125 0.55703125 0.026171875 0.054296875
9 0.72421875 0.65234375 0.026171875 0.0515625
12 0.59609375 0.623828125 0.359375 0.2109375