12 0.40546875 0.53671875 0.80859375 0.49296875
1 0.41796875 0.453515625 0.174609375 0.1609375
11 0.328125 0.33828125 0.028515625 0.0265625
11 0.353515625 0.32578125 0.03515625 0.03203125
0 0.62421875 0.51328125 0.01171875 0.01484375
11 0.696484375 0.47421875 0.03125 0.01875
11 0.66875 0.48203125 0.01953125 0.02421875
11 0.587890625 0.421484375 0.022265625 0.03984375
11 0.6140625 0.41484375 0.04296875 0.041015625
11 0.561328125 0.44140625 0.049609375 0.033203125
11 0.5234375 0.453125 0.03125 0.033203125
11 0.3484375 0.63828125 0.024609375 0.03046875
11 0.330078125 0.64609375 0.016796875 0.028125
11 0.311328125 0.654296875 0.03125 0.029296875
11 0.28203125 0.6671875 0.032421875 0.02734375
11 0.119921875 0.430078125 0.028515625 0.01875
11 0.095703125 0.441796875 0.02734375 0.0203125
11 0.07890625 0.451171875 0.014453125 0.017578125
11 0.06171875 0.4578125 0.02734375 0.0234375
11 0.16015625 0.447265625 0.03125 0.02734375
11 0.134765625 0.45859375 0.030078125 0.02265625
11 0.11328125 0.47109375 0.026171875 0.02265625
11 0.084765625 0.4796875 0.0234375 0.021484375
11 0.065625 0.491796875 0.030078125 0.02265625
3 0.637890625 0.484765625 0.049609375 0.05546875
10 0.30078125 0.365234375 0.051953125 0.05078125
5 0.553515625 0.52421875 0.057421875 0.037109375
6 0.59453125 0.505859375 0.05078125 0.05859375
6 0.2578125 0.388671875 0.057421875 0.0546875
5 0.208984375 0.404296875 0.05859375 0.04296875