11 0.659765625 0.4 0.04453125 0.033203125
11 0.615234375 0.4 0.037890625 0.029296875
11 0.570703125 0.392578125 0.04453125 0.04453125
11 0.575 0.429296875 0.022265625 0.020703125
11 0.60390625 0.43125 0.033203125 0.016796875
2 0.33046875 0.436328125 0.02890625 0.039453125
3 0.49609375 0.39140625 0.04453125 0.04375
2 0.375390625 0.434765625 0.01875 0.042578125
12 0.47265625 0.44140625 0.68515625 0.183203125
11 0.368359375 0.390234375 0.033203125 0.044921875
11 0.279296875 0.38984375 0.048828125 0.045703125
11 0.3265625 0.39453125 0.041015625 0.03359375
3 0.34765625 0.486328125 0.05234375 0.05078125
1 0.39921875 0.485546875 0.051171875 0.045703125
3 0.446484375 0.3921875 0.045703125 0.044921875
10 0.541796875 0.437890625 0.040234375 0.03984375
10 0.49765625 0.436328125 0.041015625 0.040625
5 0.466796875 0.48671875 0.05234375 0.04296875
4 0.454296875 0.436328125 0.03671875 0.03828125
7 0.51875 0.48671875 0.045703125 0.04453125
9 0.410546875 0.43515625 0.04453125 0.04140625