11 0.45234375 0.4328125 0.006640625 0.0078125
11 0.44609375 0.433203125 0.006640625 0.00859375
11 0.438671875 0.43203125 0.0078125 0.00859375
11 0.430859375 0.4328125 0.0078125 0.009765625
11 0.466796875 0.45234375 0.006640625 0.01171875
12 0.46796875 0.437890625 0.157421875 0.07109375
1 0.501953125 0.418359375 0.014453125 0.01484375
3 0.45703125 0.45234375 0.012890625 0.017578125
3 0.47734375 0.45234375 0.014453125 0.017578125
4 0.40625 0.452734375 0.012890625 0.01640625
2 0.49609375 0.4515625 0.0078125 0.01640625
11 0.4921875 0.431640625 0.0078125 0.0078125
11 0.501171875 0.433203125 0.010546875 0.00703125
7 0.447265625 0.41875 0.014453125 0.015625
11 0.459765625 0.43203125 0.0078125 0.00859375
6 0.48828125 0.41875 0.012890625 0.015625
5 0.46171875 0.419921875 0.014453125 0.013671875
8 0.47578125 0.418359375 0.01171875 0.01484375
3 0.443359375 0.45234375 0.014453125 0.017578125