11 0.7125 0.782421875 0.01484375 0.018359375
11 0.7140625 0.75078125 0.015625 0.01953125
11 0.722265625 0.475390625 0.01640625 0.020703125
2 0.662109375 0.806640625 0.05859375 0.037890625
4 0.667578125 0.69453125 0.06171875 0.084765625
11 0.7125 0.764453125 0.0125 0.010546875
11 0.71171875 0.8015625 0.013671875 0.016796875
11 0.711328125 0.817578125 0.01484375 0.018359375
11 0.769921875 0.77734375 0.01875 0.0234375
12 0.6890625 0.607421875 0.4171875 0.56640625
9 0.672265625 0.59375 0.06171875 0.0859375
11 0.61796875 0.46953125 0.013671875 0.016796875
11 0.616796875 0.48828125 0.01484375 0.018359375
10 0.5703125 0.703125 0.037109375 0.0546875
2 0.5734375 0.657421875 0.03515625 0.0234375
2 0.5765625 0.5984375 0.0359375 0.022265625
4 0.58515625 0.465625 0.037109375 0.05078125
2 0.580078125 0.5390625 0.03515625 0.0234375
11 0.619140625 0.45234375 0.013671875 0.016796875