7 0.3890625 0.16015625 0.027734375 0.021484375
2 0.36796875 0.16015625 0.0140625 0.021484375
8 0.4140625 0.159765625 0.02265625 0.02265625
5 0.43828125 0.16015625 0.026171875 0.021484375
4 0.464453125 0.159765625 0.02265625 0.02265625
9 0.49140625 0.16015625 0.027734375 0.0234375
11 0.355859375 0.179296875 0.0171875 0.0125
11 0.371484375 0.1796875 0.0140625 0.01171875
11 0.38359375 0.180078125 0.010546875 0.0125
11 0.394921875 0.180078125 0.012109375 0.0125
11 0.408984375 0.1796875 0.015625 0.013671875
11 0.471484375 0.1796875 0.015625 0.01171875
11 0.488671875 0.18046875 0.019140625 0.009765625
11 0.425390625 0.20859375 0.0140625 0.01875
12 0.419140625 0.18984375 0.300390625 0.0984375