0 0.636328125 0.50390625 0.02421875 0.023046875
1 0.60234375 0.484375 0.043359375 0.06015625
2 0.5109375 0.483203125 0.033203125 0.06015625
11 0.635546875 0.541015625 0.032421875 0.023046875
11 0.605078125 0.537109375 0.0234375 0.028125
11 0.784765625 0.49453125 0.044140625 0.045703125
11 0.7359375 0.485546875 0.03671875 0.061328125
11 0.28359375 0.48828125 0.044140625 0.04609375
11 0.19140625 0.47890625 0.04765625 0.059375
9 0.55703125 0.48359375 0.044140625 0.061328125
4 0.2546875 0.62734375 0.0390625 0.046875
11 0.30546875 0.628125 0.0375 0.044921875
12 0.492578125 0.5484375 0.75 0.260546875
5 0.5203125 0.5484375 0.04765625 0.05078125
6 0.42265625 0.546484375 0.046484375 0.054296875
6 0.412109375 0.620703125 0.05234375 0.05859375
4 0.373046875 0.546875 0.04921875 0.05390625
3 0.324609375 0.544921875 0.04765625 0.05390625
10 0.544140625 0.621875 0.053515625 0.06015625
10 0.47109375 0.546875 0.045703125 0.05390625
10 0.694140625 0.48515625 0.046484375 0.06015625
0 0.317578125 0.501171875 0.025 0.02109375
5 0.4890625 0.62109375 0.053515625 0.05859375
7 0.56796875 0.54921875 0.045703125 0.053125