12 0.448046875 0.58671875 0.1375 0.0625
10 0.441015625 0.57109375 0.01484375 0.01875
3 0.476171875 0.571875 0.016015625 0.01875
4 0.405078125 0.5703125 0.01484375 0.01953125
2 0.426953125 0.570703125 0.007421875 0.017578125
2 0.462890625 0.57109375 0.007421875 0.016796875
2 0.462109375 0.597265625 0.007421875 0.021875
7 0.494921875 0.572265625 0.01484375 0.01953125
6 0.475390625 0.59765625 0.017578125 0.023828125
2 0.4109375 0.59609375 0.008203125 0.021875
7 0.425390625 0.59609375 0.019140625 0.023828125