6 0.53671875 0.504296875 0.03984375 0.048828125
5 0.45 0.50390625 0.0484375 0.04765625
5 0.580078125 0.50546875 0.041796875 0.04921875
1 0.772265625 0.449609375 0.04765625 0.065625
1 0.230859375 0.50234375 0.043359375 0.05078125
2 0.3734375 0.50625 0.019921875 0.055078125
3 0.693359375 0.447265625 0.03984375 0.059375
1 0.50703125 0.569140625 0.05234375 0.058203125
11 0.6125 0.494921875 0.021484375 0.02890625
11 0.640234375 0.496875 0.032421875 0.02265625
11 0.325390625 0.44453125 0.0390625 0.057421875
11 0.28359375 0.44453125 0.041015625 0.057421875
11 0.239453125 0.44453125 0.041015625 0.05703125
11 0.3671875 0.4453125 0.042578125 0.05546875
11 0.445703125 0.44453125 0.041796875 0.057421875
11 0.491796875 0.44609375 0.0484375 0.05703125
10 0.65078125 0.446484375 0.041796875 0.060546875
9 0.44296875 0.571875 0.05078125 0.0625
8 0.4953125 0.50234375 0.0390625 0.05
8 0.564453125 0.56953125 0.04765625 0.057421875
7 0.4046875 0.50390625 0.041015625 0.05
2 0.404296875 0.571875 0.0234375 0.05859375
0 0.7234375 0.46484375 0.021484375 0.02734375
12 0.509765625 0.51171875 0.666015625 0.209375