10 0.507421875 0.482421875 0.018359375 0.02265625
11 0.47734375 0.4828125 0.006640625 0.015625
11 0.53828125 0.45546875 0.01328125 0.010546875
11 0.4203125 0.43671875 0.017578125 0.01875
11 0.45078125 0.43828125 0.01484375 0.01640625
11 0.4359375 0.4390625 0.01484375 0.016796875
11 0.557421875 0.439453125 0.01328125 0.01640625
11 0.525390625 0.43671875 0.016015625 0.019921875
11 0.540234375 0.43984375 0.0140625 0.015625
11 0.526953125 0.454296875 0.008984375 0.01015625
10 0.464453125 0.482421875 0.017578125 0.02109375
2 0.451953125 0.48203125 0.007421875 0.01953125
4 0.48359375 0.45859375 0.0140625 0.01953125
4 0.489453125 0.482421875 0.016015625 0.02265625
6 0.496484375 0.43671875 0.016796875 0.021875
1 0.51484375 0.45859375 0.01484375 0.01875
3 0.48046875 0.4375 0.016015625 0.02109375
9 0.45078125 0.458203125 0.016796875 0.01875
5 0.466015625 0.458203125 0.016796875 0.017578125
7 0.499609375 0.45859375 0.016015625 0.019921875
12 0.48515625 0.46015625 0.25 0.083203125