11 0.6140625 0.5671875 0.024609375 0.033203125
8 0.520703125 0.58125 0.049609375 0.060546875
10 0.546875 0.663671875 0.0625 0.0734375
7 0.352734375 0.5828125 0.0546875 0.0625
3 0.454296875 0.509375 0.0546875 0.07109375
11 0.713671875 0.51640625 0.0546875 0.0546875
11 0.662109375 0.5171875 0.05078125 0.05390625
11 0.609375 0.5078125 0.0546875 0.072265625
11 0.352734375 0.51875 0.051953125 0.052734375
11 0.3 0.509765625 0.053515625 0.0703125
11 0.247265625 0.511328125 0.051953125 0.07109375
12 0.479296875 0.589453125 0.833203125 0.278125
3 0.40703125 0.58203125 0.053515625 0.064453125
3 0.462109375 0.5828125 0.0546875 0.064453125
3 0.3390625 0.664453125 0.061328125 0.07109375
4 0.5078125 0.5078125 0.051953125 0.0703125
4 0.486328125 0.663671875 0.055859375 0.07109375
2 0.313671875 0.583984375 0.020703125 0.056640625
2 0.58984375 0.58203125 0.0234375 0.05859375
1 0.1375 0.583984375 0.053515625 0.060546875
1 0.399609375 0.66484375 0.059765625 0.072265625
11 0.4421875 0.665625 0.024609375 0.04765625
11 0.646484375 0.5703125 0.040234375 0.02734375