11 0.537109375 0.585546875 0.010546875 0.029296875
11 0.604296875 0.58203125 0.011328125 0.03046875
11 0.594140625 0.58125 0.009375 0.03203125
11 0.58359375 0.577734375 0.011328125 0.041796875
11 0.526953125 0.5859375 0.01015625 0.03046875
11 0.516796875 0.58203125 0.011328125 0.041796875
11 0.592578125 0.61171875 0.007421875 0.015234375
11 0.585546875 0.6109375 0.005078125 0.01953125
11 0.524609375 0.675 0.008203125 0.027734375
11 0.51875 0.666015625 0.00234375 0.009765625
8 0.512890625 0.67421875 0.009375 0.029296875
6 0.574609375 0.666796875 0.01171875 0.041796875
7 0.56796875 0.61953125 0.01015625 0.0359375
10 0.558203125 0.6203125 0.01015625 0.034765625
9 0.54765625 0.621484375 0.01015625 0.034765625
9 0.565625 0.5796875 0.011328125 0.040234375
3 0.53671875 0.621484375 0.010546875 0.0375
3 0.534765625 0.66796875 0.01171875 0.041796875
1 0.496875 0.625 0.011328125 0.0359375
1 0.562109375 0.666796875 0.01328125 0.041796875
2 0.550390625 0.66796875 0.00703125 0.0390625
2 0.55546875 0.579296875 0.009375 0.041796875
4 0.578125 0.61875 0.01015625 0.0375
12 0.56171875 0.625 0.15546875 0.1609375