11 0.4453125 0.530859375 0.012109375 0.014453125
10 0.500390625 0.53359375 0.02890625 0.028125
10 0.5015625 0.50390625 0.024609375 0.02265625
9 0.444921875 0.502734375 0.024609375 0.023046875
2 0.423828125 0.50234375 0.0109375 0.020703125
8 0.475 0.502734375 0.019921875 0.021875
5 0.53125 0.50390625 0.0234375 0.020703125
6 0.46953125 0.53359375 0.0265625 0.028125
12 0.466015625 0.521484375 0.198046875 0.071875
4 0.422265625 0.532421875 0.032421875 0.02890625
4 0.389453125 0.5015625 0.024609375 0.023046875