11 0.603125 0.5015625 0.0125 0.03828125
4 0.596875 0.540625 0.01171875 0.0328125
10 0.58515625 0.541796875 0.01171875 0.034765625
5 0.5734375 0.53984375 0.01171875 0.03125
8 0.56171875 0.53984375 0.01171875 0.03125
3 0.548828125 0.540625 0.01171875 0.0328125
1 0.503125 0.542578125 0.01171875 0.0328125
5 0.581640625 0.503515625 0.0125 0.03828125
11 0.534375 0.589453125 0.009765625 0.0296875
11 0.568359375 0.583203125 0.005859375 0.027734375
11 0.6125 0.533984375 0.009765625 0.015625
11 0.605078125 0.53203125 0.0046875 0.019140625
11 0.62734375 0.50625 0.0125 0.0296875
11 0.61484375 0.50625 0.0109375 0.0296875
9 0.5203125 0.590234375 0.01171875 0.027734375
11 0.54921875 0.50859375 0.0125 0.03125
11 0.5375 0.5078125 0.0109375 0.0328125
11 0.5265625 0.504296875 0.01171875 0.03984375
7 0.59140625 0.582421875 0.01484375 0.03984375
6 0.577734375 0.582421875 0.0125 0.03984375
10 0.55859375 0.583203125 0.013671875 0.03828125
12 0.577734375 0.5453125 0.18671875 0.159765625