12 0.442578125 0.650390625 0.866796875 0.298046875
7 0.78671875 0.56875 0.0765625 0.082421875
7 0.30078125 0.6375 0.053515625 0.07265625
6 0.6765625 0.57265625 0.056640625 0.085546875
6 0.527734375 0.641015625 0.057421875 0.065625
5 0.36171875 0.6359375 0.058203125 0.060546875
5 0.43984375 0.72421875 0.078515625 0.07734375
2 0.5234375 0.72734375 0.053515625 0.079296875
2 0.300390625 0.726953125 0.02578125 0.08125
2 0.566015625 0.569140625 0.05 0.08046875
1 0.61953125 0.56953125 0.054296875 0.080078125
1 0.4703125 0.640234375 0.05078125 0.071875
9 0.348828125 0.723046875 0.066015625 0.082421875
2 0.25703125 0.6421875 0.029296875 0.06796875
4 0.419921875 0.638671875 0.0515625 0.075
0 0.719140625 0.5921875 0.03671875 0.03671875
11 0.087109375 0.55859375 0.05078125 0.07890625
11 0.14140625 0.5625 0.04921875 0.076171875
11 0.194140625 0.562109375 0.053515625 0.07578125
11 0.251953125 0.56171875 0.055859375 0.07421875
11 0.57421875 0.62734375 0.033203125 0.03515625
11 0.610546875 0.630859375 0.0390625 0.03203125