12 0.462890625 0.401953125 0.205078125 0.1375
1 0.44140625 0.3359375 0.020703125 0.013671875
7 0.483203125 0.333984375 0.020703125 0.013671875
6 0.428125 0.3421875 0.0234375 0.01484375
5 0.384375 0.366796875 0.01953125 0.0125
8 0.546875 0.340234375 0.015625 0.01484375
2 0.5078125 0.37421875 0.03125 0.025390625
9 0.542578125 0.365625 0.037890625 0.0203125
5 0.45625 0.4109375 0.03515625 0.029296875
1 0.363671875 0.434375 0.016796875 0.013671875
4 0.358984375 0.40625 0.020703125 0.013671875
4 0.423046875 0.42890625 0.03671875 0.025390625
1 0.369921875 0.3984375 0.01953125 0.013671875
1 0.39375 0.358984375 0.022265625 0.01484375
1 0.479296875 0.39140625 0.0390625 0.02734375
1 0.39609375 0.444921875 0.03515625 0.0265625