12 0.419140625 0.39609375 0.230859375 0.075
2 0.380078125 0.3734375 0.010546875 0.01484375
2 0.4765625 0.375 0.015625 0.015625
2 0.3921875 0.409375 0.010546875 0.017578125
7 0.395703125 0.37421875 0.020703125 0.015625
8 0.415625 0.37421875 0.015625 0.017578125
6 0.433203125 0.374609375 0.019140625 0.01640625
9 0.45390625 0.375 0.019140625 0.017578125
10 0.4078125 0.409765625 0.0171875 0.01875
10 0.4546875 0.409765625 0.020703125 0.01875
3 0.434765625 0.409765625 0.019140625 0.01875
11 0.42109375 0.409765625 0.00859375 0.0125
11 0.457421875 0.388671875 0.00859375 0.009765625
11 0.46953125 0.38984375 0.015625 0.0078125
11 0.371484375 0.38828125 0.010546875 0.00859375
11 0.38203125 0.38828125 0.010546875 0.00859375
11 0.39140625 0.38828125 0.00859375 0.00859375
11 0.401171875 0.38828125 0.010546875 0.00859375
11 0.411328125 0.3890625 0.010546875 0.00859375