2 0.380078125 0.26484375 0.012890625 0.025390625
2 0.39765625 0.26484375 0.008984375 0.025390625
8 0.411328125 0.26328125 0.018359375 0.02421875
10 0.430859375 0.2640625 0.0234375 0.02421875
0 0.42109375 0.27578125 0.008984375 0.00859375
11 0.484375 0.294921875 0.015625 0.015625
11 0.42109375 0.2953125 0.014453125 0.01484375
11 0.45390625 0.271875 0.008984375 0.01484375
11 0.4640625 0.27109375 0.01171875 0.01640625
11 0.474609375 0.271875 0.006640625 0.01640625
11 0.484375 0.271875 0.012890625 0.01640625
11 0.46171875 0.25625 0.008984375 0.0125
11 0.473828125 0.258203125 0.010546875 0.00859375
12 0.41875 0.273828125 0.17578125 0.07890625