11 0.794140625 0.78984375 0.02890625 0.05078125
11 0.82890625 0.796484375 0.034375 0.03984375
11 0.703515625 0.8328125 0.015625 0.0234375
11 0.723828125 0.835546875 0.025390625 0.0203125
11 0.415234375 0.7859375 0.034375 0.052734375
11 0.47890625 0.79296875 0.033203125 0.0390625
0 0.504296875 0.80390625 0.017578125 0.021484375
0 0.6953125 0.805078125 0.01875 0.02265625
2 0.73359375 0.788671875 0.0265625 0.0578125
2 0.51953125 0.8421875 0.014453125 0.04375
2 0.551953125 0.841796875 0.015625 0.046875
2 0.544140625 0.901953125 0.01328125 0.0515625
8 0.578515625 0.84140625 0.02890625 0.04375
8 0.612890625 0.840234375 0.02890625 0.04609375
6 0.63828125 0.78828125 0.033203125 0.05078125
1 0.671484375 0.788671875 0.033203125 0.0515625
7 0.644921875 0.8421875 0.033203125 0.04375
7 0.678125 0.843359375 0.030859375 0.04609375
3 0.620703125 0.9015625 0.0375 0.052734375
9 0.6609375 0.901953125 0.036328125 0.05
9 0.571484375 0.9015625 0.036328125 0.0546875
12 0.62109375 0.847265625 0.51875 0.1984375