12 0.445703125 0.59296875 0.29765625 0.06171875
8 0.56484375 0.57890625 0.014453125 0.01171875
3 0.308984375 0.576953125 0.015625 0.013671875
10 0.46171875 0.588671875 0.034375 0.023828125
9 0.590625 0.609375 0.014453125 0.0125
9 0.420703125 0.589453125 0.030078125 0.02265625
2 0.379296875 0.591796875 0.01875 0.02734375
6 0.541796875 0.596875 0.034375 0.019921875
1 0.500390625 0.58671875 0.030078125 0.025
1 0.340625 0.596484375 0.03671875 0.02421875
1 0.323828125 0.576171875 0.014453125 0.0125
1 0.580078125 0.580078125 0.01328125 0.01484375