12 0.512109375 0.427734375 0.1734375 0.0625
0 0.551171875 0.41875 0.005078125 0.0078125
2 0.53125 0.43984375 0.010546875 0.0203125
2 0.480859375 0.43828125 0.010546875 0.017578125
2 0.4546875 0.437890625 0.00703125 0.01875
2 0.50078125 0.409765625 0.00859375 0.01640625
2 0.5234375 0.410546875 0.00859375 0.01640625
10 0.5625 0.4109375 0.0171875 0.017578125
4 0.550390625 0.439453125 0.020703125 0.01953125
9 0.497265625 0.4390625 0.02265625 0.01875
11 0.4828125 0.42265625 0.010546875 0.009765625
11 0.495703125 0.423828125 0.015625 0.0078125
5 0.5390625 0.41015625 0.019140625 0.015625
5 0.574609375 0.43984375 0.020703125 0.01875