1 0.666796875 0.65625 0.01640625 0.046875
11 0.63046875 0.690625 0.009375 0.019140625
11 0.621484375 0.688671875 0.00703125 0.023046875
12 0.59375 0.696484375 0.20234375 0.195703125
8 0.605859375 0.7484375 0.014453125 0.045703125
4 0.590625 0.749609375 0.01640625 0.0484375
3 0.611328125 0.698828125 0.0125 0.040625
7 0.58671875 0.69453125 0.0125 0.039453125
9 0.59921875 0.696484375 0.01171875 0.03828125
9 0.573046875 0.69453125 0.013671875 0.039453125
5 0.5609375 0.69375 0.01328125 0.035546875
2 0.551171875 0.69375 0.007421875 0.033203125
2 0.559375 0.74765625 0.007421875 0.041796875
1 0.571484375 0.745703125 0.015625 0.045703125
10 0.6453125 0.653125 0.01328125 0.045703125
9 0.63046875 0.65234375 0.01640625 0.04453125
0 0.651953125 0.668359375 0.00859375 0.0203125
11 0.58515625 0.64921875 0.01484375 0.045703125
11 0.57265625 0.64921875 0.013671875 0.043359375
11 0.560546875 0.64921875 0.01484375 0.045703125
11 0.55078125 0.648046875 0.011328125 0.045703125
11 0.53828125 0.646875 0.01328125 0.045703125
11 0.52578125 0.6453125 0.014453125 0.045703125
11 0.513671875 0.644921875 0.013671875 0.046875