11 0.2546875 0.305078125 0.048046875 0.0671875
11 0.42890625 0.446875 0.024609375 0.04609375
11 0.61328125 0.362890625 0.0390625 0.0265625
11 0.580859375 0.359375 0.028515625 0.033203125
11 0.34765625 0.306640625 0.057421875 0.06640625
12 0.458984375 0.37890625 0.766796875 0.26171875
11 0.299609375 0.30625 0.044140625 0.0671875
2 0.578125 0.304296875 0.036328125 0.07109375
11 0.158203125 0.30546875 0.05078125 0.06640625
11 0.20703125 0.305078125 0.049609375 0.0671875
1 0.153125 0.373046875 0.055859375 0.05859375
0 0.712890625 0.32734375 0.02734375 0.03125
7 0.765625 0.3046875 0.0546875 0.06640625
6 0.674609375 0.30703125 0.049609375 0.07109375
1 0.623046875 0.30625 0.048046875 0.0671875
4 0.526171875 0.447265625 0.0546875 0.068359375
3 0.3328125 0.446875 0.061328125 0.06953125
3 0.54609375 0.37109375 0.048046875 0.060546875
3 0.4953125 0.37265625 0.048046875 0.059375
4 0.39765625 0.371484375 0.040234375 0.06171875
7 0.350390625 0.373046875 0.049609375 0.05859375
2 0.48359375 0.446875 0.030078125 0.06171875
2 0.405078125 0.446875 0.0234375 0.06171875
2 0.307421875 0.37265625 0.028515625 0.05390625
1 0.44609375 0.371484375 0.05078125 0.06171875