11 0.26640625 0.44375 0.045703125 0.04375
12 0.466796875 0.50546875 0.709765625 0.23359375
5 0.493359375 0.500390625 0.044140625 0.04765625
5 0.2390625 0.5796875 0.040234375 0.03984375
8 0.39453125 0.56953125 0.049609375 0.056640625
8 0.66015625 0.437890625 0.044140625 0.059375
6 0.57421875 0.4375 0.044140625 0.05859375
6 0.540234375 0.5 0.044140625 0.05078125
6 0.462890625 0.570703125 0.053515625 0.059375
1 0.16796875 0.49921875 0.046875 0.048828125
11 0.2890625 0.578515625 0.036328125 0.0421875
4 0.354296875 0.499609375 0.041796875 0.0515625
11 0.1765625 0.43671875 0.048046875 0.05859375
10 0.448046875 0.499609375 0.044140625 0.0515625
11 0.747265625 0.445703125 0.046875 0.04375
11 0.701171875 0.437890625 0.040234375 0.0578125
11 0.576171875 0.48828125 0.022265625 0.02734375
11 0.604296875 0.490625 0.033984375 0.02265625
0 0.60625 0.45625 0.024609375 0.021484375
0 0.298828125 0.45546875 0.024609375 0.0203125
9 0.517578125 0.5703125 0.053515625 0.05859375
9 0.528515625 0.437890625 0.044140625 0.0578125
2 0.48359375 0.43671875 0.03515625 0.05859375
2 0.41484375 0.5 0.016796875 0.048828125
3 0.305859375 0.5 0.044140625 0.05078125