0 0.523828125 0.356640625 0.0046875 0.0078125
11 0.5515625 0.33125 0.0078125 0.016796875
11 0.560546875 0.3328125 0.0078125 0.01171875
11 0.54609375 0.349609375 0.0078125 0.016796875
11 0.55390625 0.349609375 0.0078125 0.016796875
1 0.51640625 0.342578125 0.013671875 0.028515625
12 0.519921875 0.349609375 0.1515625 0.08203125
11 0.5609375 0.349609375 0.0046875 0.016796875
11 0.56796875 0.3484375 0.00859375 0.01953125
11 0.525 0.377734375 0.0109375 0.015625
11 0.568359375 0.37421875 0.009765625 0.016796875
1 0.53046875 0.341015625 0.013671875 0.028515625