9 0.383984375 0.45234375 0.015625 0.017578125
9 0.43671875 0.475 0.014453125 0.01875
12 0.4171875 0.453515625 0.23828125 0.0828125
11 0.455078125 0.448828125 0.006640625 0.0109375
11 0.46484375 0.45 0.012890625 0.0078125
11 0.32734375 0.43046875 0.016796875 0.021484375
11 0.342578125 0.431640625 0.010546875 0.021484375
11 0.407421875 0.47421875 0.005078125 0.01484375
0 0.493359375 0.4390625 0.0078125 0.00859375
11 0.35625 0.431640625 0.014453125 0.01953125
11 0.3703125 0.431640625 0.014453125 0.01953125
11 0.384765625 0.43125 0.01171875 0.0203125
11 0.39921875 0.43125 0.016796875 0.0203125
1 0.42890625 0.45234375 0.014453125 0.017578125
1 0.444140625 0.452734375 0.012890625 0.01640625
1 0.46796875 0.433203125 0.014453125 0.0203125
1 0.419921875 0.475 0.016796875 0.01875
1 0.396484375 0.475 0.016796875 0.0203125
2 0.384765625 0.474609375 0.00390625 0.017578125
2 0.454296875 0.433203125 0.010546875 0.0203125
3 0.5109375 0.43359375 0.016796875 0.01953125
7 0.483203125 0.43359375 0.012890625 0.017578125
4 0.399609375 0.45234375 0.012890625 0.017578125
4 0.4140625 0.45234375 0.012890625 0.017578125