12 0.311328125 0.46953125 0.365234375 0.13671875
1 0.188671875 0.5046875 0.05390625 0.033203125
8 0.478125 0.40390625 0.02421875 0.01875
7 0.343359375 0.45 0.05390625 0.03125
1 0.448828125 0.417578125 0.048828125 0.03046875
1 0.1390625 0.484375 0.02421875 0.017578125
1 0.163671875 0.44375 0.02421875 0.01875
6 0.233203125 0.483984375 0.0625 0.0359375
5 0.4015625 0.43359375 0.05234375 0.033203125
10 0.290625 0.468359375 0.058984375 0.03203125
5 0.205078125 0.40546875 0.02421875 0.01953125
4 0.14453125 0.45 0.02421875 0.017578125