6 0.450390625 0.48359375 0.010546875 0.0078125
12 0.403125 0.51875 0.180859375 0.080078125
1 0.34296875 0.50234375 0.022265625 0.02421875
1 0.369140625 0.51015625 0.022265625 0.02421875
1 0.46171875 0.484765625 0.008984375 0.0109375
1 0.486328125 0.508203125 0.008984375 0.0109375
8 0.39921875 0.515625 0.022265625 0.025390625
9 0.423046875 0.52421875 0.0234375 0.0234375
9 0.474609375 0.54296875 0.022265625 0.021484375
5 0.45 0.534375 0.024609375 0.0234375
7 0.477734375 0.505859375 0.010546875 0.01171875