1 0.4140625 0.5015625 0.0953125 0.075
11 0.32109375 0.58203125 0.0171875 0.015625
11 0.54609375 0.50078125 0.019140625 0.01953125
11 0.566015625 0.5390625 0.010546875 0.013671875
11 0.58515625 0.535546875 0.02421875 0.00859375
11 0.270703125 0.590625 0.0171875 0.015625
11 0.291796875 0.5875 0.020703125 0.01484375
11 0.308203125 0.585546875 0.00859375 0.01640625
12 0.328125 0.5359375 0.65625 0.2421875
11 0.50859375 0.5078125 0.027734375 0.013671875
11 0.4828125 0.511328125 0.020703125 0.01875
11 0.40546875 0.435546875 0.0296875 0.015625
11 0.38359375 0.437890625 0.0140625 0.0125
11 0.308203125 0.4609375 0.00859375 0.01953125
2 0.2953125 0.461328125 0.0140625 0.03046875
2 0.33671875 0.58125 0.010546875 0.017578125
1 0.511328125 0.54296875 0.0296875 0.0234375
1 0.544140625 0.5375 0.0296875 0.02421875
1 0.32734375 0.45546875 0.0296875 0.0265625
1 0.35859375 0.448828125 0.0328125 0.028125
11 0.53046875 0.50078125 0.012109375 0.01953125