11 0.43046875 0.448828125 0.00859375 0.00859375
4 0.42421875 0.433984375 0.017578125 0.01640625
3 0.464453125 0.433984375 0.017578125 0.01640625
3 0.403515625 0.433984375 0.020703125 0.01640625
6 0.44453125 0.433984375 0.019140625 0.01640625
6 0.435546875 0.4703125 0.026171875 0.0203125
11 0.409375 0.448828125 0.012109375 0.00859375
11 0.503515625 0.44921875 0.015625 0.0078125
4 0.4859375 0.433984375 0.015625 0.01640625
11 0.490625 0.44921875 0.00703125 0.009765625
4 0.50703125 0.433984375 0.019140625 0.01640625
3 0.488671875 0.470703125 0.020703125 0.01953125
2 0.472265625 0.470703125 0.00859375 0.01953125
11 0.3984375 0.4484375 0.010546875 0.009765625
12 0.45234375 0.455078125 0.236328125 0.078125
11 0.420703125 0.448828125 0.010546875 0.00859375
11 0.441015625 0.448828125 0.012109375 0.00859375