11 0.531640625 0.4859375 0.01015625 0.009375
0 0.59765625 0.48125 0.006640625 0.005078125
1 0.609375 0.473828125 0.01875 0.01640625
1 0.58671875 0.4734375 0.019921875 0.015625
7 0.59609375 0.5015625 0.02109375 0.01796875
5 0.572265625 0.5015625 0.022265625 0.016796875
3 0.622265625 0.50234375 0.022265625 0.01796875
10 0.54609375 0.50078125 0.02109375 0.01796875
2 0.52890625 0.50078125 0.008984375 0.016796875
2 0.50390625 0.500390625 0.0078125 0.016796875
11 0.543359375 0.487109375 0.01328125 0.00703125
12 0.56015625 0.48984375 0.166796875 0.05703125