12 0.55625 0.61484375 0.20625 0.075
11 0.59609375 0.594140625 0.01171875 0.0125
11 0.608203125 0.593359375 0.012890625 0.01484375
11 0.586328125 0.60703125 0.005078125 0.00703125
4 0.494921875 0.6390625 0.0078125 0.01484375
4 0.546875 0.5953125 0.010546875 0.01875
2 0.485546875 0.63984375 0.0078125 0.017578125
2 0.526171875 0.63515625 0.005078125 0.01640625
2 0.576953125 0.6328125 0.0078125 0.017578125
2 0.554296875 0.61328125 0.006640625 0.015625
2 0.52734375 0.61484375 0.005078125 0.01484375
2 0.51484375 0.615234375 0.006640625 0.015625
11 0.594140625 0.607421875 0.0078125 0.005859375
7 0.537109375 0.613671875 0.01171875 0.01484375
11 0.5078125 0.638671875 0.012890625 0.013671875
7 0.56328125 0.6125 0.01171875 0.015625
6 0.576953125 0.611328125 0.012890625 0.015625
6 0.557421875 0.63359375 0.015625 0.017578125
1 0.5359375 0.634765625 0.014453125 0.017578125
1 0.559375 0.594140625 0.014453125 0.01875
11 0.496875 0.598046875 0.01171875 0.01875
11 0.509765625 0.59921875 0.01171875 0.01640625
11 0.522265625 0.5984375 0.012890625 0.013671875
11 0.581640625 0.59296875 0.014453125 0.017578125