11 0.213671875 0.473046875 0.0546875 0.07109375
11 0.158984375 0.473046875 0.057421875 0.0734375
11 0.267578125 0.4734375 0.053515625 0.0703125
1 0.151171875 0.5484375 0.057421875 0.06328125
1 0.54375 0.55078125 0.055859375 0.06640625
1 0.60234375 0.5515625 0.055859375 0.064453125
1 0.57421875 0.63671875 0.065234375 0.076171875
2 0.329296875 0.5484375 0.03125 0.06328125
2 0.371875 0.634375 0.032421875 0.06953125
7 0.37578125 0.55 0.055859375 0.064453125
3 0.48515625 0.5515625 0.053515625 0.064453125
8 0.423828125 0.634375 0.05859375 0.0734375
0 0.790234375 0.5015625 0.03125 0.028125
5 0.856640625 0.478515625 0.065234375 0.072265625
11 0.645703125 0.5375 0.026171875 0.0359375
11 0.536328125 0.475 0.044140625 0.06953125
11 0.4796875 0.47578125 0.053515625 0.072265625
11 0.42890625 0.47578125 0.040234375 0.0703125
11 0.37578125 0.473046875 0.053515625 0.0734375
11 0.321484375 0.4734375 0.0546875 0.072265625
12 0.50390625 0.56015625 0.875 0.28984375
4 0.431640625 0.551171875 0.05078125 0.065625
4 0.5078125 0.634375 0.0546875 0.0734375
4 0.74921875 0.476953125 0.048046875 0.0734375
10 0.692578125 0.476953125 0.059765625 0.07109375
11 0.4640625 0.636328125 0.022265625 0.04765625
11 0.680859375 0.54140625 0.044140625 0.028125