12 0.491015625 0.458203125 0.1734375 0.05859375
1 0.50390625 0.47109375 0.0234375 0.01796875
11 0.474609375 0.45625 0.015625 0.007421875
11 0.462890625 0.455078125 0.01015625 0.01015625
0 0.529296875 0.45 0.00546875 0.005078125
5 0.554296875 0.47109375 0.022265625 0.016796875
5 0.518359375 0.441796875 0.01875 0.01484375
3 0.541796875 0.442578125 0.01875 0.01640625
3 0.495703125 0.441796875 0.019921875 0.01640625
8 0.53046875 0.470703125 0.02109375 0.01875
8 0.478515625 0.4703125 0.02109375 0.01796875
2 0.460546875 0.470703125 0.01015625 0.017578125
2 0.435546875 0.4703125 0.0109375 0.01796875
2 0.480078125 0.441796875 0.008984375 0.01640625