12 0.578125 0.46640625 0.305078125 0.097265625
11 0.634375 0.455859375 0.01328125 0.006640625
4 0.553515625 0.465625 0.017578125 0.015625
3 0.604296875 0.48359375 0.019921875 0.01796875
2 0.538671875 0.488671875 0.009375 0.01640625
2 0.51953125 0.468359375 0.010546875 0.015234375
1 0.608984375 0.461328125 0.01875 0.015625
1 0.57109375 0.464453125 0.019921875 0.015234375
1 0.45859375 0.4734375 0.019921875 0.015625
11 0.567578125 0.48671875 0.008203125 0.012890625
11 0.6171875 0.441015625 0.01875 0.0171875
11 0.63515625 0.441796875 0.017578125 0.014453125
11 0.65546875 0.440625 0.017578125 0.013671875
11 0.51328125 0.4515625 0.017578125 0.014453125
11 0.492578125 0.451171875 0.01875 0.01953125
11 0.530078125 0.448046875 0.016015625 0.01953125
5 0.590234375 0.4625 0.01875 0.013671875
11 0.623046875 0.456640625 0.009375 0.008203125
6 0.582421875 0.48515625 0.021484375 0.01875
9 0.553515625 0.487109375 0.02265625 0.01953125
3 0.5640625 0.444921875 0.019921875 0.01953125
10 0.5328125 0.467578125 0.01875 0.01640625
10 0.5828125 0.44375 0.019921875 0.01875