12 0.81171875 0.854296875 0.365234375 0.28828125
11 0.808203125 0.9609375 0.0203125 0.067578125
11 0.87734375 0.8515625 0.01875 0.0296875
11 0.8609375 0.848828125 0.0125 0.03828125
11 0.7859375 0.8578125 0.013671875 0.03828125
11 0.773046875 0.85859375 0.0125 0.036328125
11 0.7578125 0.85859375 0.013671875 0.036328125
11 0.74296875 0.859375 0.015625 0.03828125
11 0.725 0.86015625 0.01484375 0.03984375
8 0.85078125 0.776171875 0.0234375 0.06953125
9 0.762109375 0.785546875 0.0265625 0.07109375
6 0.791015625 0.786328125 0.025390625 0.073046875
10 0.82109375 0.7828125 0.02734375 0.0765625
10 0.879296875 0.777734375 0.02421875 0.073046875
1 0.66953125 0.966015625 0.03046875 0.0609375
2 0.740625 0.78828125 0.01484375 0.06953125