12 0.4890625 0.4921875 0.30078125 0.099609375
4 0.4875 0.51875 0.022265625 0.02734375
4 0.366015625 0.4890625 0.018359375 0.0234375
7 0.5109375 0.51875 0.022265625 0.025390625
7 0.496875 0.4640625 0.022265625 0.025390625
11 0.546875 0.4859375 0.015625 0.0109375
11 0.534375 0.484765625 0.008984375 0.0125
11 0.57109375 0.46796875 0.01953125 0.01953125
11 0.5515625 0.466796875 0.01953125 0.021484375
11 0.53203125 0.464453125 0.01953125 0.0265625
11 0.442578125 0.466796875 0.020703125 0.01953125
11 0.423046875 0.46640625 0.018359375 0.01875
9 0.501171875 0.48984375 0.020703125 0.02265625
2 0.4421875 0.519140625 0.008984375 0.02421875
2 0.485546875 0.490234375 0.010546875 0.021484375
2 0.466796875 0.48984375 0.014453125 0.02265625
5 0.4421875 0.4890625 0.022265625 0.021484375
3 0.458203125 0.51875 0.020703125 0.025390625
3 0.42109375 0.48984375 0.01953125 0.02265625
11 0.404296875 0.46328125 0.01953125 0.0265625
8 0.520703125 0.4890625 0.018359375 0.0234375