11 0.154296875 0.9765625 0.025390625 0.041796875
11 0.1484375 0.940625 0.025390625 0.045703125
11 0.44765625 0.834765625 0.034375 0.012890625
11 0.10078125 0.63203125 0.0390625 0.040234375
11 0.107421875 0.673046875 0.0390625 0.03125
11 0.2765625 0.389453125 0.05078125 0.026171875
11 0.273046875 0.357421875 0.04609375 0.03515625
11 0.290625 0.434765625 0.0359375 0.057421875
11 0.292578125 0.48359375 0.04609375 0.03515625
11 0.378125 0.326953125 0.03125 0.0234375
11 0.376953125 0.291015625 0.025390625 0.040234375
2 0.369140625 0.353515625 0.056640625 0.022265625
5 0.376953125 0.43359375 0.048828125 0.0546875
7 0.38828125 0.497265625 0.0671875 0.0546875
0 0.4015625 0.4015625 0.021484375 0.014453125
12 0.2828125 0.5734375 0.54375 0.850390625
1 0.24765625 0.619921875 0.20234375 0.200390625
9 0.101953125 0.721484375 0.08125 0.059765625
4 0.10859375 0.782421875 0.08203125 0.059765625
1 0.120703125 0.86328125 0.07109375 0.057421875
2 0.12578125 0.903125 0.064453125 0.024609375
2 0.44296875 0.776171875 0.03984375 0.015625
11 0.445703125 0.806640625 0.0359375 0.03515625
11 0.121484375 0.823046875 0.0359375 0.018359375
11 0.452734375 0.862109375 0.03046875 0.0390625
11 0.456640625 0.9015625 0.03203125 0.03515625
11 0.11328125 0.982421875 0.029296875 0.032421875