11 0.44921875 0.608984375 0.01796875 0.01640625
11 0.4671875 0.609375 0.01796875 0.017578125
11 0.487109375 0.609375 0.021875 0.017578125
9 0.559375 0.609765625 0.019921875 0.01875
10 0.578515625 0.609765625 0.01796875 0.01640625
0 0.593359375 0.615625 0.01171875 0.00859375
5 0.51796875 0.646875 0.023828125 0.01640625
1 0.615234375 0.6109375 0.023828125 0.01875
1 0.494140625 0.64765625 0.023828125 0.017578125
2 0.376953125 0.626953125 0.0078125 0.015625
2 0.43359375 0.62734375 0.009765625 0.01484375
3 0.468359375 0.626953125 0.019921875 0.015625
3 0.440625 0.646875 0.023828125 0.01875
3 0.526953125 0.626953125 0.01796875 0.015625
4 0.465234375 0.646875 0.021875 0.01875
6 0.48828125 0.626953125 0.019921875 0.015625
6 0.4484375 0.6265625 0.019921875 0.01484375
7 0.5078125 0.626953125 0.019921875 0.015625
11 0.542578125 0.624609375 0.009765625 0.00859375
11 0.5546875 0.625390625 0.0140625 0.00703125
11 0.375 0.608984375 0.019921875 0.01640625
11 0.394921875 0.608984375 0.019921875 0.01640625
11 0.413671875 0.60859375 0.01796875 0.017578125
11 0.431640625 0.608984375 0.01796875 0.01640625
12 0.49609375 0.628515625 0.3015625 0.06953125