3 0.424609375 0.528125 0.017578125 0.02109375
3 0.462890625 0.528125 0.017578125 0.02109375
3 0.479296875 0.503515625 0.018359375 0.02421875
4 0.37265625 0.52734375 0.016796875 0.02109375
5 0.44375 0.528125 0.017578125 0.019921875
7 0.480859375 0.52734375 0.016796875 0.02109375
7 0.5 0.526953125 0.016796875 0.02109375
10 0.518359375 0.52734375 0.016796875 0.02109375
11 0.473828125 0.555859375 0.005859375 0.01796875
11 0.566015625 0.50546875 0.018359375 0.017578125
11 0.547265625 0.505078125 0.017578125 0.017578125
11 0.5296875 0.502734375 0.017578125 0.023046875
11 0.44453125 0.50546875 0.019140625 0.017578125
11 0.4078125 0.503125 0.017578125 0.02265625
12 0.4890625 0.53046875 0.281640625 0.089453125
2 0.4453125 0.55546875 0.007421875 0.02265625
1 0.49609375 0.50234375 0.017578125 0.023828125
1 0.48828125 0.55546875 0.019921875 0.02421875
9 0.508984375 0.5546875 0.021484375 0.02421875
3 0.459765625 0.55546875 0.017578125 0.02421875
11 0.53125 0.52265625 0.007421875 0.011328125
11 0.542578125 0.523828125 0.01484375 0.00859375
11 0.4265625 0.505859375 0.016796875 0.01796875