11 0.70703125 0.533984375 0.008984375 0.02421875
3 0.655859375 0.60703125 0.01875 0.054296875
6 0.68515625 0.60546875 0.0203125 0.053125
8 0.70703125 0.60234375 0.018359375 0.051953125
11 0.71875 0.537109375 0.012890625 0.018359375
11 0.6703125 0.605859375 0.00703125 0.0359375
11 0.65703125 0.538671875 0.008984375 0.02421875
11 0.647265625 0.538671875 0.01171875 0.02421875
11 0.6375 0.53984375 0.010546875 0.021875
11 0.62734375 0.53984375 0.0125 0.021875
11 0.61640625 0.541015625 0.009765625 0.021875
12 0.675 0.562109375 0.239453125 0.260546875
2 0.725 0.48828125 0.005859375 0.041796875
2 0.625390625 0.494921875 0.005859375 0.040625
2 0.684375 0.490625 0.005859375 0.041796875
2 0.7046875 0.489453125 0.005859375 0.041796875
9 0.639453125 0.49375 0.016796875 0.0453125
10 0.659375 0.492578125 0.016796875 0.0453125
3 0.634765625 0.609375 0.01953125 0.054296875