6 0.4671875 0.400390625 0.0796875 0.06640625
11 0.1625 0.327734375 0.078125 0.07734375
11 0.234375 0.335546875 0.0765625 0.0578125
11 0.309765625 0.330078125 0.074609375 0.06640625
11 0.671875 0.321875 0.0796875 0.07734375
11 0.744921875 0.330078125 0.073046875 0.056640625
11 0.81953125 0.32890625 0.0765625 0.056640625
11 0.6796875 0.38359375 0.03984375 0.03515625
11 0.725 0.386328125 0.0609375 0.028125
11 0.43671875 0.48671875 0.0328125 0.0515625
2 0.565234375 0.4 0.036328125 0.06171875
2 0.254296875 0.402734375 0.0328125 0.06171875
2 0.40625 0.48671875 0.034765625 0.0671875
3 0.496484375 0.484765625 0.090234375 0.0734375
3 0.584375 0.48515625 0.0921875 0.07421875
3 0.290625 0.487890625 0.088671875 0.075
3 0.387109375 0.40078125 0.0765625 0.0671875
3 0.4515625 0.323828125 0.0796875 0.075
7 0.527734375 0.323828125 0.0765625 0.0734375
7 0.309765625 0.401953125 0.078125 0.0671875
4 0.62421875 0.398828125 0.074609375 0.065625
12 0.5015625 0.40703125 0.99296875 0.291015625