1 0.60234375 0.606640625 0.033203125 0.034375
2 0.646484375 0.54296875 0.01796875 0.02890625
2 0.68515625 0.54453125 0.02109375 0.02890625
7 0.603515625 0.54296875 0.02890625 0.026953125
7 0.533984375 0.540625 0.03203125 0.02734375
1 0.553515625 0.605078125 0.033203125 0.032421875
5 0.641796875 0.60703125 0.041015625 0.032421875
3 0.516796875 0.604296875 0.035546875 0.032421875
1 0.419921875 0.601953125 0.035546875 0.02890625
12 0.591015625 0.58046875 0.393359375 0.13203125
9 0.56953125 0.54296875 0.03203125 0.029296875
11 0.66875 0.5703125 0.0265625 0.01171875
11 0.647265625 0.56953125 0.016796875 0.01640625
11 0.4890625 0.56484375 0.019921875 0.01640625
11 0.509375 0.565234375 0.016796875 0.014453125
11 0.5265625 0.566015625 0.015625 0.01328125
11 0.543359375 0.56796875 0.015625 0.015625
11 0.56015625 0.5671875 0.015625 0.015625