12 0.520703125 0.440625 0.316015625 0.078125
11 0.502734375 0.4625 0.006640625 0.01796875
11 0.5796875 0.4359375 0.01328125 0.007421875
11 0.56875 0.435546875 0.008203125 0.009765625
8 0.554296875 0.4375 0.016015625 0.01640625
2 0.550390625 0.4625 0.010546875 0.02109375
2 0.455078125 0.438671875 0.010546875 0.0171875
2 0.47109375 0.46171875 0.008203125 0.01796875
3 0.490625 0.4390625 0.019921875 0.01953125
5 0.510546875 0.4390625 0.019921875 0.01640625
5 0.519921875 0.461328125 0.02265625 0.01875
10 0.470703125 0.438671875 0.017578125 0.0171875
10 0.53203125 0.4390625 0.017578125 0.01796875
7 0.4859375 0.462109375 0.01875 0.01875