12 0.589453125 0.42890625 0.565625 0.16015625
11 0.371484375 0.429296875 0.025390625 0.023828125
11 0.396484375 0.42890625 0.024609375 0.020703125
11 0.4140625 0.428515625 0.012109375 0.021875
11 0.433984375 0.428125 0.027734375 0.02265625
11 0.69375 0.424609375 0.02109375 0.021875
11 0.724609375 0.426171875 0.03984375 0.01875
0 0.702734375 0.40234375 0.016796875 0.01015625
2 0.643359375 0.390625 0.019921875 0.03515625
2 0.59609375 0.39140625 0.01875 0.03515625
2 0.53203125 0.48046875 0.019921875 0.041796875
1 0.637109375 0.478515625 0.05234375 0.045703125
1 0.38203125 0.482421875 0.051171875 0.04140625
5 0.728515625 0.388671875 0.04765625 0.03359375
6 0.691015625 0.47734375 0.051171875 0.045703125
9 0.67734375 0.38984375 0.045703125 0.039453125
10 0.56796875 0.479296875 0.053515625 0.04609375