6 0.083984375 0.24765625 0.06484375 0.07421875
3 0.16875 0.237109375 0.0609375 0.073046875
9 0.23671875 0.22890625 0.06484375 0.07421875
11 0.126953125 0.24921875 0.017578125 0.039453125
11 0.291796875 0.23671875 0.033203125 0.03828125
11 0.332421875 0.231640625 0.043359375 0.040625
11 0.4703125 0.429296875 0.041015625 0.051171875
11 0.525390625 0.4296875 0.0625 0.041796875
11 0.57109375 0.41796875 0.030859375 0.051953125
11 0.60703125 0.414453125 0.0390625 0.048828125
1 0.330078125 0.382421875 0.21328125 0.21015625
1 0.515234375 0.52578125 0.058984375 0.06875
1 0.5859375 0.516015625 0.056640625 0.066796875
0 0.54921875 0.547265625 0.01171875 0.015625
11 0.63203125 0.525390625 0.02578125 0.033203125
11 0.66953125 0.523828125 0.04765625 0.02890625
11 0.012109375 0.604296875 0.02421875 0.03125
11 0.048046875 0.60078125 0.041015625 0.03125
12 0.416015625 0.4 0.831640625 0.60234375