12 0.50390625 0.508984375 0.1859375 0.06328125
1 0.55390625 0.49140625 0.0125 0.017578125
11 0.5765625 0.49296875 0.01171875 0.013671875
11 0.531640625 0.505078125 0.006640625 0.00859375
11 0.5390625 0.50546875 0.008203125 0.008203125
11 0.456640625 0.52734375 0.01015625 0.01328125
2 0.47421875 0.52578125 0.005078125 0.01640625
2 0.506640625 0.525390625 0.005078125 0.015625
2 0.5015625 0.50703125 0.005078125 0.014453125
5 0.443359375 0.52734375 0.01015625 0.0125
0 0.458984375 0.494921875 0.006640625 0.00625
0 0.539453125 0.495703125 0.005859375 0.007421875
1 0.53125 0.491015625 0.0125 0.016796875
1 0.483203125 0.525390625 0.01328125 0.01796875
3 0.4609375 0.506640625 0.01171875 0.015625
4 0.473828125 0.50703125 0.0109375 0.01484375
4 0.523046875 0.50703125 0.0109375 0.015625
10 0.510546875 0.50703125 0.0125 0.01484375
8 0.48671875 0.50703125 0.01015625 0.01484375
7 0.516015625 0.525390625 0.01328125 0.016796875
11 0.42890625 0.48984375 0.0125 0.017578125
11 0.45078125 0.492578125 0.01171875 0.013671875
11 0.564453125 0.491015625 0.0109375 0.01796875