12 0.4078125 0.57578125 0.364453125 0.1203125
6 0.46015625 0.54296875 0.027734375 0.02734375
7 0.49140625 0.542578125 0.027734375 0.0265625
7 0.4296875 0.54296875 0.0328125 0.02734375
5 0.46953125 0.598046875 0.036328125 0.028125
11 0.490625 0.566015625 0.02265625 0.0125
11 0.46953125 0.564453125 0.019140625 0.015625
11 0.31171875 0.56796875 0.015625 0.01484375
11 0.286328125 0.56875 0.0171875 0.01484375
11 0.299609375 0.56875 0.00859375 0.01484375
11 0.269140625 0.56875 0.0171875 0.01484375
1 0.393359375 0.59921875 0.0328125 0.03203125
3 0.433203125 0.5984375 0.0328125 0.03125
3 0.35859375 0.599609375 0.0328125 0.03125
0 0.475 0.55234375 0.005078125 0.00703125