7 0.554296875 0.570703125 0.02890625 0.058203125
12 0.630859375 0.580078125 0.47578125 0.2765625
11 0.703515625 0.49921875 0.029296875 0.06484375
11 0.732421875 0.508203125 0.02890625 0.0484375
11 0.76171875 0.50859375 0.028125 0.04921875
11 0.70390625 0.55859375 0.013671875 0.029296875
11 0.721484375 0.562109375 0.021875 0.02265625
11 0.60234375 0.652734375 0.01328125 0.044140625
2 0.61484375 0.49765625 0.01796875 0.066796875
2 0.5953125 0.571484375 0.010546875 0.053515625
2 0.5328125 0.5703125 0.009375 0.05234375
2 0.58984375 0.653515625 0.01171875 0.06015625
2 0.63671875 0.653515625 0.01171875 0.06015625
7 0.660546875 0.653515625 0.032421875 0.066796875
2 0.4421875 0.56953125 0.010546875 0.05234375
1 0.617578125 0.570703125 0.02890625 0.058203125
7 0.64453125 0.498046875 0.030078125 0.066015625
3 0.543359375 0.651953125 0.033203125 0.066015625
11 0.55703125 0.50078125 0.026171875 0.056640625
11 0.5265625 0.505078125 0.026953125 0.0484375
11 0.49765625 0.4953125 0.028125 0.0640625
10 0.6484375 0.571484375 0.029296875 0.058203125
9 0.679296875 0.573046875 0.03125 0.057421875