12 0.4890625 0.459765625 0.24375 0.078125
3 0.51015625 0.473828125 0.01875 0.019921875
11 0.485546875 0.45234375 0.01015625 0.00859375
11 0.475 0.452734375 0.008984375 0.008203125
11 0.44375 0.451953125 0.008984375 0.00859375
11 0.45546875 0.45234375 0.012109375 0.009375
11 0.466015625 0.451953125 0.008984375 0.00859375
11 0.535546875 0.452734375 0.0078125 0.008203125
11 0.5484375 0.45390625 0.015625 0.00703125
1 0.53125 0.47421875 0.02109375 0.01875
1 0.48125 0.47421875 0.01875 0.01796875
1 0.405078125 0.4734375 0.01796875 0.016796875
2 0.466796875 0.47421875 0.0078125 0.016796875
2 0.55625 0.4390625 0.008984375 0.016796875
2 0.514453125 0.438671875 0.0078125 0.01640625
3 0.45 0.437890625 0.016796875 0.016796875
4 0.470703125 0.43828125 0.01796875 0.01640625
7 0.489453125 0.43828125 0.01796875 0.01640625
7 0.529296875 0.438671875 0.01796875 0.01484375