11 0.553125 0.469140625 0.012890625 0.01640625
12 0.50625 0.4890625 0.334765625 0.068359375
11 0.39296875 0.47265625 0.019140625 0.01171875
1 0.615625 0.4703125 0.0234375 0.01640625
1 0.63671875 0.469140625 0.019140625 0.01640625
2 0.5953125 0.469140625 0.012890625 0.01640625
2 0.513671875 0.469140625 0.01484375 0.01640625
2 0.45546875 0.5078125 0.00859375 0.015625
2 0.391015625 0.509765625 0.00625 0.01171875
5 0.402734375 0.509765625 0.016796875 0.01171875
4 0.472265625 0.507421875 0.02109375 0.01640625
4 0.519140625 0.487890625 0.02109375 0.01484375
3 0.453515625 0.487890625 0.02109375 0.01484375
5 0.50546875 0.50703125 0.0234375 0.015625
11 0.42578125 0.509765625 0.016796875 0.01171875
11 0.555078125 0.483984375 0.00859375 0.00859375
11 0.56875 0.484765625 0.019140625 0.00703125
11 0.576171875 0.472265625 0.02109375 0.0125
11 0.373046875 0.4703125 0.02109375 0.01640625
11 0.4140625 0.4703125 0.019140625 0.01640625
6 0.474609375 0.487890625 0.02109375 0.01484375
8 0.498828125 0.4875 0.019140625 0.013671875
8 0.531640625 0.50703125 0.02109375 0.015625
7 0.5390625 0.4875 0.019140625 0.013671875
9 0.4734375 0.46953125 0.019140625 0.015625
0 0.489453125 0.474609375 0.012890625 0.005859375