2 0.332421875 0.51640625 0.0109375 0.074609375
12 0.484375 0.584375 0.42578125 0.3109375
2 0.608984375 0.668359375 0.0125 0.08671875
1 0.636328125 0.668359375 0.03203125 0.090234375
1 0.5796875 0.518359375 0.03203125 0.088671875
7 0.351953125 0.515625 0.02421875 0.0765625
6 0.379296875 0.5171875 0.02421875 0.0765625
6 0.43359375 0.519140625 0.0234375 0.0765625
6 0.6234375 0.520703125 0.03046875 0.08671875
8 0.40859375 0.518359375 0.0203125 0.078125
3 0.542578125 0.51640625 0.034375 0.088671875
5 0.6609375 0.521875 0.03125 0.088671875
11 0.3421875 0.578125 0.01484375 0.041796875
11 0.36015625 0.578125 0.021484375 0.03828125
11 0.66796875 0.644140625 0.01171875 0.034765625
11 0.6015625 0.519921875 0.009765625 0.046875