6 0.557421875 0.4921875 0.0296875 0.0234375
2 0.490234375 0.491796875 0.01796875 0.01875
2 0.5078125 0.512109375 0.013671875 0.01875
1 0.51875 0.4921875 0.031640625 0.021484375
1 0.6 0.5125 0.023828125 0.015625
12 0.538671875 0.500390625 0.201953125 0.05
6 0.59609375 0.492578125 0.031640625 0.02265625
0 0.575390625 0.50078125 0.009765625 0.0078125
3 0.47734375 0.5109375 0.023828125 0.017578125
9 0.52578125 0.51171875 0.021875 0.017578125
10 0.5515625 0.512109375 0.01796875 0.01640625
9 0.576171875 0.5125 0.023828125 0.015625