1 0.60234375 0.394140625 0.0234375 0.02109375
0 0.57890625 0.40078125 0.01015625 0.00859375
2 0.47265625 0.419140625 0.0109375 0.016796875
2 0.4921875 0.44140625 0.016796875 0.01953125
2 0.512109375 0.441015625 0.014453125 0.01875
11 0.5234375 0.440625 0.0078125 0.01328125
12 0.537109375 0.419140625 0.31796875 0.088671875
11 0.585546875 0.41171875 0.01015625 0.010546875
11 0.598046875 0.412890625 0.014453125 0.00859375
1 0.562109375 0.395703125 0.02109375 0.020703125
1 0.562890625 0.439453125 0.024609375 0.020703125
11 0.409375 0.40078125 0.024609375 0.02109375
11 0.446484375 0.401953125 0.02109375 0.01640625
11 0.637890625 0.39375 0.0234375 0.020703125
11 0.66171875 0.394921875 0.022265625 0.016796875
4 0.530078125 0.417578125 0.02109375 0.01796875
6 0.55 0.4171875 0.01875 0.017578125
9 0.57109375 0.416015625 0.01875 0.01796875
10 0.4890625 0.41875 0.01875 0.01796875
3 0.509375 0.41796875 0.019921875 0.01953125
3 0.539453125 0.43984375 0.022265625 0.020703125
0 0.463671875 0.405078125 0.01328125 0.01015625