2 0.489453125 0.49765625 0.012890625 0.01875
12 0.509765625 0.509375 0.149609375 0.06953125
11 0.50703125 0.519921875 0.008984375 0.01640625
4 0.471484375 0.498046875 0.015625 0.021484375
2 0.47578125 0.521875 0.008984375 0.02265625
2 0.5421875 0.496484375 0.01171875 0.0203125
8 0.505859375 0.496875 0.014453125 0.01953125
8 0.52265625 0.49609375 0.014453125 0.01953125
6 0.5203125 0.521875 0.016796875 0.0265625
3 0.5390625 0.521875 0.020703125 0.0265625
6 0.4921875 0.521484375 0.018359375 0.025390625
9 0.557421875 0.496875 0.015625 0.021484375