12 0.57109375 0.523046875 0.557421875 0.19453125
2 0.501171875 0.523046875 0.012890625 0.034375
2 0.465234375 0.523046875 0.01171875 0.034375
2 0.53515625 0.57578125 0.012890625 0.03984375
4 0.40546875 0.584375 0.024609375 0.03046875
1 0.5765625 0.57421875 0.037890625 0.04296875
3 0.556640625 0.47265625 0.0328125 0.04296875
3 0.48046875 0.57578125 0.0390625 0.04375
3 0.617578125 0.5734375 0.03671875 0.04296875
2 0.384375 0.584375 0.01171875 0.028125
11 0.691796875 0.4765625 0.03125 0.03125
11 0.724609375 0.476171875 0.033984375 0.03203125
4 0.35 0.523828125 0.03125 0.0359375
11 0.6578125 0.47109375 0.033984375 0.04375
11 0.489453125 0.4765625 0.033984375 0.037109375
11 0.45546875 0.480859375 0.03125 0.03203125
11 0.42109375 0.47578125 0.0328125 0.04296875
11 0.660546875 0.51015625 0.015625 0.01875
11 0.680859375 0.5125 0.024609375 0.015625
11 0.442578125 0.583984375 0.026171875 0.03125
8 0.5640625 0.5203125 0.02890625 0.037109375
8 0.6 0.519921875 0.030078125 0.0359375
7 0.633984375 0.51953125 0.0328125 0.037109375
6 0.590234375 0.47265625 0.03125 0.04296875
6 0.526171875 0.521875 0.033984375 0.03828125