4 0.6640625 0.610546875 0.017578125 0.033984375
9 0.675 0.681640625 0.017578125 0.03515625
4 0.659375 0.681640625 0.013671875 0.03515625
5 0.68125 0.64375 0.01484375 0.030078125
7 0.667578125 0.64453125 0.01484375 0.03125
3 0.653125 0.64453125 0.013671875 0.03125
1 0.63984375 0.64453125 0.013671875 0.03125
10 0.637109375 0.680859375 0.01484375 0.033984375
10 0.625390625 0.64375 0.01484375 0.030078125
2 0.6265625 0.681640625 0.00703125 0.032421875
2 0.615234375 0.64375 0.0078125 0.02734375
1 0.57109375 0.643359375 0.015625 0.03125
11 0.648828125 0.680859375 0.00703125 0.0234375
11 0.7 0.638671875 0.01171875 0.014453125
11 0.691015625 0.6375 0.00703125 0.016796875
11 0.716796875 0.615234375 0.015625 0.02734375
11 0.703125 0.614453125 0.013671875 0.028515625
11 0.6890625 0.610546875 0.01484375 0.033984375
11 0.6265625 0.6125 0.01484375 0.030078125
11 0.6125 0.614453125 0.013671875 0.026171875
11 0.59765625 0.611328125 0.015625 0.03515625
12 0.66015625 0.647265625 0.216796875 0.1328125