5 0.58203125 0.32109375 0.037890625 0.029296875
5 0.53671875 0.3375 0.0421875 0.03359375
4 0.4234375 0.31640625 0.019921875 0.01796875
1 0.709375 0.27890625 0.016796875 0.016796875
1 0.4890625 0.27734375 0.019921875 0.014453125
1 0.416015625 0.34453125 0.01875 0.01484375
1 0.439453125 0.31171875 0.0234375 0.017578125
1 0.451171875 0.3640625 0.0421875 0.028125
2 0.676171875 0.315234375 0.034375 0.03046875
12 0.564453125 0.332421875 0.308984375 0.11484375
9 0.622265625 0.31171875 0.048828125 0.03046875
8 0.69296875 0.283984375 0.02109375 0.016796875
8 0.485546875 0.348046875 0.04453125 0.030078125
5 0.47265625 0.281640625 0.01875 0.015625