9 0.46640625 0.51953125 0.030078125 0.015625
10 0.43125 0.51953125 0.032421875 0.01875
10 0.40078125 0.52734375 0.03125 0.01875
12 0.385546875 0.53515625 0.211328125 0.063671875
4 0.29140625 0.528125 0.01484375 0.00859375
5 0.321875 0.50703125 0.011328125 0.007421875
3 0.345703125 0.543359375 0.036328125 0.016796875
1 0.333203125 0.50390625 0.013671875 0.008203125
1 0.315625 0.551953125 0.03359375 0.017578125
1 0.301953125 0.52421875 0.01875 0.01015625
1 0.2875 0.54375 0.01484375 0.00859375
8 0.47109375 0.50703125 0.0125 0.01015625
8 0.369921875 0.534765625 0.030078125 0.016796875