7 0.431640625 0.49453125 0.02109375 0.01953125
1 0.477734375 0.5359375 0.0265625 0.023046875
10 0.50390625 0.53671875 0.025390625 0.023046875
11 0.43984375 0.5109375 0.0109375 0.01171875
11 0.429296875 0.510546875 0.01015625 0.0125
12 0.464453125 0.516015625 0.27109375 0.084375
11 0.50546875 0.51171875 0.01328125 0.011328125
11 0.45 0.5109375 0.0109375 0.01171875
11 0.40234375 0.511328125 0.015625 0.0125
11 0.416796875 0.5109375 0.01328125 0.01171875
11 0.519921875 0.5125 0.015625 0.00859375
1 0.358984375 0.53515625 0.024609375 0.02265625
8 0.525 0.49453125 0.02109375 0.01953125
4 0.501171875 0.494921875 0.022265625 0.02109375
6 0.47734375 0.49453125 0.02109375 0.019921875
9 0.454296875 0.49453125 0.022265625 0.020703125
1 0.444921875 0.53515625 0.02109375 0.023046875
2 0.42734375 0.534765625 0.01015625 0.021875