6 0.5078125 0.65703125 0.046875 0.052734375
1 0.60703125 0.655859375 0.046875 0.05390625
9 0.657421875 0.65546875 0.045703125 0.052734375
9 0.632421875 0.73046875 0.053515625 0.060546875
5 0.577734375 0.732421875 0.05078125 0.056640625
11 0.3640625 0.593359375 0.049609375 0.06171875
4 0.5984375 0.58984375 0.045703125 0.060546875
12 0.5765625 0.66328125 0.75859375 0.26171875
11 0.391796875 0.74296875 0.03671875 0.04296875
11 0.780859375 0.595703125 0.04453125 0.044921875
11 0.735546875 0.59453125 0.045703125 0.044921875
1 0.501953125 0.7328125 0.053515625 0.06328125
6 0.557421875 0.656640625 0.04453125 0.05390625
2 0.462109375 0.733984375 0.020703125 0.059375
3 0.55078125 0.58984375 0.046875 0.060546875
11 0.689453125 0.58828125 0.046875 0.059375
11 0.459375 0.59921875 0.04453125 0.04609375
11 0.41171875 0.5921875 0.045703125 0.059375
2 0.350390625 0.7453125 0.014453125 0.041015625
2 0.311328125 0.74609375 0.016796875 0.041015625
2 0.473828125 0.65859375 0.018359375 0.05
2 0.42421875 0.65859375 0.018359375 0.05
11 0.53984375 0.73203125 0.01953125 0.03984375
11 0.72265625 0.64453125 0.03515625 0.021484375
11 0.693359375 0.6421875 0.0234375 0.0265625