2 0.71875 0.435546875 0.01171875 0.053515625
5 0.677734375 0.4328125 0.03125 0.055859375
11 0.521484375 0.346875 0.03125 0.069140625
11 0.553125 0.34765625 0.028125 0.0703125
11 0.5828125 0.35859375 0.029296875 0.05078125
11 0.737890625 0.356640625 0.034375 0.0703125
11 0.7671875 0.368359375 0.03046875 0.049609375
11 0.796875 0.368359375 0.029296875 0.049609375
11 0.734375 0.420703125 0.013671875 0.03125
11 0.753125 0.424609375 0.021484375 0.0234375
3 0.644921875 0.352734375 0.03203125 0.0703125
4 0.6765625 0.353515625 0.033203125 0.069140625
4 0.6453125 0.431640625 0.029296875 0.05859375
4 0.651953125 0.51640625 0.034375 0.069140625
2 0.55703125 0.42890625 0.0109375 0.053515625
2 0.57734375 0.515625 0.01171875 0.059765625
6 0.580078125 0.428515625 0.02734375 0.057421875
10 0.612890625 0.42890625 0.03046875 0.05859375
1 0.60234375 0.514453125 0.03515625 0.065234375
9 0.687109375 0.517578125 0.0359375 0.06640625
12 0.6671875 0.430859375 0.513671875 0.309765625