12 0.801953125 0.51875 0.25 0.244140625
3 0.790234375 0.56640625 0.020703125 0.0375
2 0.757421875 0.54609375 0.013671875 0.02734375
10 0.7671875 0.5390625 0.021875 0.031640625
2 0.783984375 0.527734375 0.014453125 0.02578125
2 0.81171875 0.5109375 0.01171875 0.025
5 0.793359375 0.519140625 0.021875 0.0265625
3 0.775390625 0.576171875 0.021875 0.0359375
11 0.8015625 0.558984375 0.010546875 0.0234375
1 0.81171875 0.551953125 0.02421875 0.0359375
8 0.828125 0.5390625 0.025 0.030078125
3 0.8203125 0.50390625 0.01796875 0.032421875
11 0.827734375 0.492578125 0.009375 0.01484375
11 0.837109375 0.487890625 0.015625 0.016015625