6 0.365234375 0.69375 0.021484375 0.0609375
6 0.316015625 0.709375 0.02265625 0.0640625
6 0.3265625 0.846484375 0.02421875 0.074609375
2 0.298828125 0.7125 0.01171875 0.057421875
10 0.340234375 0.70234375 0.02265625 0.0609375
3 0.26328125 0.86640625 0.02421875 0.0765625
4 0.29140625 0.859375 0.02421875 0.073046875
5 0.353515625 0.8359375 0.025390625 0.0640625
0 0.353125 0.7203125 0.00703125 0.0140625
11 0.3515625 0.753515625 0.01171875 0.034765625
12 0.30234375 0.8109375 0.309375 0.375
11 0.215234375 0.79609375 0.0125 0.036328125
11 0.205078125 0.79609375 0.005859375 0.0328125
11 0.195703125 0.800390625 0.01484375 0.03125
11 0.18125 0.80390625 0.0125 0.034765625
11 0.309375 0.85234375 0.009765625 0.051953125
11 0.365625 0.753515625 0.01640625 0.02421875