11 0.468359375 0.972265625 0.01328125 0.016015625
11 0.45703125 0.96953125 0.008984375 0.018359375
11 0.328125 0.93515625 0.019921875 0.039453125
12 0.4078125 0.950390625 0.29921875 0.096484375
2 0.3515625 0.976171875 0.015625 0.037109375
11 0.36484375 0.94140625 0.01796875 0.03046875
11 0.45546875 0.9359375 0.01875 0.041015625
11 0.473828125 0.941796875 0.015625 0.02890625
11 0.49375 0.942578125 0.015625 0.03046875
5 0.4234375 0.977734375 0.01875 0.034375
7 0.403125 0.976953125 0.01875 0.035546875
9 0.384375 0.977734375 0.016796875 0.037109375
8 0.44375 0.976171875 0.015625 0.037109375
8 0.41953125 0.9359375 0.01796875 0.04375
3 0.4015625 0.93515625 0.01796875 0.0421875
2 0.369921875 0.978125 0.01015625 0.033203125
11 0.34609375 0.940625 0.01796875 0.02890625