12 0.61015625 0.560546875 0.1875 0.104296875
6 0.584765625 0.539453125 0.010546875 0.030859375
5 0.57265625 0.53984375 0.011328125 0.028515625
4 0.56171875 0.540234375 0.009375 0.029296875
1 0.54921875 0.540234375 0.011328125 0.029296875
2 0.541015625 0.542578125 0.00546875 0.028515625
2 0.63828125 0.532421875 0.007421875 0.031640625
1 0.65078125 0.532421875 0.015625 0.03671875
6 0.669921875 0.53125 0.01640625 0.0375
4 0.68828125 0.530078125 0.013671875 0.03515625
10 0.6796875 0.581640625 0.015625 0.03515625
11 0.55390625 0.56328125 0.009375 0.018359375
11 0.547265625 0.563671875 0.00703125 0.019140625