4 0.35625 0.6125 0.04296875 0.060546875
7 0.529296875 0.554296875 0.045703125 0.06328125
4 0.450390625 0.615625 0.041796875 0.06171875
11 0.29296875 0.6921875 0.044140625 0.048828125
11 0.700390625 0.556640625 0.0390625 0.064453125
11 0.75 0.564453125 0.051953125 0.056640625
11 0.580078125 0.6046875 0.024609375 0.033203125
11 0.610546875 0.60703125 0.036328125 0.028125
11 0.428515625 0.68515625 0.018359375 0.0515625
11 0.1796875 0.548828125 0.051953125 0.064453125
11 0.268359375 0.55859375 0.046875 0.05078125
0 0.30546875 0.5671875 0.02734375 0.029296875
12 0.46796875 0.613671875 0.719921875 0.24140625
5 0.46484375 0.6859375 0.051953125 0.06171875
6 0.5203125 0.68515625 0.055859375 0.065625
6 0.657421875 0.5546875 0.046875 0.064453125
2 0.25078125 0.69453125 0.01953125 0.048828125
2 0.48515625 0.553125 0.040234375 0.0671875
2 0.553515625 0.61796875 0.0234375 0.0546875
0 0.61015625 0.571875 0.02734375 0.0359375
9 0.388671875 0.684375 0.05859375 0.068359375
1 0.17265625 0.61171875 0.05078125 0.0578125
1 0.497265625 0.6171875 0.049609375 0.05859375
3 0.3078125 0.612890625 0.048046875 0.0578125
3 0.403125 0.61484375 0.04296875 0.06171875
4 0.57734375 0.55390625 0.05078125 0.06640625