10 0.5265625 0.54140625 0.04296875 0.0421875
1 0.446484375 0.430078125 0.166796875 0.128125
11 0.4921875 0.32421875 0.03125 0.021484375
11 0.46484375 0.322265625 0.0234375 0.025390625
11 0.362109375 0.328125 0.012890625 0.0234375
11 0.271484375 0.52578125 0.024609375 0.02265625
11 0.25078125 0.52734375 0.01171875 0.0234375
11 0.232421875 0.5234375 0.024609375 0.021484375
11 0.208984375 0.51953125 0.022265625 0.01953125
11 0.61328125 0.5625 0.028515625 0.017578125
11 0.591015625 0.55859375 0.015625 0.01953125
11 0.60078125 0.4890625 0.030078125 0.03515625
11 0.580859375 0.484375 0.026171875 0.029296875
11 0.548046875 0.486328125 0.0390625 0.025390625
11 0.51640625 0.48046875 0.024609375 0.033203125
5 0.485546875 0.538671875 0.041796875 0.03203125
7 0.428515625 0.32890625 0.041796875 0.044921875
3 0.334765625 0.320703125 0.046875 0.04765625
2 0.39921875 0.328125 0.016796875 0.041015625
2 0.291015625 0.529296875 0.01171875 0.017578125
2 0.57734375 0.547265625 0.016796875 0.03203125
0 0.53828125 0.56171875 0.008984375 0.009765625
12 0.37421875 0.3875 0.678515625 0.462890625