1 0.49375 0.475390625 0.0109375 0.014453125
11 0.370703125 0.473828125 0.01171875 0.013671875
11 0.39375 0.47578125 0.0109375 0.011328125
11 0.504296875 0.47578125 0.008203125 0.013671875
11 0.516015625 0.47734375 0.01171875 0.011328125
11 0.47265625 0.487890625 0.005078125 0.00703125
11 0.4796875 0.488671875 0.007421875 0.005078125
11 0.39921875 0.51015625 0.008203125 0.010546875
10 0.425390625 0.50859375 0.0125 0.01484375
5 0.44375 0.508203125 0.0125 0.013671875
4 0.45703125 0.508984375 0.0125 0.014453125
4 0.386328125 0.51015625 0.008984375 0.01015625
4 0.463671875 0.491015625 0.0109375 0.01328125
4 0.416015625 0.490234375 0.01015625 0.01328125
3 0.402734375 0.48984375 0.0109375 0.0125
8 0.45234375 0.490625 0.01015625 0.0125
8 0.440234375 0.490234375 0.008984375 0.01171875
8 0.428515625 0.48984375 0.01015625 0.0125
0 0.48046875 0.480078125 0.005859375 0.005078125
0 0.401953125 0.47890625 0.005859375 0.005078125
1 0.368359375 0.489453125 0.01171875 0.0125
1 0.472265625 0.475390625 0.0109375 0.014453125
11 0.43515625 0.50859375 0.003515625 0.010546875
12 0.444140625 0.492578125 0.18515625 0.061328125