11 0.290625 0.345703125 0.057421875 0.060546875
0 0.63984375 0.35703125 0.0296875 0.03046875
11 0.034765625 0.349609375 0.05546875 0.0625
11 0.091015625 0.349609375 0.057421875 0.060546875
11 0.144140625 0.349609375 0.051953125 0.05859375
11 0.191796875 0.34765625 0.0640625 0.060546875
11 0.34453125 0.3453125 0.0609375 0.059375
11 0.50703125 0.388671875 0.03125 0.029296875
11 0.53984375 0.390234375 0.03828125 0.028125
11 0.339453125 0.4609375 0.026171875 0.04296875
10 0.546875 0.341796875 0.05546875 0.05859375
9 0.411328125 0.398046875 0.051953125 0.05390625
7 0.245703125 0.40234375 0.05390625 0.052734375
6 0.442578125 0.458984375 0.0625 0.05859375
3 0.301171875 0.40234375 0.05390625 0.05078125
3 0.234375 0.462890625 0.058984375 0.060546875
3 0.6015625 0.34140625 0.050390625 0.059375
5 0.466015625 0.398046875 0.05390625 0.04765625
2 0.207421875 0.403125 0.026171875 0.05078125
2 0.39765625 0.461328125 0.02421875 0.05390625
1 0.294140625 0.461328125 0.0640625 0.059375
1 0.0328125 0.40625 0.058984375 0.048828125
4 0.355859375 0.4015625 0.051953125 0.05078125
1 0.70234375 0.3390625 0.057421875 0.060546875
12 0.390625 0.4078125 0.78125 0.2140625