4 0.50078125 0.63515625 0.0203125 0.016796875
9 0.46171875 0.65390625 0.019140625 0.015625
9 0.44140625 0.653125 0.019140625 0.01640625
8 0.371484375 0.67421875 0.0140625 0.013671875
6 0.483984375 0.65390625 0.01796875 0.017578125
5 0.491796875 0.675 0.023046875 0.017578125
3 0.412890625 0.674609375 0.023046875 0.020703125
3 0.48046875 0.635546875 0.01796875 0.017578125
3 0.42109375 0.653125 0.019140625 0.01640625
2 0.443359375 0.674609375 0.012890625 0.01796875
1 0.34296875 0.65078125 0.0203125 0.014453125
1 0.46953125 0.67421875 0.021484375 0.017578125
11 0.529296875 0.653125 0.0140625 0.007421875
11 0.5171875 0.651953125 0.01015625 0.01015625
11 0.57421875 0.640234375 0.01796875 0.01328125
11 0.59453125 0.639453125 0.0203125 0.01875
11 0.5546875 0.63984375 0.019140625 0.015625
11 0.534765625 0.637109375 0.015234375 0.020703125
11 0.392578125 0.675390625 0.015234375 0.015625
11 0.45234375 0.67421875 0.0078125 0.014453125
11 0.348046875 0.63203125 0.0203125 0.017578125
11 0.36796875 0.63515625 0.019140625 0.01328125
11 0.3875 0.633984375 0.0203125 0.01796875
11 0.4046875 0.63671875 0.0140625 0.014453125
11 0.425 0.636328125 0.019140625 0.013671875
12 0.46328125 0.653125 0.3265625 0.076171875