11 0.60859375 0.251171875 0.017578125 0.02265625
0 0.5265625 0.29765625 0.008203125 0.01328125
1 0.541796875 0.263671875 0.02890625 0.066015625
1 0.5109375 0.263671875 0.03046875 0.066015625
11 0.590625 0.244921875 0.01484375 0.033203125
11 0.61875 0.3453125 0.023828125 0.0375
11 0.5265625 0.34453125 0.023046875 0.0375
11 0.62265625 0.2859375 0.019921875 0.03828125
11 0.607421875 0.286328125 0.01015625 0.0359375
11 0.592578125 0.2859375 0.017578125 0.03671875
11 0.5765625 0.28515625 0.015625 0.03828125
12 0.513671875 0.302734375 0.338671875 0.169140625