12 0.457421875 0.699609375 0.32109375 0.25703125
10 0.429296875 0.765625 0.02421875 0.066015625
6 0.4859375 0.762109375 0.02421875 0.06953125
4 0.4625 0.762890625 0.02265625 0.067578125
11 0.445703125 0.76640625 0.0109375 0.046875
8 0.54765625 0.622265625 0.01953125 0.0640625
1 0.528125 0.622265625 0.0234375 0.0609375
5 0.474609375 0.68828125 0.021484375 0.05390625
3 0.495703125 0.68828125 0.0203125 0.057421875
3 0.4328125 0.691796875 0.021484375 0.057421875
7 0.41171875 0.691796875 0.0203125 0.057421875
2 0.50859375 0.621484375 0.015625 0.0625
2 0.413671875 0.769140625 0.00859375 0.058984375
2 0.396484375 0.692578125 0.009765625 0.051953125
11 0.525 0.6796875 0.01484375 0.026171875
11 0.51171875 0.675390625 0.01171875 0.027734375
0 0.5625 0.63984375 0.013671875 0.026171875
1 0.586328125 0.61796875 0.02265625 0.0625
1 0.45390625 0.690234375 0.01953125 0.057421875
1 0.328515625 0.69609375 0.02265625 0.058984375
11 0.431640625 0.62578125 0.01953125 0.0640625
11 0.41171875 0.62578125 0.0203125 0.0640625
11 0.39140625 0.6265625 0.021484375 0.0625
11 0.371875 0.628515625 0.01953125 0.066015625
11 0.353125 0.629296875 0.0203125 0.0640625
11 0.331640625 0.629296875 0.0203125 0.0640625