3 0.2625 0.546484375 0.04296875 0.05390625
11 0.70703125 0.496875 0.0390625 0.041015625
11 0.6671875 0.49765625 0.03515625 0.03984375
11 0.627734375 0.49140625 0.0390625 0.0546875
11 0.497265625 0.60859375 0.018359375 0.0390625
7 0.5546875 0.54765625 0.036328125 0.044921875
6 0.5125 0.5453125 0.037890625 0.04609375
4 0.5078125 0.48984375 0.0390625 0.05390625
5 0.427734375 0.5453125 0.040234375 0.04375
5 0.59765625 0.546484375 0.0390625 0.04375
5 0.576171875 0.609765625 0.045703125 0.04765625
1 0.55 0.490234375 0.040234375 0.052734375
1 0.469921875 0.546484375 0.041796875 0.04765625
3 0.383984375 0.5453125 0.041796875 0.05390625
2 0.53984375 0.6125 0.01953125 0.052734375
2 0.47578125 0.6109375 0.01953125 0.05390625
2 0.428515625 0.609765625 0.026171875 0.05390625
12 0.529296875 0.55234375 0.657421875 0.2234375
11 0.42890625 0.49609375 0.04296875 0.0390625
11 0.387890625 0.490625 0.0390625 0.05390625
11 0.349609375 0.487890625 0.040234375 0.05390625
11 0.654296875 0.540625 0.030078125 0.0203125
11 0.6296875 0.5375 0.016796875 0.02421875