11 0.431640625 0.495703125 0.012109375 0.00859375
12 0.445703125 0.49921875 0.166796875 0.057421875
11 0.41875 0.49453125 0.0109375 0.010546875
6 0.494921875 0.48359375 0.02109375 0.01796875
7 0.506640625 0.5109375 0.024609375 0.01953125
0 0.484375 0.490234375 0.006640625 0.00546875
4 0.4734375 0.482421875 0.019921875 0.017578125
6 0.48203125 0.510546875 0.022265625 0.01875
6 0.4578125 0.51015625 0.024609375 0.01953125
10 0.433984375 0.51015625 0.0234375 0.01875
10 0.451171875 0.482421875 0.022265625 0.017578125
2 0.41484375 0.509765625 0.01015625 0.01796875
2 0.391015625 0.508984375 0.0109375 0.01796875