9 0.48515625 0.501953125 0.02265625 0.01953125
2 0.441796875 0.501953125 0.015625 0.01953125
2 0.4859375 0.47421875 0.010546875 0.01640625
0 0.534765625 0.482421875 0.00703125 0.00390625
4 0.559765625 0.503125 0.02265625 0.01953125
7 0.533984375 0.50234375 0.02265625 0.01875
2 0.463671875 0.50234375 0.0140625 0.01875
9 0.546875 0.474609375 0.020703125 0.017578125
10 0.5234375 0.47421875 0.019140625 0.01640625
4 0.502734375 0.474609375 0.019140625 0.017578125
11 0.481640625 0.4890625 0.012109375 0.0078125
12 0.497265625 0.490625 0.171875 0.0578125
11 0.46953125 0.48671875 0.012109375 0.0109375