11 0.673046875 0.294140625 0.0390625 0.053125
11 0.644140625 0.30390625 0.018359375 0.05234375
1 0.425390625 0.30625 0.1859375 0.18359375
11 0.607421875 0.32109375 0.05 0.04296875
11 0.558984375 0.329296875 0.03828125 0.05
11 0.219140625 0.23125 0.0234375 0.036328125
11 0.34140625 0.16640625 0.045703125 0.03515625
11 0.371484375 0.15078125 0.03984375 0.036328125
12 0.46640625 0.37265625 0.932421875 0.55234375
3 0.630078125 0.4078125 0.0484375 0.060546875
9 0.686328125 0.386328125 0.054296875 0.05859375
0 0.665234375 0.42109375 0.02421875 0.020703125
2 0.31953125 0.195703125 0.030859375 0.05390625
8 0.18515625 0.2296875 0.058203125 0.059375
2 0.33984375 0.506640625 0.018359375 0.026953125
11 0.76171875 0.379296875 0.03671875 0.025
11 0.730078125 0.38828125 0.0234375 0.03203125
5 0.573828125 0.417578125 0.054296875 0.05625
1 0.2546875 0.215234375 0.058984375 0.070703125
11 0.31328125 0.51640625 0.0265625 0.034375
11 0.293359375 0.527734375 0.01484375 0.039453125
11 0.266796875 0.532421875 0.028515625 0.036328125
11 0.2328125 0.541015625 0.029296875 0.041796875