11 0.507421875 0.492578125 0.00859375 0.03046875
12 0.5421875 0.529296875 0.15625 0.160546875
8 0.494140625 0.58125 0.0078125 0.026171875
11 0.571875 0.51953125 0.00703125 0.015234375
11 0.566015625 0.518359375 0.0046875 0.021875
11 0.5046875 0.580078125 0.0078125 0.028125
11 0.49765625 0.490234375 0.0109375 0.043359375
11 0.534765625 0.57265625 0.003125 0.03046875
11 0.517578125 0.487890625 0.0078125 0.043359375
11 0.5640625 0.48359375 0.00859375 0.0390625
11 0.573828125 0.487890625 0.00859375 0.03046875
11 0.583984375 0.487109375 0.009765625 0.032421875
8 0.53828125 0.526953125 0.009765625 0.034765625
6 0.5453125 0.4859375 0.0109375 0.0390625
6 0.5484375 0.526953125 0.00859375 0.034765625
1 0.478125 0.532421875 0.0109375 0.032421875
1 0.526953125 0.575 0.0109375 0.0390625
2 0.53515625 0.4859375 0.0078125 0.0390625
10 0.554296875 0.5703125 0.0109375 0.0390625
10 0.55859375 0.526171875 0.009765625 0.032421875
3 0.542578125 0.571484375 0.0109375 0.03671875
3 0.515234375 0.575 0.0109375 0.0390625
3 0.517578125 0.528125 0.009765625 0.032421875
9 0.528125 0.529296875 0.009765625 0.034765625