5 0.51328125 0.51796875 0.019921875 0.017578125
1 0.48828125 0.51796875 0.02109375 0.017578125
11 0.484375 0.504296875 0.01328125 0.00625
11 0.473828125 0.503125 0.0078125 0.00859375
10 0.562890625 0.51875 0.02109375 0.017578125
1 0.55 0.491015625 0.019921875 0.015625
1 0.52734375 0.491015625 0.01875 0.015625
3 0.46328125 0.51796875 0.019921875 0.01796875
0 0.5390625 0.4984375 0.004296875 0.004296875
2 0.44609375 0.517578125 0.0078125 0.01640625
5 0.53828125 0.518359375 0.02109375 0.016796875
12 0.501171875 0.507421875 0.164453125 0.05625