4 0.406640625 0.27734375 0.0203125 0.017578125
4 0.4625 0.278125 0.018359375 0.01953125
2 0.38828125 0.303125 0.012109375 0.0203125
8 0.434765625 0.276953125 0.02421875 0.01875
5 0.4125 0.30234375 0.028515625 0.0203125
9 0.44296875 0.302734375 0.02421875 0.021484375
9 0.34765625 0.27734375 0.02421875 0.017578125
12 0.396484375 0.276953125 0.353515625 0.09296875
3 0.34765625 0.302734375 0.028515625 0.021484375
3 0.3203125 0.277734375 0.022265625 0.01875
1 0.376171875 0.278125 0.02421875 0.017578125