11 0.69765625 0.596875 0.0125 0.02734375
11 0.6203125 0.599609375 0.013671875 0.02734375
11 0.60625 0.599609375 0.013671875 0.02734375
11 0.593359375 0.596484375 0.01484375 0.033984375
6 0.654296875 0.665234375 0.017578125 0.033984375
3 0.6484375 0.628125 0.013671875 0.030078125
6 0.671484375 0.66484375 0.01640625 0.03515625
8 0.6625 0.626953125 0.01484375 0.030078125
1 0.634375 0.628125 0.01484375 0.030078125
10 0.6328125 0.666015625 0.017578125 0.03515625
10 0.6203125 0.62890625 0.013671875 0.028515625
2 0.609375 0.628125 0.009765625 0.030078125
5 0.658203125 0.59375 0.017578125 0.033984375
11 0.6953125 0.621875 0.009765625 0.014453125
11 0.68671875 0.62109375 0.0078125 0.018359375
12 0.65703125 0.631640625 0.216796875 0.130078125
6 0.6765625 0.627734375 0.01171875 0.03125
11 0.71171875 0.596875 0.013671875 0.02734375
11 0.683984375 0.59375 0.01484375 0.033984375