11 0.20546875 0.51171875 0.02890625 0.021875
2 0.42109375 0.47421875 0.022265625 0.034375
2 0.5140625 0.473046875 0.02109375 0.036328125
0 0.52890625 0.4859375 0.01328125 0.010546875
10 0.514453125 0.5578125 0.0578125 0.046875
10 0.456640625 0.473828125 0.048828125 0.03984375
1 0.395703125 0.559375 0.0578125 0.04609375
5 0.5515625 0.471875 0.05234375 0.03515625
3 0.3421875 0.559765625 0.051171875 0.046875
3 0.46015625 0.55859375 0.048828125 0.048046875
11 0.547265625 0.508203125 0.03203125 0.019921875
11 0.51875 0.50703125 0.024609375 0.021875
11 0.26875 0.51015625 0.0265625 0.023046875
11 0.248828125 0.511328125 0.008984375 0.025
11 0.2328125 0.51015625 0.0234375 0.021875
12 0.422265625 0.52265625 0.548828125 0.18515625