12 0.4390625 0.65859375 0.25 0.086328125
9 0.44921875 0.634375 0.016796875 0.02109375
11 0.375 0.633203125 0.016796875 0.02109375
11 0.38984375 0.6359375 0.01484375 0.016796875
11 0.405078125 0.636328125 0.01484375 0.01484375
11 0.47734375 0.634765625 0.016796875 0.021875
11 0.492578125 0.63671875 0.01484375 0.01640625
11 0.508203125 0.637890625 0.016796875 0.015625
11 0.478515625 0.6515625 0.008203125 0.010546875
11 0.488671875 0.652734375 0.0125 0.009375
2 0.433203125 0.633984375 0.01328125 0.020703125
2 0.40390625 0.677734375 0.0109375 0.01953125
9 0.4515625 0.65546875 0.01484375 0.01796875
4 0.34375 0.65390625 0.016015625 0.01796875
3 0.387890625 0.655078125 0.016015625 0.01875
3 0.4203125 0.65546875 0.016015625 0.01875
5 0.404296875 0.6546875 0.01484375 0.016796875
5 0.43515625 0.65546875 0.016796875 0.017578125
6 0.4671875 0.65546875 0.0140625 0.01796875
8 0.418359375 0.677734375 0.016796875 0.020703125
2 0.444921875 0.67890625 0.01171875 0.019921875
1 0.459765625 0.679296875 0.019140625 0.02109375