2 0.3484375 0.4765625 0.021484375 0.028125
2 0.40703125 0.4484375 0.019140625 0.02578125
7 0.2859375 0.50234375 0.03515625 0.025
8 0.31484375 0.487890625 0.033203125 0.02578125
8 0.425 0.4375 0.01171875 0.0125
4 0.231640625 0.47265625 0.01328125 0.01328125
1 0.255859375 0.5171875 0.033203125 0.02578125
1 0.37890625 0.464453125 0.032421875 0.02890625
1 0.243359375 0.46875 0.016796875 0.0125
5 0.266796875 0.4390625 0.01171875 0.015625
1 0.227734375 0.50078125 0.0140625 0.0125
12 0.32734375 0.487109375 0.21484375 0.10546875