9 0.346875 0.266015625 0.02265625 0.01875
5 0.421875 0.265234375 0.02265625 0.01875
11 0.388671875 0.291015625 0.005078125 0.01171875
3 0.32265625 0.266015625 0.02265625 0.01875
3 0.348828125 0.291015625 0.026171875 0.0234375
3 0.404296875 0.290625 0.02265625 0.02421875
3 0.43046875 0.291015625 0.02265625 0.025390625
3 0.44609375 0.265625 0.02265625 0.01953125
3 0.373046875 0.265625 0.02265625 0.017578125
12 0.384375 0.2625 0.30625 0.095703125
3 0.374609375 0.29140625 0.02265625 0.02421875
9 0.397265625 0.265625 0.02265625 0.01953125