11 0.50625 0.45 0.014453125 0.01875
12 0.46484375 0.46953125 0.27890625 0.06953125
11 0.354296875 0.45 0.01796875 0.01875
11 0.524609375 0.453125 0.01796875 0.013671875
11 0.389453125 0.45 0.01875 0.01875
11 0.515625 0.465234375 0.024609375 0.009375
11 0.39765625 0.490625 0.015625 0.013671875
8 0.43828125 0.450390625 0.02109375 0.01796875
0 0.45234375 0.45546875 0.0109375 0.008203125
9 0.47265625 0.450390625 0.01875 0.01796875
9 0.4765625 0.468359375 0.01796875 0.015625
2 0.541015625 0.450390625 0.01328125 0.01953125
2 0.42265625 0.488671875 0.01015625 0.017578125
2 0.47109375 0.488671875 0.008984375 0.017578125
2 0.368359375 0.491015625 0.00546875 0.01171875
1 0.378515625 0.491015625 0.014453125 0.01328125
1 0.43828125 0.48828125 0.02109375 0.01796875
1 0.55703125 0.45078125 0.016796875 0.01875
1 0.575390625 0.451171875 0.01796875 0.017578125
3 0.422265625 0.468359375 0.01796875 0.015625
6 0.439453125 0.468359375 0.01875 0.015625
3 0.4578125 0.468359375 0.01796875 0.015625
8 0.494921875 0.468359375 0.016796875 0.015625
11 0.372265625 0.451953125 0.01796875 0.013671875
10 0.4859375 0.4890625 0.02109375 0.01796875