3 0.424609375 0.32734375 0.024609375 0.016796875
12 0.496875 0.324609375 0.327734375 0.085546875
8 0.484375 0.3515625 0.022265625 0.021875
11 0.497265625 0.351171875 0.008984375 0.01015625
1 0.5609375 0.32890625 0.024609375 0.016796875
4 0.513671875 0.3515625 0.0234375 0.021875
6 0.5421875 0.35234375 0.0234375 0.021875
6 0.50703125 0.328125 0.0234375 0.017578125
6 0.4796875 0.327734375 0.0234375 0.016796875
9 0.533984375 0.328515625 0.024609375 0.016796875
9 0.451953125 0.32734375 0.024609375 0.017578125