11 0.67421875 0.50703125 0.0125 0.024609375
11 0.662109375 0.53203125 0.0078125 0.016796875
11 0.671484375 0.533203125 0.0109375 0.014453125
7 0.633203125 0.5046875 0.01484375 0.032421875
2 0.58359375 0.540234375 0.00859375 0.028515625
2 0.641015625 0.53828125 0.00703125 0.02734375
10 0.594140625 0.541015625 0.0125 0.030078125
10 0.605859375 0.57734375 0.01875 0.03515625
1 0.60859375 0.53984375 0.015625 0.030078125
5 0.6234375 0.537890625 0.01484375 0.026171875
12 0.63046875 0.541796875 0.221875 0.137890625
6 0.628125 0.576953125 0.017578125 0.033984375
4 0.65234375 0.537890625 0.01171875 0.028515625
11 0.56640625 0.506640625 0.013671875 0.033984375
11 0.580078125 0.510546875 0.013671875 0.026171875
11 0.59453125 0.510546875 0.013671875 0.026171875
11 0.660546875 0.50390625 0.01484375 0.033984375
11 0.687890625 0.5078125 0.01484375 0.026171875
4 0.6453125 0.576953125 0.015625 0.03125