11 0.52734375 0.51015625 0.01171875 0.011328125
3 0.41171875 0.523828125 0.01171875 0.013671875
11 0.481640625 0.521484375 0.005078125 0.00703125
4 0.4234375 0.523828125 0.01171875 0.013671875
0 0.408984375 0.512109375 0.006640625 0.00546875
0 0.48984375 0.51328125 0.006640625 0.005078125
1 0.505078125 0.508203125 0.01171875 0.01484375
7 0.4359375 0.52421875 0.01171875 0.013671875
8 0.4484375 0.52421875 0.01171875 0.01328125
9 0.4609375 0.52421875 0.01171875 0.01328125
9 0.4328125 0.542578125 0.0140625 0.01484375
4 0.45234375 0.54296875 0.01328125 0.015625
11 0.489453125 0.522265625 0.008984375 0.00546875
12 0.451953125 0.525390625 0.1890625 0.064453125
4 0.466796875 0.54296875 0.01328125 0.01484375
6 0.39296875 0.54453125 0.0109375 0.011328125
11 0.376953125 0.50703125 0.0125 0.015625
11 0.40625 0.54453125 0.008984375 0.01171875
11 0.4 0.508984375 0.01171875 0.01171875
1 0.481640625 0.508203125 0.01171875 0.01484375
11 0.51484375 0.50859375 0.01015625 0.015625