0 0.350390625 0.3828125 0.02578125 0.023046875
11 0.223828125 0.3625 0.04921875 0.06015625
11 0.316015625 0.37109375 0.046484375 0.04453125
11 0.338671875 0.512109375 0.0375 0.04453125
11 0.769921875 0.368359375 0.03828125 0.059375
11 0.817578125 0.376953125 0.044921875 0.044921875
11 0.638671875 0.419140625 0.02421875 0.026953125
11 0.667578125 0.4234375 0.03515625 0.020703125
3 0.35625 0.4296875 0.04921875 0.053125
0 0.66953125 0.3859375 0.02421875 0.021875
9 0.444140625 0.50390625 0.055078125 0.06171875
10 0.575 0.50546875 0.053515625 0.06015625
8 0.604296875 0.43203125 0.041796875 0.053125
6 0.551953125 0.43203125 0.04765625 0.05390625
2 0.5375 0.505859375 0.019921875 0.054296875
2 0.51796875 0.431640625 0.017578125 0.046875
2 0.46875 0.430859375 0.017578125 0.048046875
1 0.726171875 0.368359375 0.045703125 0.059375
1 0.63515625 0.366796875 0.046484375 0.05859375
4 0.28671875 0.5109375 0.03828125 0.04296875
4 0.406640625 0.4296875 0.046484375 0.053125
12 0.523046875 0.43671875 0.755859375 0.25390625
11 0.48203125 0.505078125 0.017578125 0.04140625