11 0.254296875 0.507421875 0.01328125 0.03125
11 0.234375 0.50703125 0.0265625 0.02890625
12 0.433984375 0.521484375 0.572265625 0.191796875
11 0.5359375 0.505859375 0.030078125 0.029296875
11 0.27890625 0.50625 0.033203125 0.02734375
11 0.5734375 0.50625 0.04453125 0.026171875
11 0.206640625 0.50625 0.02890625 0.02734375
1 0.22109375 0.5609375 0.06015625 0.046875
1 0.406640625 0.558203125 0.05546875 0.051171875
2 0.4359375 0.4703125 0.027734375 0.03828125
11 0.443359375 0.55859375 0.019921875 0.036328125
6 0.53203125 0.556640625 0.06015625 0.05078125
3 0.476171875 0.5578125 0.05234375 0.04921875
3 0.3515625 0.559375 0.056640625 0.051171875
4 0.5734375 0.46796875 0.048828125 0.042578125
8 0.4765625 0.46796875 0.051171875 0.041796875
2 0.533984375 0.469140625 0.027734375 0.03828125