11 0.536328125 0.5828125 0.010546875 0.013671875
11 0.5515625 0.583984375 0.016796875 0.01171875
2 0.3984375 0.591796875 0.012890625 0.02734375
2 0.42265625 0.591796875 0.008984375 0.02734375
10 0.518359375 0.58984375 0.0234375 0.029296875
1 0.506640625 0.628125 0.028515625 0.033203125
8 0.48828125 0.55625 0.028515625 0.03203125
9 0.4921875 0.58984375 0.0234375 0.029296875
11 0.55859375 0.558984375 0.020703125 0.02421875
3 0.477734375 0.628125 0.026171875 0.033203125
2 0.462109375 0.556640625 0.015625 0.033203125
11 0.366015625 0.558984375 0.0234375 0.03203125
11 0.39140625 0.55859375 0.024609375 0.033203125
11 0.416796875 0.5609375 0.0234375 0.02421875
11 0.533203125 0.555078125 0.024609375 0.034375
11 0.5828125 0.558203125 0.022265625 0.02421875
9 0.466015625 0.590234375 0.0234375 0.028125
7 0.44140625 0.591796875 0.0234375 0.029296875
12 0.47734375 0.59453125 0.397265625 0.126953125
1 0.439453125 0.6296875 0.02734375 0.033203125
2 0.41796875 0.629296875 0.010546875 0.03203125