12 0.48125 0.49921875 0.186328125 0.046875
4 0.494140625 0.5109375 0.01796875 0.015625
0 0.516796875 0.500390625 0.0078125 0.0046875
9 0.51875 0.511328125 0.019921875 0.01484375
8 0.46328125 0.49140625 0.023828125 0.01953125
8 0.4703125 0.511328125 0.01796875 0.01484375
2 0.431640625 0.491796875 0.01171875 0.01640625
2 0.450390625 0.51171875 0.009765625 0.013671875
3 0.419921875 0.511328125 0.019921875 0.01484375
3 0.496875 0.492578125 0.027734375 0.0203125
3 0.540625 0.5109375 0.019921875 0.015625
4 0.53671875 0.491796875 0.027734375 0.02265625