11 0.633984375 0.70625 0.023828125 0.025
8 0.4234375 0.741796875 0.0296875 0.042578125
11 0.359375 0.706640625 0.013671875 0.01328125
11 0.3734375 0.708984375 0.014453125 0.014453125
11 0.385546875 0.71171875 0.01015625 0.020703125
1 0.474609375 0.647265625 0.041015625 0.054296875
1 0.492578125 0.748046875 0.0390625 0.04609375
7 0.451953125 0.744921875 0.034765625 0.05
11 0.3984375 0.71171875 0.012109375 0.01796875
11 0.4109375 0.7125 0.01171875 0.017578125
11 0.401953125 0.686328125 0.02109375 0.023828125
11 0.501953125 0.65078125 0.012890625 0.033203125
2 0.53515625 0.753515625 0.02578125 0.05078125
2 0.441015625 0.642578125 0.025390625 0.05234375
10 0.5640625 0.75859375 0.03984375 0.05546875
10 0.572265625 0.6546875 0.041015625 0.058203125
3 0.53046875 0.652734375 0.04609375 0.06328125
12 0.507421875 0.6859375 0.399609375 0.248046875