1 0.506640625 0.476171875 0.01484375 0.017578125
2 0.496484375 0.47578125 0.006640625 0.016796875
2 0.5328125 0.47578125 0.008984375 0.016796875
4 0.54375 0.47578125 0.0125 0.01953125
11 0.54453125 0.45546875 0.005859375 0.00859375
12 0.516015625 0.46171875 0.16328125 0.06796875
7 0.512109375 0.441796875 0.0140625 0.01640625
10 0.555859375 0.442578125 0.01484375 0.01640625
11 0.55390625 0.456640625 0.0109375 0.00703125
11 0.48046875 0.45546875 0.007421875 0.00859375
11 0.48828125 0.45546875 0.008203125 0.00859375
11 0.49609375 0.45546875 0.007421875 0.00859375
4 0.4984375 0.441796875 0.01171875 0.01484375
11 0.50234375 0.45546875 0.006640625 0.00859375
11 0.51015625 0.45546875 0.006640625 0.00859375
4 0.541015625 0.4421875 0.01328125 0.015625
3 0.48515625 0.4421875 0.01328125 0.015625
6 0.526171875 0.441796875 0.0125 0.01640625