12 0.54453125 0.59453125 0.491015625 0.162109375
1 0.544921875 0.6390625 0.03515625 0.03984375
1 0.56640625 0.590625 0.03125 0.03515625
3 0.390234375 0.644921875 0.026171875 0.028125
2 0.479296875 0.59140625 0.012890625 0.03203125
11 0.409765625 0.54765625 0.033984375 0.041015625
11 0.44140625 0.552734375 0.02890625 0.029296875
11 0.46875 0.54765625 0.020703125 0.0390625
11 0.621484375 0.548828125 0.03125 0.0390625
11 0.6515625 0.55390625 0.02890625 0.029296875
11 0.680859375 0.55390625 0.030078125 0.029296875
11 0.621875 0.583984375 0.014453125 0.017578125
11 0.641015625 0.585546875 0.0234375 0.01484375
11 0.425 0.6453125 0.024609375 0.02734375
7 0.581640625 0.63984375 0.03515625 0.0390625
7 0.533984375 0.59140625 0.02890625 0.034375
6 0.5984375 0.59140625 0.030078125 0.034375
6 0.502734375 0.590625 0.02890625 0.033203125
5 0.562109375 0.547265625 0.030078125 0.03828125
3 0.530078125 0.54765625 0.03125 0.0390625
2 0.446484375 0.59140625 0.012890625 0.03203125
2 0.469921875 0.63984375 0.012890625 0.037109375
2 0.37265625 0.6453125 0.008984375 0.02734375
11 0.5203125 0.6390625 0.01171875 0.0265625
1 0.496875 0.640234375 0.03515625 0.03984375