11 0.423828125 0.4375 0.014453125 0.021484375
11 0.438671875 0.4375 0.015625 0.021484375
11 0.46875 0.4375 0.015625 0.01953125
11 0.484375 0.437109375 0.015625 0.0203125
11 0.51484375 0.4546875 0.006640625 0.0109375
11 0.526171875 0.45625 0.012890625 0.009765625
1 0.544140625 0.4375 0.015625 0.021484375
12 0.473828125 0.46015625 0.255078125 0.0859375
1 0.503125 0.458984375 0.016796875 0.01953125
0 0.556640625 0.444921875 0.008984375 0.00859375
9 0.575 0.437109375 0.016796875 0.0203125
9 0.43828125 0.459375 0.016796875 0.01875
9 0.453125 0.483984375 0.018359375 0.02265625
2 0.439453125 0.483984375 0.006640625 0.0203125
3 0.49609375 0.483984375 0.018359375 0.0203125
5 0.47578125 0.48359375 0.01953125 0.021484375
4 0.454296875 0.458984375 0.015625 0.01953125
4 0.471484375 0.458984375 0.015625 0.01953125
7 0.4875 0.45859375 0.014453125 0.0203125
10 0.528515625 0.4375 0.018359375 0.021484375
11 0.377734375 0.437890625 0.015625 0.0203125
11 0.393359375 0.4375 0.015625 0.01953125
11 0.408984375 0.437109375 0.012890625 0.0203125