12 0.58125 0.846484375 0.2734375 0.300390625
11 0.577734375 0.90703125 0.00859375 0.046875
11 0.615234375 0.815234375 0.01171875 0.0328125
11 0.628515625 0.817578125 0.01484375 0.02421875
11 0.46640625 0.8515625 0.0125 0.0328125
11 0.4796875 0.848828125 0.01171875 0.03125
11 0.487890625 0.847265625 0.0046875 0.03125
11 0.49609375 0.8453125 0.01171875 0.03125
1 0.605078125 0.76484375 0.0203125 0.05390625
1 0.59453125 0.903515625 0.0234375 0.067578125
0 0.6171875 0.783984375 0.005859375 0.015625
2 0.6328125 0.760546875 0.009765625 0.051953125
2 0.544921875 0.916796875 0.009765625 0.0625
5 0.56171875 0.909765625 0.0234375 0.0625
8 0.617578125 0.894921875 0.02265625 0.0640625