11 0.71171875 0.468359375 0.012890625 0.01953125
11 0.666796875 0.53359375 0.0078125 0.034765625
5 0.69921875 0.530078125 0.018359375 0.044140625
1 0.68046875 0.5328125 0.01953125 0.049609375
4 0.653515625 0.534765625 0.016796875 0.05078125
3 0.63359375 0.537109375 0.016796875 0.05078125
12 0.671484375 0.49140625 0.221875 0.244140625
9 0.7125 0.423046875 0.01640625 0.0453125
0 0.703515625 0.440234375 0.0046875 0.008203125
4 0.69375 0.42421875 0.01484375 0.0453125
10 0.675 0.42578125 0.016796875 0.046484375
2 0.662109375 0.427734375 0.006640625 0.040625
11 0.5765625 0.47578125 0.009765625 0.023046875
11 0.587109375 0.476171875 0.010546875 0.02421875
11 0.59375 0.475 0.00390625 0.02421875
11 0.600390625 0.474609375 0.008984375 0.023046875
11 0.70078125 0.465234375 0.00859375 0.023046875