11 0.5484375 0.4921875 0.01015625 0.032421875
11 0.55859375 0.49375 0.009375 0.024609375
11 0.53828125 0.491015625 0.01015625 0.032421875
11 0.574609375 0.560546875 0.00390625 0.024609375
11 0.5453125 0.565234375 0.00859375 0.024609375
5 0.582421875 0.56171875 0.01171875 0.03125
2 0.52734375 0.565234375 0.004296875 0.024609375
6 0.594921875 0.561328125 0.01171875 0.032421875
3 0.57734375 0.491796875 0.01015625 0.033203125
3 0.55859375 0.523828125 0.01015625 0.02890625
4 0.53359375 0.565234375 0.00703125 0.024609375
9 0.57890625 0.52265625 0.009375 0.02890625
9 0.58828125 0.490625 0.010546875 0.03125
10 0.56875 0.5234375 0.009375 0.030078125
10 0.566796875 0.561328125 0.011328125 0.032421875
10 0.58984375 0.52265625 0.01015625 0.02890625
10 0.599609375 0.5234375 0.01015625 0.027734375
11 0.616015625 0.49375 0.01015625 0.024609375
11 0.605859375 0.491015625 0.01015625 0.032421875
11 0.6140625 0.51875 0.007421875 0.012109375
11 0.607421875 0.5171875 0.005078125 0.015625
11 0.626171875 0.49453125 0.00859375 0.025390625
12 0.582421875 0.5265625 0.154296875 0.12109375