9 0.578125 0.6140625 0.01015625 0.033203125
10 0.5109375 0.66875 0.008203125 0.029296875
10 0.546484375 0.61328125 0.009375 0.034765625
6 0.55703125 0.6140625 0.01015625 0.0359375
6 0.57265625 0.660546875 0.011328125 0.04296875
12 0.560546875 0.6140625 0.163671875 0.15546875
4 0.565625 0.570703125 0.011328125 0.0390625
6 0.560546875 0.66171875 0.011328125 0.04296875
5 0.567578125 0.614453125 0.01015625 0.034765625
3 0.535546875 0.615234375 0.01015625 0.0359375
9 0.544921875 0.6609375 0.011328125 0.041796875
3 0.555078125 0.57421875 0.01015625 0.040234375
11 0.605078125 0.578515625 0.01015625 0.03203125
11 0.593359375 0.576953125 0.009375 0.029296875
11 0.58359375 0.572265625 0.010546875 0.0390625
11 0.516015625 0.57421875 0.009375 0.0375
11 0.52578125 0.576953125 0.01015625 0.029296875
11 0.536328125 0.573046875 0.01015625 0.040234375
11 0.58515625 0.60625 0.004296875 0.020703125
11 0.592578125 0.6078125 0.00859375 0.01796875
11 0.52265625 0.666796875 0.00859375 0.03046875
1 0.494921875 0.616015625 0.01015625 0.0375
2 0.53671875 0.6625 0.005078125 0.04453125