11 0.022265625 0.55 0.016015625 0.017578125
11 0.0375 0.541796875 0.028515625 0.019921875
11 0.231640625 0.72265625 0.028515625 0.026953125
11 0.0734375 0.555078125 0.028515625 0.017578125
11 0.05703125 0.5671875 0.02265625 0.016796875
11 0.03359375 0.575390625 0.02265625 0.016796875
11 0.016796875 0.58671875 0.025 0.01640625
11 0.259765625 0.71328125 0.029296875 0.02421875
11 0.27578125 0.705078125 0.01484375 0.01875
12 0.36171875 0.6046875 0.718359375 0.43046875
11 0.28828125 0.696875 0.025 0.025
11 0.260546875 0.42734375 0.0359375 0.026171875
11 0.240234375 0.43984375 0.02734375 0.026953125
11 0.096484375 0.542578125 0.025 0.01484375
11 0.054296875 0.53046875 0.0265625 0.017578125
11 0.159765625 0.500390625 0.020703125 0.023046875
11 0.0109375 0.5578125 0.016796875 0.01796875
11 0.4296875 0.53046875 0.033984375 0.02734375
11 0.554296875 0.548046875 0.021484375 0.019921875
11 0.573828125 0.53828125 0.029296875 0.02109375
11 0.4984375 0.4921875 0.031640625 0.026953125
3 0.133984375 0.50703125 0.053515625 0.053125
4 0.18125 0.483984375 0.05234375 0.051953125
5 0.457421875 0.58671875 0.046484375 0.032421875
2 0.30859375 0.687890625 0.020703125 0.020703125
2 0.1140625 0.519140625 0.030078125 0.03671875
8 0.52421875 0.54765625 0.043359375 0.036328125
8 0.216796875 0.458203125 0.05 0.0375
1 0.491796875 0.569921875 0.044921875 0.044921875
1 0.32890625 0.532421875 0.1609375 0.155078125
0 0.517578125 0.57578125 0.008203125 0.010546875
11 0.481640625 0.49921875 0.016796875 0.035546875
11 0.458984375 0.51875 0.041796875 0.026171875