12 0.53671875 0.650390625 0.444921875 0.148046875
11 0.41171875 0.60859375 0.025 0.034375
11 0.657421875 0.6125 0.0265625 0.02734375
11 0.627734375 0.61171875 0.02578125 0.02578125
11 0.60078125 0.60703125 0.028515625 0.035546875
11 0.440234375 0.61328125 0.02421875 0.026953125
11 0.468359375 0.61015625 0.0265625 0.029296875
11 0.60390625 0.638671875 0.0125 0.01640625
11 0.621484375 0.63984375 0.021484375 0.01328125
1 0.525390625 0.64609375 0.030859375 0.03125
4 0.5359375 0.68828125 0.030078125 0.03828125
4 0.355859375 0.646484375 0.0234375 0.03046875
4 0.497265625 0.64609375 0.02578125 0.03359375
3 0.437890625 0.64765625 0.02734375 0.033203125
3 0.52109375 0.608984375 0.02578125 0.034375
4 0.54921875 0.6078125 0.030078125 0.03671875
5 0.56875 0.687109375 0.033984375 0.03671875
5 0.46796875 0.645703125 0.029296875 0.030078125
2 0.46875 0.68828125 0.0125 0.036328125
2 0.56171875 0.646875 0.01015625 0.036328125
7 0.581640625 0.644921875 0.0265625 0.03359375
9 0.492578125 0.6890625 0.031640625 0.03828125