5 0.68828125 0.59609375 0.01875 0.0484375
4 0.6640625 0.490234375 0.015625 0.04296875
4 0.6828125 0.48828125 0.015625 0.041796875
11 0.6046875 0.536328125 0.009765625 0.021875
11 0.61484375 0.536328125 0.0109375 0.021875
11 0.62421875 0.5359375 0.009765625 0.023046875
11 0.63359375 0.53515625 0.010546875 0.021875
11 0.642578125 0.533984375 0.008984375 0.021875
12 0.659375 0.557421875 0.22734375 0.248828125
4 0.669140625 0.59765625 0.018359375 0.051953125
11 0.68984375 0.530859375 0.00859375 0.021875
9 0.626171875 0.492578125 0.015625 0.04296875
2 0.70625 0.48671875 0.005859375 0.03828125
2 0.61328125 0.49375 0.006640625 0.040625
11 0.7 0.5328125 0.012890625 0.0171875
11 0.65546875 0.599609375 0.00703125 0.034765625
1 0.64140625 0.6 0.01875 0.051953125
9 0.644921875 0.49140625 0.01640625 0.04296875