4 0.43359375 0.67265625 0.028515625 0.03515625
4 0.509765625 0.720703125 0.032421875 0.044921875
2 0.5234375 0.629296875 0.026171875 0.04375
10 0.35625 0.72734375 0.022265625 0.02734375
7 0.640625 0.628125 0.03125 0.04296875
1 0.54765625 0.71953125 0.03515625 0.04296875
0 0.6046875 0.64140625 0.016796875 0.015625
11 0.391796875 0.7265625 0.0234375 0.03515625
11 0.604296875 0.664453125 0.0234375 0.01484375
11 0.58515625 0.66328125 0.014453125 0.01953125
11 0.669140625 0.62890625 0.0234375 0.041015625
11 0.701953125 0.633203125 0.03125 0.03203125
5 0.529296875 0.671875 0.030078125 0.033203125
5 0.466015625 0.672265625 0.026171875 0.034375
5 0.46015625 0.72109375 0.032421875 0.03828125
3 0.401171875 0.67265625 0.028515625 0.037109375
7 0.497265625 0.671875 0.028515625 0.03515625
12 0.512890625 0.678125 0.497265625 0.175
6 0.5828125 0.62890625 0.030078125 0.04296875
3 0.552734375 0.629296875 0.030078125 0.0421875
4 0.56171875 0.671875 0.02734375 0.037109375