1 0.532421875 0.5890625 0.03828125 0.045703125
12 0.489453125 0.5421875 0.507421875 0.15703125
5 0.480859375 0.5375 0.03515625 0.036328125
5 0.40859375 0.53828125 0.032421875 0.036328125
6 0.492578125 0.58984375 0.03828125 0.044921875
8 0.505859375 0.492578125 0.03515625 0.042578125
6 0.440234375 0.5890625 0.0390625 0.046875
2 0.55625 0.5390625 0.017578125 0.03828125
11 0.466015625 0.5921875 0.016796875 0.035546875
11 0.573046875 0.529296875 0.017578125 0.019921875
11 0.593359375 0.53125 0.025 0.017578125
11 0.343359375 0.491796875 0.033203125 0.04140625
11 0.3765625 0.49765625 0.031640625 0.033203125
11 0.409765625 0.498046875 0.033984375 0.03359375
11 0.60078125 0.496484375 0.031640625 0.03203125
11 0.635546875 0.497265625 0.032421875 0.034375
2 0.4109375 0.58828125 0.016796875 0.040625
4 0.444921875 0.537109375 0.033203125 0.040625
3 0.514453125 0.53671875 0.032421875 0.03984375
11 0.5671875 0.4921875 0.033984375 0.041796875
3 0.473046875 0.4921875 0.030859375 0.041796875
3 0.3734375 0.541015625 0.03515625 0.040625