7 0.615234375 0.73359375 0.032421875 0.037109375
8 0.575 0.68984375 0.024609375 0.034375
1 0.541015625 0.732421875 0.02734375 0.037109375
2 0.49921875 0.689453125 0.014453125 0.033203125
2 0.526171875 0.689453125 0.012890625 0.03125
2 0.51875 0.7328125 0.01171875 0.0359375
12 0.591796875 0.691796875 0.444140625 0.1515625
11 0.650390625 0.68359375 0.01171875 0.017578125
11 0.56171875 0.7328125 0.01171875 0.0265625
9 0.62890625 0.68984375 0.026171875 0.03203125
7 0.60078125 0.68984375 0.024609375 0.034375
7 0.546875 0.6890625 0.026171875 0.03203125
6 0.583984375 0.7328125 0.02734375 0.03828125
11 0.666796875 0.685546875 0.020703125 0.013671875