11 0.58046875 0.372265625 0.03125 0.0125
11 0.582421875 0.3859375 0.032421875 0.0125
11 0.57734375 0.398828125 0.04453125 0.013671875
11 0.614453125 0.395703125 0.01875 0.00703125
11 0.615234375 0.387890625 0.015625 0.01015625
2 0.6828125 0.45703125 0.04453125 0.007421875
12 0.631640625 0.426953125 0.20703125 0.21640625
11 0.589453125 0.4890625 0.0421875 0.0125
11 0.593359375 0.473828125 0.032421875 0.01171875
1 0.6375 0.51484375 0.040234375 0.01484375
11 0.591796875 0.4609375 0.035546875 0.01484375
2 0.67578125 0.4046875 0.043359375 0.007421875
11 0.676953125 0.43515625 0.034375 0.00625
9 0.6796875 0.447265625 0.04453125 0.013671875
4 0.62421875 0.40546875 0.040234375 0.01171875
8 0.58125 0.4234375 0.041015625 0.0125
10 0.63125 0.46015625 0.0390625 0.011328125
10 0.624609375 0.419140625 0.03671875 0.01171875
3 0.628515625 0.44609375 0.040234375 0.0125
3 0.58359375 0.43671875 0.041015625 0.014453125
2 0.627734375 0.428515625 0.0390625 0.00625
2 0.63359375 0.4703125 0.03671875 0.00625
2 0.676953125 0.4203125 0.043359375 0.00859375