11 0.59296875 0.896875 0.009765625 0.016015625
6 0.558984375 0.954296875 0.0125 0.04765625
6 0.530859375 0.906640625 0.0125 0.03984375
9 0.57265625 0.95546875 0.01484375 0.045703125
9 0.56484375 0.9046875 0.0125 0.03984375
11 0.550390625 0.95625 0.0046875 0.031640625
2 0.486328125 0.90859375 0.005859375 0.035546875
1 0.628125 0.85625 0.013671875 0.045703125
11 0.48515625 0.866015625 0.01171875 0.045703125
11 0.496484375 0.8640625 0.0109375 0.045703125
11 0.507421875 0.865234375 0.0109375 0.04375
8 0.540625 0.95546875 0.01484375 0.045703125
0 0.615234375 0.871875 0.005859375 0.01796875
9 0.59375 0.858984375 0.01171875 0.04375
5 0.57734375 0.9046875 0.01171875 0.035546875
10 0.605859375 0.858203125 0.0125 0.041796875
11 0.51796875 0.86328125 0.0109375 0.04375
11 0.52890625 0.862109375 0.0109375 0.041796875
11 0.53984375 0.862109375 0.01171875 0.041796875
2 0.54453125 0.9046875 0.00703125 0.03984375
2 0.5203125 0.9078125 0.0078125 0.037890625
11 0.55234375 0.8609375 0.0125 0.04375
3 0.553125 0.905859375 0.0109375 0.037890625
11 0.585546875 0.894921875 0.0046875 0.023828125
12 0.55859375 0.9078125 0.1875 0.18046875