12 0.48046875 0.941796875 0.30390625 0.11484375
2 0.437109375 0.966796875 0.009375 0.0375
2 0.518359375 0.969140625 0.00703125 0.0375
3 0.46953125 0.92109375 0.01796875 0.04453125
3 0.4921875 0.96796875 0.016796875 0.03828125
3 0.472265625 0.966796875 0.01796875 0.0375
9 0.45234375 0.966796875 0.01796875 0.040625
1 0.489453125 0.921875 0.01875 0.04296875
11 0.56328125 0.928125 0.015625 0.03203125
11 0.543359375 0.927734375 0.015625 0.03125
11 0.41328125 0.924609375 0.01796875 0.034375
11 0.39375 0.919921875 0.01875 0.0421875
2 0.41875 0.96640625 0.01015625 0.04140625
11 0.52734375 0.959375 0.009375 0.019140625
11 0.5390625 0.96171875 0.014453125 0.016015625
11 0.524609375 0.9234375 0.01796875 0.04140625
11 0.432421875 0.926171875 0.01875 0.0328125