11 0.6890625 0.422265625 0.01640625 0.023046875
2 0.584765625 0.375 0.0078125 0.0484375
2 0.6515625 0.37109375 0.00703125 0.0453125
3 0.60078125 0.373828125 0.01875 0.05078125
3 0.623046875 0.37265625 0.01953125 0.053125
6 0.667578125 0.36875 0.01875 0.051953125
7 0.690625 0.367578125 0.01875 0.051953125
3 0.59375 0.50390625 0.022265625 0.061328125
3 0.617578125 0.502734375 0.021484375 0.061328125
11 0.63359375 0.500390625 0.008984375 0.04296875
5 0.65078125 0.499609375 0.02265625 0.056640625
5 0.67421875 0.498828125 0.02265625 0.05546875
11 0.574609375 0.427734375 0.0109375 0.0265625
11 0.58671875 0.427734375 0.012890625 0.0265625
11 0.59765625 0.4265625 0.01171875 0.0265625
11 0.60859375 0.4265625 0.0125 0.0265625
11 0.619140625 0.42421875 0.010546875 0.0265625
11 0.67578125 0.4203125 0.010546875 0.027734375
12 0.637890625 0.44921875 0.26953125 0.296484375