12 0.505078125 0.4484375 0.33671875 0.078125
11 0.432421875 0.4265625 0.0171875 0.015625
11 0.453125 0.4234375 0.0171875 0.0203125
11 0.553125 0.425 0.019140625 0.01953125
11 0.573046875 0.426171875 0.0171875 0.01484375
11 0.596484375 0.426171875 0.02265625 0.01875
11 0.55546875 0.441015625 0.010546875 0.0109375
11 0.56875 0.4421875 0.015625 0.0078125
3 0.475 0.4453125 0.019140625 0.017578125
1 0.46953125 0.469140625 0.02265625 0.0203125
4 0.503515625 0.469140625 0.02421875 0.02265625
8 0.53125 0.468359375 0.020703125 0.02265625
11 0.410546875 0.4234375 0.019140625 0.0203125
7 0.5171875 0.445703125 0.020703125 0.01875
2 0.453125 0.4703125 0.010546875 0.02265625
2 0.5015625 0.4453125 0.010546875 0.01953125
2 0.43671875 0.445703125 0.00859375 0.01875
2 0.49140625 0.423828125 0.0140625 0.021484375
2 0.5453125 0.44609375 0.010546875 0.01953125
6 0.51484375 0.423828125 0.02265625 0.021484375
10 0.453125 0.4453125 0.020703125 0.01953125
3 0.3671875 0.4453125 0.019140625 0.01953125