11 0.498046875 0.53203125 0.007421875 0.013671875
7 0.494140625 0.507421875 0.01484375 0.019921875
6 0.482421875 0.53359375 0.018359375 0.025
6 0.530859375 0.506640625 0.01484375 0.01953125
3 0.549609375 0.50625 0.016015625 0.019921875
4 0.45859375 0.508203125 0.0140625 0.019921875
2 0.480859375 0.507421875 0.006640625 0.017578125
2 0.519140625 0.533203125 0.006640625 0.023828125
1 0.5125 0.50703125 0.01484375 0.020703125
12 0.506640625 0.522265625 0.133203125 0.060546875
1 0.5328125 0.532421875 0.019140625 0.025