6 0.457421875 0.34375 0.02421875 0.0234375
2 0.434765625 0.344140625 0.01640625 0.02265625
10 0.477734375 0.31953125 0.0203125 0.017578125
12 0.437109375 0.316015625 0.329296875 0.0890625
1 0.488671875 0.34375 0.0265625 0.021484375
7 0.50703125 0.318359375 0.022265625 0.017578125
10 0.450390625 0.31953125 0.022265625 0.017578125
9 0.394140625 0.31953125 0.0203125 0.017578125
3 0.42265625 0.319921875 0.0203125 0.01875
3 0.394140625 0.344140625 0.02421875 0.02265625
3 0.366796875 0.319921875 0.022265625 0.01875