11 0.596484375 0.558984375 0.01328125 0.010546875
7 0.51328125 0.542578125 0.022265625 0.019921875
7 0.56328125 0.541796875 0.022265625 0.01875
9 0.539453125 0.54140625 0.0234375 0.01953125
6 0.612890625 0.54140625 0.02109375 0.01953125
5 0.594921875 0.5859375 0.027734375 0.020703125
4 0.58984375 0.54140625 0.024609375 0.019921875
1 0.43984375 0.587109375 0.022265625 0.01953125
12 0.55390625 0.568359375 0.285546875 0.090625
1 0.53125 0.5859375 0.022265625 0.021875
1 0.568359375 0.5859375 0.025390625 0.023046875
2 0.51484375 0.5859375 0.012109375 0.020703125
11 0.6109375 0.559765625 0.01796875 0.009375
11 0.549609375 0.58671875 0.0078125 0.017578125
11 0.4859375 0.560546875 0.014453125 0.011328125
11 0.534375 0.559765625 0.01328125 0.010546875
11 0.5109375 0.56015625 0.0109375 0.011328125
11 0.499609375 0.56015625 0.012109375 0.01171875
11 0.522265625 0.56015625 0.0109375 0.01171875