8 0.432421875 0.63125 0.033984375 0.03828125
11 0.548828125 0.58984375 0.022265625 0.015625
11 0.53203125 0.5875 0.01171875 0.0203125
11 0.626953125 0.564453125 0.02734375 0.029296875
11 0.60078125 0.559375 0.022265625 0.0390625
11 0.359375 0.562109375 0.03125 0.03203125
11 0.3125 0.556640625 0.03125 0.037109375
5 0.576953125 0.56015625 0.026171875 0.0359375
1 0.3078125 0.59296875 0.030078125 0.033203125
2 0.48125 0.558984375 0.022265625 0.0359375
3 0.38203125 0.59375 0.030078125 0.033203125
10 0.505859375 0.558984375 0.02734375 0.03828125
4 0.53125 0.558984375 0.0234375 0.0359375
0 0.55078125 0.569921875 0.015625 0.01640625
4 0.411328125 0.593359375 0.0234375 0.034375
4 0.436328125 0.593359375 0.026171875 0.034375
0 0.3828125 0.568359375 0.012890625 0.017578125
4 0.346484375 0.637109375 0.0234375 0.03046875
9 0.46171875 0.59375 0.024609375 0.033203125
9 0.5 0.6328125 0.03125 0.0390625
11 0.37421875 0.636328125 0.01953125 0.028125
12 0.469921875 0.59609375 0.403515625 0.13984375
7 0.487109375 0.59375 0.026171875 0.033203125
6 0.512890625 0.594140625 0.026171875 0.03203125
6 0.46796875 0.633203125 0.030078125 0.03828125