11 0.503125 0.538671875 0.00625 0.0109375
2 0.545703125 0.539453125 0.010546875 0.01484375
7 0.428125 0.53984375 0.016796875 0.01171875
9 0.490625 0.505859375 0.019140625 0.015625
0 0.50625 0.51015625 0.012890625 0.00703125
11 0.405859375 0.505859375 0.019140625 0.015625
11 0.42265625 0.5078125 0.01484375 0.01171875
11 0.441796875 0.50625 0.019140625 0.01484375
11 0.44921875 0.53984375 0.012890625 0.01171875
11 0.560546875 0.50625 0.01484375 0.01640625
11 0.579296875 0.508203125 0.019140625 0.0109375
11 0.561328125 0.519140625 0.00859375 0.00703125
11 0.573046875 0.519921875 0.01484375 0.00703125
8 0.548828125 0.521484375 0.016796875 0.013671875
8 0.512890625 0.521875 0.012890625 0.0125
8 0.531640625 0.521484375 0.016796875 0.013671875
2 0.5234375 0.538671875 0.012890625 0.01484375
2 0.5265625 0.50625 0.01484375 0.01640625
2 0.596484375 0.507421875 0.01484375 0.01640625
2 0.474609375 0.5390625 0.00859375 0.015625
1 0.4015625 0.5203125 0.019140625 0.013671875
1 0.489453125 0.5390625 0.02109375 0.015625
1 0.61328125 0.507421875 0.019140625 0.01640625
1 0.63125 0.507421875 0.016796875 0.01640625
3 0.4734375 0.521484375 0.01484375 0.013671875
7 0.492578125 0.521484375 0.019140625 0.013671875
12 0.516796875 0.521484375 0.283984375 0.060546875