3 0.377734375 0.48671875 0.05390625 0.03203125
1 0.35234375 0.40859375 0.020703125 0.01484375
1 0.3046875 0.45 0.02265625 0.015625
1 0.2875 0.48828125 0.02265625 0.015625
8 0.5859375 0.4046875 0.02265625 0.0125
5 0.3375 0.413671875 0.019140625 0.01484375
4 0.28828125 0.456640625 0.02421875 0.01484375
1 0.32890625 0.501953125 0.050390625 0.03125
6 0.512890625 0.433203125 0.05390625 0.03203125
10 0.46953125 0.45234375 0.050390625 0.03125
9 0.575390625 0.431640625 0.046875 0.029296875
9 0.42109375 0.468359375 0.050390625 0.03203125
12 0.440234375 0.466796875 0.331640625 0.138671875