11 0.5421875 0.648828125 0.017578125 0.02265625
11 0.565234375 0.651171875 0.02734375 0.017578125
11 0.31171875 0.721484375 0.030078125 0.034375
6 0.5390625 0.6078125 0.03671875 0.046875
6 0.50390625 0.6078125 0.0359375 0.046875
7 0.495703125 0.715234375 0.043359375 0.048046875
7 0.39375 0.715625 0.044140625 0.048828125
8 0.403515625 0.657421875 0.033203125 0.03984375
3 0.325 0.657421875 0.03828125 0.042578125
2 0.46640625 0.71640625 0.016015625 0.044921875
4 0.439453125 0.65859375 0.0375 0.041796875
5 0.476953125 0.65859375 0.0390625 0.038671875
9 0.5140625 0.65859375 0.03828125 0.041796875
0 0.56640625 0.62265625 0.019140625 0.01796875
0 0.3203125 0.62265625 0.020703125 0.017578125
11 0.680078125 0.6140625 0.03828125 0.035546875
11 0.64140625 0.60859375 0.032421875 0.048046875
11 0.29296875 0.61328125 0.0359375 0.035546875
11 0.223046875 0.608203125 0.0390625 0.048828125
11 0.42421875 0.71484375 0.016796875 0.032421875
12 0.454296875 0.661328125 0.566796875 0.18515625
4 0.3640625 0.65859375 0.03671875 0.041796875
8 0.2734375 0.721875 0.028515625 0.03359375
2 0.46953125 0.607421875 0.02578125 0.04765625
2 0.608984375 0.608203125 0.025 0.04765625