11 0.65 0.7609375 0.00859375 0.021875
12 0.666796875 0.78515625 0.204296875 0.23046875
11 0.7015625 0.75859375 0.0125 0.0171875
7 0.683984375 0.717578125 0.01484375 0.041796875
2 0.62265625 0.723828125 0.005859375 0.03828125
9 0.634765625 0.721484375 0.015625 0.04296875
9 0.651171875 0.72109375 0.015625 0.041796875
8 0.66875 0.71875 0.014453125 0.039453125
1 0.700390625 0.71640625 0.015625 0.041796875
11 0.615625 0.7640625 0.009765625 0.023046875
11 0.62578125 0.762890625 0.010546875 0.023046875
11 0.63359375 0.762890625 0.00859375 0.023046875
11 0.641796875 0.76171875 0.008984375 0.023046875
11 0.66328125 0.820703125 0.00703125 0.034765625
11 0.6921875 0.757421875 0.0078125 0.021875