10 0.431640625 0.523046875 0.053515625 0.06328125
12 0.409375 0.53125 0.81875 0.29375
2 0.520703125 0.451171875 0.0390625 0.072265625
2 0.2265625 0.52734375 0.0234375 0.05859375
11 0.315625 0.452734375 0.053515625 0.06953125
2 0.48046875 0.60859375 0.020703125 0.0703125
2 0.27265625 0.60859375 0.02734375 0.0703125
1 0.051953125 0.526953125 0.051953125 0.06171875
1 0.572265625 0.4484375 0.05078125 0.0703125
1 0.727734375 0.4484375 0.059765625 0.072265625
0 0.66328125 0.47109375 0.03515625 0.03046875
11 0.559375 0.5125 0.04296875 0.025390625
11 0.525390625 0.509375 0.02734375 0.034375
11 0.05859375 0.45390625 0.049609375 0.072265625
11 0.110546875 0.453515625 0.046875 0.06953125
11 0.16015625 0.453125 0.049609375 0.0703125
11 0.21171875 0.453515625 0.05078125 0.06953125
11 0.264453125 0.452734375 0.049609375 0.06953125
8 0.319140625 0.60703125 0.051953125 0.06953125
5 0.4015625 0.609375 0.069140625 0.06640625
4 0.322265625 0.525 0.05078125 0.06171875
4 0.4875 0.52421875 0.048046875 0.060546875
6 0.376171875 0.523828125 0.051953125 0.06171875
7 0.26484375 0.5265625 0.05078125 0.064453125
8 0.62578125 0.449609375 0.053515625 0.07109375