7 0.5828125 0.59296875 0.01171875 0.0296875
2 0.566015625 0.525 0.00703125 0.0296875
11 0.54765625 0.5296875 0.009765625 0.02421875
11 0.534375 0.597265625 0.0078125 0.02421875
10 0.555078125 0.5921875 0.0109375 0.03125
5 0.570703125 0.59296875 0.0109375 0.026171875
5 0.5875 0.557421875 0.00859375 0.02421875
4 0.577734375 0.558203125 0.00859375 0.026171875
11 0.59375 0.526171875 0.009765625 0.027734375
4 0.5234375 0.597265625 0.0078125 0.020703125
11 0.603515625 0.528515625 0.009765625 0.02265625
11 0.612890625 0.5296875 0.0109375 0.020703125
2 0.575 0.526171875 0.009765625 0.03125
11 0.594140625 0.551953125 0.0046875 0.0171875
12 0.57109375 0.56171875 0.15234375 0.1234375
11 0.60078125 0.553125 0.0078125 0.012109375
3 0.5671875 0.558203125 0.009765625 0.026171875
11 0.56328125 0.59375 0.00390625 0.02421875
11 0.52890625 0.526171875 0.0109375 0.03125
11 0.538671875 0.5296875 0.00859375 0.02421875
9 0.5578125 0.557421875 0.009765625 0.027734375
2 0.517578125 0.598046875 0.00390625 0.02265625
3 0.547265625 0.55625 0.0109375 0.026171875