12 0.421875 0.57890625 0.75 0.255859375
6 0.404296875 0.572265625 0.04296875 0.056640625
3 0.25703125 0.57421875 0.045703125 0.05859375
3 0.421875 0.644921875 0.057421875 0.0671875
2 0.444140625 0.5078125 0.03125 0.06640625
2 0.46875 0.57421875 0.028515625 0.0546875
6 0.34453125 0.6484375 0.05859375 0.06640625
11 0.568359375 0.56484375 0.03515625 0.02421875
11 0.121875 0.505859375 0.05078125 0.060546875
11 0.213671875 0.5125 0.046875 0.044921875
7 0.489453125 0.5078125 0.046875 0.0625
11 0.240234375 0.655859375 0.037890625 0.04609375
6 0.537109375 0.508203125 0.045703125 0.06328125
11 0.53984375 0.56171875 0.022265625 0.029296875
11 0.720703125 0.51796875 0.048046875 0.04765625
11 0.67265625 0.5109375 0.040234375 0.064453125
0 0.251171875 0.525 0.028515625 0.02421875
0 0.5734375 0.52890625 0.02734375 0.028125
4 0.307421875 0.572265625 0.041796875 0.05859375
8 0.50703125 0.57421875 0.03515625 0.0546875
9 0.184765625 0.654296875 0.044140625 0.048828125
5 0.48046875 0.648046875 0.057421875 0.065625
5 0.35546875 0.570703125 0.046875 0.05546875
5 0.626953125 0.51015625 0.04296875 0.06953125
1 0.112109375 0.5703125 0.049609375 0.056640625