11 0.50078125 0.74453125 0.01015625 0.03046875
6 0.5546875 0.780078125 0.010546875 0.035546875
11 0.58359375 0.73828125 0.00859375 0.040625
8 0.50546875 0.8328125 0.009375 0.029296875
5 0.57734375 0.7796875 0.011328125 0.034375
9 0.54140625 0.82734375 0.01328125 0.040625
9 0.5421875 0.73828125 0.01171875 0.03828125
2 0.60546875 0.7375 0.008203125 0.039453125
0 0.550390625 0.75078125 0.00546875 0.015234375
11 0.55078125 0.82578125 0.005078125 0.028125
11 0.59453125 0.742578125 0.011328125 0.029296875
11 0.592578125 0.773046875 0.00859375 0.01640625
11 0.585546875 0.77109375 0.005078125 0.01796875
11 0.516796875 0.8328125 0.01015625 0.029296875
11 0.511328125 0.740234375 0.011328125 0.041796875
12 0.558984375 0.784765625 0.170703125 0.158984375
6 0.566015625 0.780078125 0.01171875 0.035546875
1 0.572265625 0.8265625 0.01328125 0.041796875
11 0.48984375 0.739453125 0.01171875 0.040625
1 0.61484375 0.7375 0.011328125 0.039453125
1 0.62578125 0.73828125 0.01171875 0.040625
1 0.56328125 0.7375 0.01171875 0.039453125
4 0.559765625 0.8265625 0.01171875 0.041796875
3 0.53203125 0.780078125 0.01171875 0.035546875
6 0.543359375 0.780078125 0.01171875 0.03828125