0 0.566015625 0.492578125 0.0140625 0.00703125
10 0.519921875 0.5046875 0.019140625 0.015625
6 0.565234375 0.5046875 0.019140625 0.015625
7 0.542578125 0.504296875 0.015625 0.01640625
12 0.534765625 0.49296875 0.159765625 0.04296875
2 0.589453125 0.484375 0.012109375 0.01953125
3 0.4765625 0.50390625 0.015625 0.015625
3 0.54609375 0.484765625 0.02265625 0.0203125
9 0.5875 0.50390625 0.019140625 0.015625
9 0.5140625 0.48515625 0.027734375 0.021484375
2 0.502734375 0.505859375 0.012109375 0.015625