8 0.5578125 0.300390625 0.028125 0.15
12 0.487890625 0.21328125 0.351953125 0.4265625
8 0.412109375 0.2875 0.026953125 0.157421875
5 0.51875 0.299609375 0.032421875 0.1484375
5 0.48203125 0.294140625 0.034375 0.141015625
11 0.6171875 0.129296875 0.021875 0.08984375
11 0.387109375 0.0953125 0.02578125 0.0953125
11 0.39765625 0.18046875 0.0125 0.049609375
11 0.38515625 0.18125 0.01171875 0.051171875
11 0.37421875 0.17109375 0.0125 0.056640625
11 0.359765625 0.175 0.01328125 0.049609375
11 0.591796875 0.365234375 0.01640625 0.0421875
11 0.346875 0.17109375 0.013671875 0.049609375
11 0.578125 0.36171875 0.011328125 0.045703125
7 0.43984375 0.2875 0.03515625 0.16484375