11 0.38125 0.46171875 0.015625 0.015625
11 0.396875 0.4640625 0.015625 0.01171875
11 0.41328125 0.4625 0.0171875 0.0125
11 0.489453125 0.46015625 0.0171875 0.015625
11 0.505078125 0.4625 0.0140625 0.0109375
11 0.519921875 0.46171875 0.015625 0.01171875
11 0.49140625 0.4734375 0.00703125 0.0078125
11 0.50078125 0.47421875 0.012109375 0.0046875
2 0.401171875 0.478515625 0.00703125 0.013671875
2 0.450390625 0.478125 0.00859375 0.0125
2 0.4671875 0.478125 0.00703125 0.0125
2 0.41484375 0.49609375 0.00703125 0.015625
3 0.442578125 0.461328125 0.0171875 0.01484375
6 0.458203125 0.4609375 0.0171875 0.015625
6 0.471484375 0.49609375 0.019140625 0.015625
5 0.479296875 0.47734375 0.0171875 0.013671875
9 0.41328125 0.478125 0.0140625 0.0125
9 0.4296875 0.478125 0.015625 0.0125
1 0.428125 0.496484375 0.019140625 0.01484375
1 0.453125 0.49609375 0.0171875 0.015625
12 0.45390625 0.4796875 0.2515625 0.0625