11 0.484765625 0.666015625 0.01640625 0.00546875
0 0.4109375 0.65390625 0.011328125 0.007421875
11 0.338671875 0.65 0.01640625 0.013671875
11 0.358203125 0.649609375 0.015234375 0.01328125
11 0.378125 0.650390625 0.01640625 0.01328125
11 0.39765625 0.65078125 0.01796875 0.014453125
11 0.346875 0.68984375 0.01796875 0.01640625
11 0.471484375 0.66484375 0.01015625 0.00859375
12 0.419921875 0.67109375 0.280859375 0.06796875
11 0.30234375 0.646875 0.023046875 0.017578125
1 0.294140625 0.665234375 0.019140625 0.016796875
1 0.54765625 0.65234375 0.0203125 0.01953125
2 0.312109375 0.689453125 0.008984375 0.01484375
2 0.3734375 0.68828125 0.01015625 0.019921875
3 0.37421875 0.66640625 0.021484375 0.01640625
4 0.490625 0.6515625 0.0203125 0.020703125
4 0.5265625 0.651953125 0.019140625 0.01875
4 0.3234375 0.6890625 0.0140625 0.014453125
5 0.468359375 0.65078125 0.021484375 0.017578125
6 0.419921875 0.687890625 0.02421875 0.01953125
7 0.4359375 0.6671875 0.0203125 0.015625
9 0.4453125 0.68828125 0.02421875 0.01796875
10 0.45546875 0.66796875 0.019140625 0.01640625
10 0.415625 0.6671875 0.01796875 0.015625
10 0.395703125 0.666015625 0.019140625 0.015625
10 0.3921875 0.6875 0.02421875 0.01875