12 0.458984375 0.514453125 0.283984375 0.084375
11 0.5140625 0.492578125 0.01328125 0.013671875
11 0.498828125 0.491015625 0.017578125 0.01640625
11 0.415625 0.49609375 0.01484375 0.01796875
11 0.398828125 0.4984375 0.016015625 0.013671875
11 0.381640625 0.49765625 0.01875 0.01796875
11 0.531640625 0.492578125 0.016015625 0.013671875
11 0.4484375 0.5328125 0.008203125 0.012890625
3 0.47109375 0.511328125 0.016015625 0.015234375
3 0.44765625 0.49453125 0.019921875 0.0171875
3 0.4671875 0.49296875 0.01875 0.0171875
3 0.43515625 0.513671875 0.016015625 0.015234375
1 0.3453125 0.51796875 0.01875 0.01640625
2 0.405078125 0.515625 0.009375 0.015625
2 0.42109375 0.534375 0.012109375 0.01875
11 0.50078125 0.50546875 0.008203125 0.008203125
11 0.511328125 0.50625 0.01328125 0.006640625
10 0.417578125 0.5140625 0.016015625 0.015625
8 0.436328125 0.533203125 0.016015625 0.01796875
6 0.46328125 0.53203125 0.021484375 0.0171875
4 0.482421875 0.53046875 0.017578125 0.01875
7 0.45390625 0.51171875 0.01875 0.015625
6 0.488671875 0.51015625 0.016015625 0.015625