6 0.385546875 0.351171875 0.058984375 0.03046875
6 0.276953125 0.323828125 0.0328125 0.01640625
2 0.31953125 0.394140625 0.058984375 0.028125
12 0.32734375 0.387109375 0.27265625 0.1453125
8 0.4390625 0.315625 0.02421875 0.013671875
1 0.24375 0.429296875 0.057421875 0.0265625
1 0.22734375 0.34296875 0.03125 0.013671875
1 0.292578125 0.316796875 0.0328125 0.0125
1 0.20234375 0.38515625 0.0328125 0.01484375
1 0.19609375 0.42109375 0.027734375 0.013671875
4 0.2796875 0.4109375 0.0625 0.025390625
5 0.43828125 0.336328125 0.043359375 0.0265625
5 0.21796875 0.35 0.0296875 0.0125
6 0.35 0.369140625 0.0640625 0.03125