11 0.407421875 0.456640625 0.026171875 0.0265625
11 0.59453125 0.45703125 0.02734375 0.02734375
11 0.62109375 0.4578125 0.028515625 0.02734375
11 0.56953125 0.483984375 0.01171875 0.01484375
11 0.58671875 0.4859375 0.022265625 0.0125
11 0.380078125 0.452734375 0.026171875 0.034375
11 0.567578125 0.4546875 0.026171875 0.0359375
12 0.501171875 0.49453125 0.4375 0.1453125
11 0.434765625 0.4546875 0.028515625 0.028125
4 0.321484375 0.4890625 0.026171875 0.033203125
2 0.434765625 0.53359375 0.012890625 0.0359375
2 0.470703125 0.49140625 0.01171875 0.03125
2 0.528515625 0.49140625 0.010546875 0.029296875
3 0.404296875 0.490625 0.02734375 0.03203125
3 0.4578125 0.533203125 0.030078125 0.03515625
1 0.50078125 0.53359375 0.032421875 0.0359375
7 0.533984375 0.53359375 0.03125 0.0359375
6 0.491015625 0.49140625 0.026171875 0.03125
5 0.55 0.49140625 0.02734375 0.029296875
5 0.434765625 0.490625 0.028515625 0.03046875
10 0.516796875 0.453515625 0.028515625 0.034375