11 0.42734375 0.529296875 0.01015625 0.011328125
12 0.473828125 0.510546875 0.1859375 0.0625
2 0.417578125 0.5296875 0.005078125 0.010546875
1 0.49296875 0.509375 0.0125 0.013671875
1 0.5015625 0.49296875 0.01171875 0.01484375
1 0.52421875 0.49296875 0.01171875 0.01484375
3 0.43203125 0.508984375 0.0125 0.01328125
4 0.44453125 0.50859375 0.0125 0.013671875
7 0.456640625 0.50859375 0.01171875 0.013671875
7 0.480859375 0.508984375 0.01171875 0.01328125
6 0.469140625 0.508984375 0.01171875 0.01328125
6 0.4734375 0.52734375 0.01328125 0.015625
10 0.455078125 0.52734375 0.01328125 0.015625
9 0.487109375 0.52734375 0.0140625 0.015625
0 0.510546875 0.49765625 0.005859375 0.00546875
0 0.430859375 0.49765625 0.006640625 0.005078125
11 0.398828125 0.492578125 0.0125 0.01484375
11 0.534765625 0.49375 0.008984375 0.01484375
11 0.547265625 0.4953125 0.0125 0.01171875
11 0.501953125 0.505859375 0.005859375 0.00703125
11 0.509765625 0.50703125 0.008984375 0.005078125
11 0.421484375 0.49453125 0.01171875 0.011328125