9 0.5234375 0.86171875 0.04453125 0.0515625
11 0.554296875 0.861328125 0.016796875 0.03515625
5 0.58828125 0.862890625 0.04296875 0.05
5 0.573828125 0.79921875 0.040625 0.04375
3 0.6078125 0.741796875 0.04296875 0.0515625
3 0.56796875 0.742578125 0.041796875 0.0515625
1 0.615625 0.8 0.040625 0.044921875
11 0.430078125 0.86953125 0.0328125 0.03828125
12 0.5921875 0.804296875 0.6359375 0.2140625
11 0.712890625 0.791015625 0.03125 0.01953125
4 0.63515625 0.8625 0.045703125 0.052734375
4 0.32578125 0.796484375 0.037890625 0.04375
11 0.6859375 0.74375 0.04296875 0.05
2 0.362890625 0.86875 0.012890625 0.034375
2 0.458984375 0.798828125 0.016796875 0.04296875
2 0.50078125 0.79765625 0.014453125 0.04296875
2 0.490234375 0.861328125 0.014453125 0.046875
2 0.668359375 0.79921875 0.015625 0.0421875
11 0.4125 0.741796875 0.0390625 0.0515625
11 0.4515625 0.7484375 0.0390625 0.03828125
11 0.489453125 0.7484375 0.041796875 0.03828125
11 0.72578125 0.750390625 0.0390625 0.03984375
11 0.763671875 0.7515625 0.0390625 0.03984375
11 0.688671875 0.788671875 0.016796875 0.02265625
1 0.3859375 0.869140625 0.030078125 0.037109375
6 0.530859375 0.79765625 0.037890625 0.044921875