3 0.619140625 0.60703125 0.01328125 0.032421875
3 0.644921875 0.676171875 0.01484375 0.032421875
1 0.628515625 0.676171875 0.015625 0.032421875
5 0.635546875 0.63828125 0.013671875 0.028515625
5 0.64921875 0.638671875 0.013671875 0.02734375
12 0.62734375 0.64140625 0.213671875 0.145703125
5 0.633984375 0.60625 0.014453125 0.030859375
11 0.666796875 0.633203125 0.01015625 0.01171875
11 0.658984375 0.63203125 0.00546875 0.0140625
11 0.618359375 0.676953125 0.004296875 0.02265625
11 0.682421875 0.60859375 0.013671875 0.02421875
11 0.66953125 0.608203125 0.011328125 0.021484375
11 0.65703125 0.605859375 0.013671875 0.030078125
11 0.59453125 0.612109375 0.011328125 0.02578125
11 0.58046875 0.613671875 0.0125 0.02265625
11 0.568359375 0.610546875 0.01171875 0.030859375
10 0.622265625 0.63984375 0.01171875 0.0265625
10 0.595703125 0.641015625 0.0125 0.025
3 0.592578125 0.67734375 0.01484375 0.031640625
2 0.612890625 0.641796875 0.00546875 0.030078125
2 0.585546875 0.642578125 0.00625 0.0265625
1 0.5421875 0.644140625 0.014453125 0.030078125
1 0.6078125 0.676953125 0.014453125 0.030859375