12 0.598046875 0.751953125 0.19453125 0.118359375
5 0.566796875 0.751171875 0.0125 0.0234375
2 0.558203125 0.751953125 0.0046875 0.024609375
11 0.58828125 0.784375 0.00703125 0.022265625
9 0.634765625 0.71796875 0.01171875 0.02734375
11 0.554296875 0.720703125 0.0109375 0.02734375
11 0.54296875 0.721875 0.01171875 0.02734375
11 0.51953125 0.721875 0.01171875 0.02734375
10 0.646484375 0.71796875 0.01171875 0.02734375
11 0.566015625 0.719921875 0.0125 0.028515625
11 0.578125 0.719921875 0.01171875 0.028515625
11 0.58984375 0.719921875 0.01171875 0.028515625
11 0.625390625 0.743359375 0.00703125 0.012890625
11 0.633203125 0.744140625 0.00859375 0.01171875
10 0.580078125 0.75078125 0.01171875 0.024609375
6 0.591796875 0.75 0.01171875 0.026171875
3 0.60390625 0.74921875 0.0109375 0.024609375
4 0.6171875 0.748828125 0.01171875 0.026171875
1 0.53125 0.72265625 0.01171875 0.028515625
1 0.51875 0.752734375 0.01171875 0.026171875
1 0.66953125 0.717578125 0.0125 0.028515625
0 0.655859375 0.72578125 0.0046875 0.01171875