5 0.405859375 0.43828125 0.07109375 0.05546875
5 0.621875 0.434765625 0.07109375 0.05703125
11 0.67578125 0.419140625 0.034375 0.032421875
11 0.719140625 0.42109375 0.0546875 0.026953125
11 0.458984375 0.51953125 0.034375 0.048828125
7 0.33359375 0.440234375 0.069140625 0.061328125
6 0.47890625 0.43671875 0.074609375 0.06171875
2 0.28515625 0.44140625 0.027734375 0.05625
12 0.4859375 0.475 0.60078125 0.180859375
5 0.551171875 0.43515625 0.072265625 0.055078125
3 0.321875 0.521484375 0.07890625 0.071484375
2 0.53515625 0.51875 0.03125 0.06171875
10 0.595703125 0.515234375 0.085546875 0.071484375
2 0.426171875 0.520703125 0.03125 0.06171875