4 0.457421875 0.39609375 0.02421875 0.02265625
9 0.47578125 0.37421875 0.02421875 0.017578125
1 0.396484375 0.373046875 0.02421875 0.017578125
3 0.343359375 0.371875 0.02421875 0.01953125
9 0.369921875 0.373046875 0.02421875 0.017578125
9 0.42265625 0.3734375 0.02421875 0.01875
4 0.450390625 0.3734375 0.022265625 0.01875
12 0.41171875 0.370703125 0.32734375 0.08671875
2 0.4359375 0.39609375 0.018359375 0.0203125
1 0.3984375 0.394921875 0.02421875 0.02265625
2 0.375 0.394921875 0.0140625 0.02265625
11 0.414453125 0.394921875 0.008203125 0.0125