11 0.42578125 0.598828125 0.030859375 0.03984375
11 0.45546875 0.602734375 0.028515625 0.03046875
11 0.4859375 0.602734375 0.032421875 0.03046875
11 0.633203125 0.59453125 0.028515625 0.040625
11 0.6625 0.59921875 0.028515625 0.03125
11 0.691796875 0.59921875 0.030078125 0.032421875
11 0.634765625 0.62890625 0.01484375 0.01953125
11 0.654296875 0.630859375 0.025 0.014453125
11 0.445703125 0.69296875 0.02265625 0.029296875
2 0.544140625 0.59609375 0.02421875 0.04140625
2 0.4640625 0.63984375 0.019140625 0.033203125
2 0.494140625 0.638671875 0.017578125 0.03515625
2 0.48828125 0.685546875 0.017578125 0.038671875
4 0.362109375 0.640234375 0.030859375 0.035546875
9 0.5171875 0.63828125 0.030078125 0.03515625
1 0.548828125 0.63828125 0.031640625 0.036328125
8 0.58046875 0.63671875 0.030078125 0.034375
8 0.51640625 0.683984375 0.031640625 0.03828125
8 0.598046875 0.68359375 0.031640625 0.04296875
4 0.559765625 0.68515625 0.03671875 0.042578125
4 0.612109375 0.637109375 0.029296875 0.035546875
10 0.41015625 0.69296875 0.025 0.030078125
9 0.574609375 0.59609375 0.031640625 0.04140625
12 0.559765625 0.63828125 0.4796875 0.17421875