2 0.456640625 0.410546875 0.0234375 0.042578125
3 0.388671875 0.501171875 0.0375 0.042578125
1 0.475 0.501953125 0.03828125 0.04140625
11 0.61015625 0.41484375 0.028515625 0.029296875
11 0.57890625 0.41484375 0.032421875 0.02890625
11 0.54765625 0.41015625 0.031640625 0.038671875
11 0.33515625 0.4109375 0.031640625 0.040625
11 0.366796875 0.415625 0.030078125 0.030078125
11 0.39765625 0.41484375 0.030078125 0.029296875
11 0.549609375 0.444921875 0.0140625 0.01875
11 0.569140625 0.44609375 0.0234375 0.01640625
12 0.469140625 0.45703125 0.494921875 0.164453125
9 0.397265625 0.452734375 0.032421875 0.035546875
9 0.46171875 0.453515625 0.031640625 0.035546875
9 0.49375 0.451953125 0.030859375 0.036328125
9 0.5265625 0.45234375 0.030078125 0.0375
9 0.48671875 0.41015625 0.033203125 0.042578125
2 0.436328125 0.501171875 0.016015625 0.038671875
2 0.522265625 0.5015625 0.016015625 0.03671875
4 0.430078125 0.453515625 0.028515625 0.039453125