11 0.4203125 0.6859375 0.01484375 0.042578125
12 0.539453125 0.69609375 0.3640625 0.302734375
8 0.5015625 0.616015625 0.02265625 0.08125
8 0.43046875 0.61796875 0.01953125 0.07734375
8 0.694921875 0.609765625 0.0265625 0.085546875
7 0.45234375 0.61875 0.021484375 0.079296875
2 0.646484375 0.76015625 0.017578125 0.093359375
2 0.67734375 0.76015625 0.0125 0.085546875
2 0.6015625 0.609765625 0.017578125 0.093359375
2 0.632421875 0.609765625 0.01640625 0.093359375
2 0.4109375 0.61796875 0.013671875 0.085546875
9 0.475 0.61875 0.02265625 0.079296875
3 0.66015625 0.609765625 0.029296875 0.093359375
11 0.435546875 0.6859375 0.015625 0.042578125
11 0.697265625 0.7296875 0.01171875 0.040625