12 0.49375 0.546875 0.326171875 0.0703125
11 0.54453125 0.530859375 0.012890625 0.01640625
1 0.49375 0.566015625 0.02109375 0.01640625
3 0.444921875 0.546484375 0.02109375 0.01484375
3 0.394140625 0.566796875 0.016796875 0.0109375
3 0.4375 0.565625 0.0234375 0.015625
6 0.465234375 0.546875 0.019140625 0.013671875
6 0.51796875 0.566796875 0.0234375 0.01640625
5 0.50859375 0.547265625 0.02109375 0.0125
10 0.487109375 0.546875 0.02109375 0.013671875
11 0.415234375 0.5671875 0.016796875 0.01171875
11 0.564453125 0.5328125 0.0234375 0.0125
11 0.4078125 0.52890625 0.019140625 0.01640625
11 0.387890625 0.53046875 0.02109375 0.01171875
11 0.36640625 0.528125 0.02109375 0.017578125
11 0.545703125 0.54375 0.010546875 0.0078125
11 0.47890625 0.566015625 0.00859375 0.0109375
11 0.558203125 0.5453125 0.01484375 0.00703125
9 0.465234375 0.529296875 0.019140625 0.015625
0 0.480859375 0.534765625 0.012890625 0.00703125
2 0.504296875 0.5296875 0.012890625 0.01640625
2 0.58359375 0.53125 0.01484375 0.015625
2 0.469140625 0.566015625 0.010546875 0.01484375
2 0.38125 0.566796875 0.00859375 0.0109375
1 0.362109375 0.5453125 0.02109375 0.01484375
1 0.5296875 0.546875 0.02109375 0.013671875
1 0.6046875 0.53125 0.019140625 0.015625
1 0.623828125 0.53125 0.019140625 0.015625