3 0.380078125 0.660546875 0.0390625 0.05546875
3 0.4890625 0.66015625 0.04296875 0.0546875
0 0.57421875 0.560546875 0.018359375 0.01953125
4 0.23359375 0.601953125 0.03671875 0.0421875
4 0.557421875 0.5984375 0.03671875 0.046875
2 0.365625 0.601171875 0.026171875 0.04609375
2 0.4046875 0.60078125 0.020703125 0.044921875
2 0.272265625 0.671875 0.014453125 0.037109375
8 0.43359375 0.59921875 0.03671875 0.04375
5 0.294921875 0.6703125 0.03125 0.03203125
1 0.426953125 0.66171875 0.041796875 0.05390625
7 0.506640625 0.54453125 0.0390625 0.0515625
6 0.545703125 0.543359375 0.03671875 0.0515625
11 0.692578125 0.540625 0.037890625 0.0515625
0 0.34453125 0.5625 0.020703125 0.021484375
6 0.474609375 0.59921875 0.037890625 0.04609375
6 0.537109375 0.659765625 0.045703125 0.05390625
3 0.621484375 0.54296875 0.04453125 0.052734375
3 0.516796875 0.59921875 0.0390625 0.04609375
11 0.3125 0.5515625 0.04296875 0.041015625
11 0.2375 0.547265625 0.0390625 0.05390625
12 0.487109375 0.6015625 0.621484375 0.21484375
11 0.73515625 0.5484375 0.0390625 0.03984375
11 0.586328125 0.58671875 0.018359375 0.0234375
11 0.61015625 0.589453125 0.030078125 0.01875
11 0.339453125 0.669921875 0.02890625 0.037109375