8 0.69375 0.5359375 0.04140625 0.029296875
3 0.6265625 0.47265625 0.04296875 0.030859375
3 0.646484375 0.536328125 0.039453125 0.030078125
2 0.68203125 0.5046875 0.01796875 0.026953125
2 0.564453125 0.50390625 0.016015625 0.028515625
2 0.525 0.503515625 0.026953125 0.027734375
2 0.5546875 0.53828125 0.025 0.028515625
9 0.592578125 0.50390625 0.039453125 0.028515625
11 0.51796875 0.4765625 0.033984375 0.021484375
11 0.5546875 0.476171875 0.039453125 0.022265625
11 0.615625 0.53828125 0.014453125 0.023828125
11 0.734375 0.47265625 0.039453125 0.029296875
11 0.77109375 0.47578125 0.033984375 0.023046875
11 0.810546875 0.47578125 0.037890625 0.023046875
1 0.587890625 0.537890625 0.04140625 0.030859375
11 0.477734375 0.473828125 0.032421875 0.030078125
6 0.708203125 0.502734375 0.033984375 0.027734375
11 0.737109375 0.497265625 0.019921875 0.013671875
11 0.759375 0.498828125 0.02890625 0.01015625
7 0.6328125 0.503515625 0.037890625 0.027734375
8 0.664453125 0.47265625 0.04296875 0.030859375
12 0.648046875 0.507421875 0.57109375 0.11171875