2 0.39296875 0.45859375 0.01796875 0.0203125
2 0.412890625 0.478515625 0.009765625 0.013671875
3 0.383203125 0.478515625 0.02578125 0.015625
2 0.46328125 0.476953125 0.0078125 0.01484375
3 0.501171875 0.45625 0.031640625 0.0234375
6 0.419921875 0.4578125 0.027734375 0.0234375
0 0.479296875 0.465625 0.0078125 0.005859375
3 0.508984375 0.475 0.019921875 0.01484375
12 0.44453125 0.466796875 0.1921875 0.048828125
6 0.48203125 0.476171875 0.01796875 0.01484375
1 0.459375 0.45703125 0.027734375 0.021484375
9 0.4328125 0.478125 0.01796875 0.01484375