6 0.4625 0.51171875 0.019140625 0.017578125
1 0.49140625 0.491796875 0.0171875 0.01484375
1 0.4546875 0.491796875 0.0171875 0.01484375
9 0.43671875 0.491796875 0.015625 0.01484375
9 0.418359375 0.4921875 0.0171875 0.015625
2 0.479296875 0.491796875 0.00703125 0.01484375
10 0.434765625 0.5125 0.019140625 0.017578125
3 0.48359375 0.51171875 0.019140625 0.017578125
3 0.45234375 0.4734375 0.019140625 0.017578125
11 0.515625 0.488671875 0.0140625 0.00703125
11 0.50625 0.48828125 0.00859375 0.0078125
12 0.463671875 0.494140625 0.28125 0.0703125
2 0.40625 0.4921875 0.00703125 0.013671875
11 0.448046875 0.512109375 0.00703125 0.0125
11 0.520703125 0.47578125 0.0171875 0.013671875
11 0.5375 0.475 0.019140625 0.0125
5 0.46875 0.4734375 0.0171875 0.017578125
11 0.3828125 0.47421875 0.019140625 0.01875
11 0.401171875 0.47578125 0.0171875 0.013671875
11 0.416796875 0.4734375 0.0140625 0.017578125
11 0.504296875 0.4734375 0.019140625 0.017578125