10 0.574609375 0.766796875 0.0109375 0.049609375
2 0.48046875 0.799609375 0.0078125 0.03984375
11 0.480859375 0.75390625 0.0109375 0.04765625
11 0.469140625 0.751953125 0.0125 0.04765625
11 0.45703125 0.751171875 0.01171875 0.045703125
11 0.44375 0.748828125 0.0125 0.049609375
11 0.55859375 0.8046875 0.009765625 0.01796875
11 0.550390625 0.8015625 0.00703125 0.023828125
9 0.53359375 0.8609375 0.01484375 0.04765625
3 0.484375 0.855078125 0.015625 0.0515625
4 0.500390625 0.85625 0.01484375 0.049609375
4 0.541015625 0.80859375 0.01171875 0.041796875
7 0.5171875 0.80546875 0.0125 0.04375
1 0.503515625 0.803515625 0.0125 0.04375
6 0.49140625 0.8015625 0.01171875 0.04375
2 0.521875 0.8609375 0.00703125 0.04375
2 0.531640625 0.806640625 0.00703125 0.041796875
1 0.597265625 0.770703125 0.01640625 0.049609375
0 0.582421875 0.7828125 0.00703125 0.01796875
11 0.4921875 0.755078125 0.01171875 0.045703125
11 0.504296875 0.75703125 0.0109375 0.045703125
11 0.51640625 0.759765625 0.013671875 0.04765625
9 0.56171875 0.76484375 0.015625 0.049609375
2 0.44375 0.795703125 0.00703125 0.03984375
12 0.51953125 0.80859375 0.205078125 0.204296875