11 0.78671875 0.520703125 0.0203125 0.033203125
12 0.691015625 0.651953125 0.36640625 0.485546875
11 0.5328125 0.5390625 0.01640625 0.049609375
11 0.54765625 0.53828125 0.013671875 0.04765625
11 0.562109375 0.537109375 0.01640625 0.05390625
5 0.671875 0.780859375 0.037109375 0.107421875
2 0.60703125 0.787109375 0.01484375 0.107421875
1 0.74375 0.634375 0.0359375 0.115625
0 0.763671875 0.677734375 0.009765625 0.020703125
11 0.8296875 0.722265625 0.02265625 0.03515625
11 0.8125 0.72109375 0.013671875 0.0453125
11 0.769140625 0.51640625 0.01484375 0.0453125
1 0.781640625 0.629296875 0.0359375 0.113671875
1 0.783203125 0.765625 0.03515625 0.113671875
1 0.634375 0.78203125 0.0359375 0.117578125
7 0.708984375 0.776953125 0.037109375 0.119921875
11 0.81484375 0.51328125 0.01484375 0.043359375
9 0.746484375 0.770703125 0.0359375 0.119921875
11 0.80234375 0.515625 0.0109375 0.043359375