11 0.66796875 0.6328125 0.04765625 0.025
11 0.630859375 0.62734375 0.0265625 0.03515625
11 0.8671875 0.584375 0.06796875 0.05078125
11 0.80078125 0.5765625 0.0578125 0.06640625
11 0.196875 0.580859375 0.062109375 0.048828125
11 0.0765625 0.574609375 0.069140625 0.06328125
4 0.473828125 0.714453125 0.069140625 0.06328125
4 0.162890625 0.72265625 0.043359375 0.046875
9 0.58125 0.641015625 0.056640625 0.055078125
9 0.516015625 0.640234375 0.062109375 0.05390625
6 0.451171875 0.640625 0.058984375 0.05703125
2 0.340234375 0.64140625 0.03125 0.054296875
2 0.397265625 0.713671875 0.037890625 0.0625
2 0.32265625 0.714453125 0.037890625 0.060546875
2 0.12421875 0.721875 0.027734375 0.04296875
2 0.274609375 0.639453125 0.035546875 0.05546875
0 0.61015625 0.59609375 0.032421875 0.023828125
1 0.68515625 0.576171875 0.069140625 0.065234375
8 0.387109375 0.63828125 0.0578125 0.05703125
1 0.548828125 0.7140625 0.0765625 0.063671875
0 0.2453125 0.592578125 0.034375 0.02578125
1 0.562109375 0.576171875 0.06328125 0.065625
12 0.491015625 0.646484375 0.98203125 0.2640625
11 0.232421875 0.721484375 0.048828125 0.048046875