11 0.227734375 0.71953125 0.029296875 0.04296875
6 0.5375 0.608984375 0.046484375 0.054296875
6 0.585546875 0.59375 0.041015625 0.05859375
6 0.635546875 0.576171875 0.044140625 0.055078125
12 0.415234375 0.58359375 0.817578125 0.488671875
1 0.41796875 0.512890625 0.1625 0.165625
11 0.6265625 0.499609375 0.03671875 0.040625
11 0.52890625 0.533203125 0.033984375 0.04609375
11 0.568359375 0.523046875 0.041796875 0.0375
11 0.6015625 0.50859375 0.021484375 0.051171875
11 0.67109375 0.579296875 0.017578125 0.032421875
11 0.699609375 0.571875 0.033984375 0.026171875
11 0.376953125 0.378515625 0.032421875 0.023046875
11 0.349609375 0.38515625 0.02734375 0.026953125
11 0.26171875 0.70703125 0.030078125 0.03671875
11 0.2828125 0.699609375 0.0125 0.035546875
11 0.303515625 0.69375 0.030078125 0.036328125