12 0.5796875 0.8421875 0.2375 0.270703125
2 0.5328125 0.762109375 0.00859375 0.0453125
2 0.63125 0.75703125 0.00859375 0.0453125
9 0.547265625 0.760546875 0.01875 0.051953125
7 0.5671875 0.760546875 0.01953125 0.051953125
11 0.624609375 0.80546875 0.01484375 0.02421875
4 0.586328125 0.759375 0.01875 0.050390625
6 0.60625 0.7578125 0.01953125 0.050390625
1 0.48515625 0.884375 0.021484375 0.057421875
11 0.57578125 0.8765625 0.0109375 0.0453125
11 0.52265625 0.808203125 0.013671875 0.0296875
11 0.53359375 0.808984375 0.0109375 0.027734375
11 0.543359375 0.808203125 0.0109375 0.0296875
11 0.5640625 0.808203125 0.0109375 0.026171875
11 0.55390625 0.808203125 0.009765625 0.0296875
11 0.6125 0.803125 0.009765625 0.0296875