4 0.4109375 0.547265625 0.014453125 0.01640625
2 0.453125 0.5484375 0.0078125 0.01640625
3 0.463671875 0.5484375 0.012890625 0.01875
5 0.484375 0.5484375 0.015625 0.01640625
9 0.49921875 0.54921875 0.014453125 0.01640625
12 0.474609375 0.535546875 0.165234375 0.0734375
7 0.469921875 0.515234375 0.012890625 0.01484375
3 0.44140625 0.5140625 0.012890625 0.01484375
4 0.455859375 0.5140625 0.012890625 0.01484375
4 0.48359375 0.515234375 0.01171875 0.01484375
4 0.512890625 0.515234375 0.012890625 0.01484375
9 0.497265625 0.515234375 0.012890625 0.01484375
11 0.43828125 0.526953125 0.006640625 0.00703125
11 0.446484375 0.52734375 0.0078125 0.0078125
11 0.453125 0.52734375 0.005078125 0.0078125
11 0.46015625 0.527734375 0.006640625 0.00703125
11 0.46484375 0.528125 0.005078125 0.0078125
11 0.501953125 0.528125 0.006640625 0.0078125
11 0.5109375 0.52890625 0.008984375 0.0046875