2 0.426171875 0.5859375 0.0328125 0.046875
2 0.43671875 0.501953125 0.026171875 0.04296875
2 0.578125 0.4984375 0.03125 0.0421875
9 0.472265625 0.500390625 0.051953125 0.04609375
5 0.519140625 0.50078125 0.0484375 0.044921875
0 0.546875 0.512109375 0.0171875 0.01484375
3 0.362890625 0.5875 0.058984375 0.0515625
3 0.53203125 0.583984375 0.05390625 0.0546875
5 0.4765625 0.5859375 0.05390625 0.046875
1 0.230859375 0.58984375 0.05546875 0.048828125
11 0.2171875 0.5375 0.03125 0.028125
11 0.244921875 0.53828125 0.02421875 0.025390625
11 0.262890625 0.53828125 0.015625 0.02734375
11 0.286328125 0.5375 0.027734375 0.028125
11 0.53203125 0.534765625 0.026171875 0.028125
11 0.566015625 0.535546875 0.03828125 0.0265625
12 0.4375 0.552734375 0.573046875 0.193359375