2 0.272265625 0.583984375 0.026171875 0.056640625
11 0.5046875 0.5 0.03515625 0.0234375
11 0.4765625 0.49921875 0.020703125 0.02734375
11 0.34375 0.58203125 0.018359375 0.041015625
8 0.309765625 0.58203125 0.046875 0.056640625
8 0.401171875 0.512109375 0.044140625 0.05
0 0.587109375 0.4640625 0.026171875 0.0234375
5 0.6375 0.44453125 0.048046875 0.05859375
3 0.356640625 0.51484375 0.046875 0.05078125
7 0.26640625 0.517578125 0.04296875 0.05078125
4 0.3796875 0.58046875 0.053515625 0.06171875
4 0.311328125 0.516015625 0.044140625 0.0515625
4 0.44609375 0.511328125 0.040234375 0.05
4 0.5546875 0.4484375 0.041796875 0.05859375
10 0.509765625 0.44921875 0.048046875 0.056640625
2 0.4421875 0.578125 0.032421875 0.056640625
2 0.23359375 0.51953125 0.022265625 0.046875
11 0.09453125 0.464453125 0.048046875 0.059375
12 0.3671875 0.52265625 0.708203125 0.251953125
11 0.387890625 0.453515625 0.03125 0.0578125
11 0.3484375 0.4546875 0.045703125 0.0578125
11 0.303515625 0.456640625 0.041796875 0.059375
11 0.262890625 0.45859375 0.041796875 0.0578125
11 0.220703125 0.460546875 0.04296875 0.0578125
11 0.18046875 0.462890625 0.040234375 0.056640625
11 0.137890625 0.46328125 0.041796875 0.0578125