6 0.5515625 0.6140625 0.03515625 0.041015625
11 0.381640625 0.527734375 0.03125 0.04375
11 0.41328125 0.53203125 0.030078125 0.033203125
11 0.4421875 0.52734375 0.024609375 0.04296875
11 0.583984375 0.525390625 0.03515625 0.04296875
11 0.615234375 0.5296875 0.02734375 0.03203125
11 0.6453125 0.52890625 0.030078125 0.03203125
11 0.587890625 0.55859375 0.016796875 0.01953125
11 0.60859375 0.56015625 0.024609375 0.01484375
11 0.4921875 0.6140625 0.012890625 0.033203125
9 0.528125 0.5265625 0.040234375 0.0390625
4 0.317578125 0.56953125 0.03125 0.03515625
3 0.41015625 0.568359375 0.036328125 0.0390625
5 0.44140625 0.56796875 0.028515625 0.034375
5 0.503125 0.56640625 0.030078125 0.033203125
5 0.53515625 0.5671875 0.028515625 0.033203125
5 0.565234375 0.56796875 0.028515625 0.0359375
2 0.477734375 0.568359375 0.020703125 0.033203125
2 0.443359375 0.6140625 0.01953125 0.0390625
8 0.46953125 0.61328125 0.032421875 0.041015625
3 0.51484375 0.6140625 0.032421875 0.041015625
12 0.51171875 0.570703125 0.481640625 0.16484375