2 0.464453125 0.351171875 0.01015625 0.01640625
12 0.41875 0.34765625 0.32109375 0.091796875
2 0.44296875 0.375390625 0.012109375 0.0203125
3 0.34453125 0.34921875 0.022265625 0.01640625
3 0.40234375 0.375390625 0.02421875 0.02265625
3 0.484765625 0.351953125 0.022265625 0.01640625
5 0.465625 0.3765625 0.02421875 0.0203125
4 0.4296875 0.351171875 0.022265625 0.01640625
10 0.4015625 0.35 0.022265625 0.01640625
8 0.375 0.349609375 0.018359375 0.017578125
3 0.37109375 0.3734375 0.0265625 0.02265625