11 0.098046875 0.812890625 0.05390625 0.028125
11 0.125 0.79140625 0.0625 0.03203125
11 0.13984375 0.77265625 0.046875 0.021484375
0 0.42265625 0.468359375 0.02265625 0.0125
12 0.3359375 0.613671875 0.671875 0.74921875
1 0.353125 0.47578125 0.1234375 0.07421875
11 0.14921875 0.75625 0.0484375 0.03828125
2 0.174609375 0.7328125 0.07109375 0.02265625
1 0.396875 0.427734375 0.1265625 0.076171875
11 0.15 0.45234375 0.105859375 0.04296875
11 0.19609375 0.415625 0.083203125 0.05546875
11 0.2359375 0.35078125 0.104296875 0.05078125
11 0.205859375 0.3734375 0.08515625 0.05
11 0.48515625 0.3734375 0.0640625 0.04375
11 0.45234375 0.39921875 0.05390625 0.03125