12 0.397265625 0.601953125 0.359375 0.175
5 0.325390625 0.61953125 0.046875 0.04609375
5 0.295703125 0.52265625 0.0234375 0.021484375
1 0.4734375 0.5625 0.048046875 0.0390625
1 0.256640625 0.566796875 0.026171875 0.01875
1 0.228515625 0.615625 0.01953125 0.0203125
1 0.275390625 0.63828125 0.05078125 0.0421875
8 0.420703125 0.5765625 0.044140625 0.03984375
8 0.55078125 0.529296875 0.018359375 0.02734375
9 0.371875 0.59765625 0.05078125 0.0390625
4 0.239453125 0.57421875 0.026171875 0.0234375
6 0.53515625 0.558203125 0.051953125 0.03984375