6 0.44609375 0.566796875 0.016796875 0.0265625
7 0.4796875 0.54140625 0.014453125 0.0203125
7 0.51640625 0.543359375 0.014453125 0.0203125
2 0.48359375 0.568359375 0.008984375 0.02734375
2 0.448046875 0.541015625 0.0078125 0.017578125
2 0.501953125 0.54296875 0.006640625 0.01953125
4 0.4265625 0.540625 0.014453125 0.0203125
3 0.498046875 0.56875 0.016796875 0.0265625
11 0.463671875 0.566015625 0.010546875 0.01640625
12 0.46796875 0.555078125 0.13671875 0.065625
7 0.46171875 0.541015625 0.014453125 0.021484375