9 0.53671875 0.46953125 0.021875 0.015625
12 0.50390625 0.470703125 0.327734375 0.06640625
3 0.48984375 0.45078125 0.023046875 0.017578125
11 0.567578125 0.466015625 0.01640625 0.00703125
11 0.593359375 0.453125 0.019140625 0.011328125
11 0.451953125 0.453125 0.023046875 0.0125
4 0.473046875 0.469140625 0.019140625 0.015625
3 0.44296875 0.4890625 0.021875 0.01796875
6 0.450390625 0.46953125 0.0203125 0.01640625
11 0.40859375 0.451171875 0.023046875 0.017578125
11 0.4296875 0.453125 0.019140625 0.013671875
11 0.571875 0.45234375 0.019140625 0.0125
11 0.55078125 0.45078125 0.0203125 0.017578125
11 0.553515625 0.465234375 0.012109375 0.008203125
1 0.467578125 0.489453125 0.02421875 0.01875
10 0.527734375 0.489453125 0.02578125 0.017578125
10 0.51484375 0.46953125 0.021875 0.015625
2 0.434375 0.469921875 0.009375 0.017578125
2 0.371875 0.46953125 0.009375 0.01640625
1 0.493359375 0.469140625 0.019140625 0.016796875
1 0.51015625 0.45078125 0.0203125 0.016796875
5 0.501171875 0.488671875 0.02421875 0.01640625