12 0.3234375 0.3890625 0.641796875 0.39375
11 0.080859375 0.2859375 0.0234375 0.015625
11 0.13359375 0.30625 0.024609375 0.01484375
11 0.10546875 0.308984375 0.026171875 0.01640625
11 0.079296875 0.3125 0.0234375 0.013671875
11 0.055859375 0.31484375 0.018359375 0.01484375
11 0.52421875 0.465625 0.016796875 0.01953125
11 0.54765625 0.46484375 0.024609375 0.015625
11 0.13671875 0.511328125 0.018359375 0.01875
11 0.1640625 0.509765625 0.026171875 0.01953125
11 0.184375 0.50703125 0.008984375 0.021484375
11 0.204296875 0.50625 0.0234375 0.0265625
11 0.046875 0.288671875 0.020703125 0.01640625
11 0.0359375 0.316796875 0.022265625 0.01484375
11 0.425 0.408203125 0.022265625 0.03125
11 0.458984375 0.4078125 0.037890625 0.0265625
11 0.487109375 0.401953125 0.018359375 0.03046875
11 0.508984375 0.3984375 0.0234375 0.033203125
1 0.241015625 0.285546875 0.0390625 0.04609375
1 0.3390625 0.376953125 0.133984375 0.130859375
6 0.28515625 0.28046875 0.0390625 0.048828125
2 0.224609375 0.503515625 0.01171875 0.02265625
2 0.161328125 0.293359375 0.012890625 0.0421875
3 0.1875 0.29140625 0.033984375 0.04765625
4 0.41875 0.470703125 0.03515625 0.041015625
8 0.50078125 0.458984375 0.032421875 0.04296875
8 0.462109375 0.465234375 0.0390625 0.04609375
11 0.2140625 0.291015625 0.008984375 0.02734375
11 0.34296875 0.262109375 0.024609375 0.02265625
11 0.317578125 0.26484375 0.020703125 0.0234375
11 0.106640625 0.2828125 0.0234375 0.01484375
11 0.064453125 0.28828125 0.008984375 0.017578125