0 0.50546875 0.449609375 0.00625 0.00703125
12 0.513671875 0.460546875 0.281640625 0.06171875
11 0.408984375 0.44453125 0.02109375 0.015625
11 0.428125 0.445703125 0.016796875 0.0125
11 0.444921875 0.444921875 0.016796875 0.01640625
11 0.57421875 0.44765625 0.02109375 0.0109375
11 0.559375 0.45703125 0.00859375 0.0078125
11 0.569921875 0.4578125 0.012890625 0.0078125
11 0.451171875 0.47734375 0.016796875 0.01171875
11 0.55625 0.445703125 0.01484375 0.01640625
9 0.492578125 0.44453125 0.019140625 0.015625
2 0.525390625 0.4453125 0.016796875 0.017578125
2 0.591015625 0.446875 0.012890625 0.01640625
1 0.608203125 0.446875 0.016796875 0.01640625
1 0.626171875 0.446875 0.019140625 0.01640625
1 0.405859375 0.45859375 0.019140625 0.0125
3 0.4734375 0.46015625 0.019140625 0.013671875
3 0.51484375 0.4765625 0.02109375 0.015625
7 0.49140625 0.46015625 0.016796875 0.013671875
10 0.510546875 0.460546875 0.016796875 0.0125
10 0.430078125 0.476953125 0.016796875 0.0125
10 0.48828125 0.4765625 0.0234375 0.015625
5 0.53828125 0.476953125 0.02109375 0.01484375
9 0.5296875 0.4609375 0.016796875 0.013671875
4 0.546484375 0.4609375 0.016796875 0.013671875