12 0.51015625 0.3 0.315625 0.180859375
11 0.59296875 0.244140625 0.015625 0.03515625
11 0.623046875 0.28515625 0.017578125 0.041796875
11 0.607421875 0.287890625 0.0078125 0.036328125
11 0.590625 0.2859375 0.013671875 0.037890625
11 0.5765625 0.283984375 0.0125 0.036328125
11 0.609375 0.25 0.015625 0.0234375
11 0.6203125 0.344921875 0.025390625 0.0390625
11 0.52578125 0.345703125 0.02265625 0.040234375
0 0.5265625 0.296875 0.01171875 0.020703125
1 0.5421875 0.262890625 0.02734375 0.065234375
1 0.511328125 0.2625 0.03046875 0.06640625