12 0.557421875 0.73203125 0.812109375 0.26875
11 0.73828125 0.662109375 0.045703125 0.05078125
11 0.788671875 0.663671875 0.057421875 0.05390625
11 0.689453125 0.711328125 0.0234375 0.028125
11 0.72109375 0.714453125 0.037890625 0.02421875
11 0.5234375 0.8015625 0.0234375 0.044921875
11 0.340234375 0.79453125 0.016796875 0.0125
11 0.36875 0.81015625 0.040625 0.05
11 0.443359375 0.65625 0.05078125 0.05859375
2 0.440625 0.8015625 0.024609375 0.060546875
2 0.280078125 0.809375 0.022265625 0.044921875
2 0.454296875 0.723046875 0.026171875 0.0515625
2 0.401953125 0.723046875 0.026171875 0.0515625
4 0.234375 0.721875 0.05078125 0.05859375
11 0.34140625 0.651953125 0.05625 0.065625
4 0.590234375 0.65390625 0.06015625 0.0671875
11 0.3921875 0.6609375 0.05078125 0.05078125
11 0.684765625 0.6546875 0.05625 0.0671875
1 0.623828125 0.802734375 0.057421875 0.06640625
6 0.564453125 0.8015625 0.05625 0.068359375
10 0.48125 0.80234375 0.05625 0.065625
3 0.311328125 0.810546875 0.037890625 0.048828125
10 0.649609375 0.72421875 0.05078125 0.0578125
6 0.596484375 0.72421875 0.05234375 0.0578125
5 0.544921875 0.722265625 0.05078125 0.05390625
7 0.493359375 0.723046875 0.049609375 0.0578125