0 0.42890625 0.476171875 0.006640625 0.00703125
1 0.48125 0.48984375 0.01171875 0.01484375
1 0.502734375 0.472265625 0.012890625 0.01640625
11 0.425 0.509765625 0.008984375 0.01171875
11 0.55 0.47578125 0.014453125 0.013671875
11 0.537890625 0.473046875 0.010546875 0.01640625
0 0.51171875 0.476953125 0.005078125 0.00703125
3 0.4296875 0.4890625 0.012890625 0.015625
11 0.5109375 0.4875 0.01171875 0.005859375
11 0.419140625 0.473046875 0.012890625 0.0125
11 0.3953125 0.470703125 0.014453125 0.017578125
11 0.502734375 0.486328125 0.005078125 0.0078125
3 0.455078125 0.488671875 0.01171875 0.01484375
1 0.526171875 0.4734375 0.012890625 0.015625
12 0.474609375 0.49140625 0.209765625 0.072265625
10 0.46796875 0.488671875 0.01171875 0.01484375
4 0.4421875 0.488671875 0.01171875 0.01484375
10 0.4109375 0.51015625 0.01171875 0.0125
8 0.48828125 0.5078125 0.012890625 0.015625
2 0.47734375 0.508203125 0.006640625 0.01640625
2 0.442578125 0.508203125 0.0078125 0.01484375
1 0.453125 0.5078125 0.012890625 0.015625
1 0.493359375 0.48984375 0.012890625 0.01484375