4 0.40703125 0.44296875 0.02265625 0.01640625
4 0.519140625 0.46328125 0.020703125 0.0203125
2 0.463671875 0.443359375 0.0140625 0.015625
2 0.480859375 0.44296875 0.010546875 0.01640625
2 0.5171875 0.44296875 0.010546875 0.01484375
11 0.441796875 0.425 0.019140625 0.01953125
11 0.46015625 0.42734375 0.0171875 0.01484375
11 0.478125 0.425390625 0.019140625 0.01640625
11 0.559765625 0.425390625 0.02265625 0.01875
11 0.578125 0.42734375 0.0171875 0.01484375
11 0.596484375 0.42734375 0.019140625 0.01484375
11 0.5640625 0.43984375 0.010546875 0.00859375
11 0.574609375 0.440625 0.0140625 0.0078125
8 0.496484375 0.441796875 0.020703125 0.01640625
5 0.53046875 0.443359375 0.015625 0.015625
10 0.5484375 0.443359375 0.020703125 0.015625
9 0.49140625 0.462890625 0.027734375 0.01953125
3 0.541796875 0.46328125 0.02421875 0.0203125
4 0.527734375 0.425 0.02421875 0.01953125
12 0.515625 0.445703125 0.284765625 0.07109375