1 0.5078125 0.451171875 0.016015625 0.019921875
3 0.51875 0.49921875 0.020703125 0.023046875
10 0.492578125 0.473828125 0.01484375 0.01875
11 0.538671875 0.46953125 0.007421875 0.010546875
11 0.549609375 0.471484375 0.0125 0.009375
1 0.472265625 0.4984375 0.017578125 0.021875
1 0.498828125 0.5 0.017578125 0.023828125
3 0.4921875 0.451171875 0.016015625 0.02109375
2 0.459765625 0.49765625 0.008984375 0.02109375
9 0.458203125 0.473828125 0.016796875 0.019921875
12 0.498046875 0.47578125 0.2609375 0.089453125
11 0.553515625 0.45390625 0.01484375 0.014453125
11 0.570703125 0.45546875 0.01484375 0.016796875
7 0.51015625 0.47421875 0.016796875 0.019921875
4 0.527734375 0.475 0.0125 0.019921875
4 0.4765625 0.473828125 0.01484375 0.019921875
11 0.459765625 0.45234375 0.017578125 0.01484375
11 0.443359375 0.453515625 0.01484375 0.016796875
11 0.426171875 0.45078125 0.016015625 0.019921875
11 0.53828125 0.451953125 0.01484375 0.02265625
11 0.485546875 0.500390625 0.005859375 0.01796875