7 0.509765625 0.57578125 0.017578125 0.02421875
10 0.528515625 0.55 0.01484375 0.01875
10 0.473828125 0.55078125 0.0140625 0.01875
4 0.43828125 0.55078125 0.01328125 0.01875
2 0.46015625 0.55078125 0.006640625 0.017578125
2 0.4453125 0.57578125 0.007421875 0.021875
2 0.495703125 0.57578125 0.006640625 0.021875
8 0.46171875 0.575390625 0.01484375 0.023046875
5 0.491796875 0.550390625 0.01484375 0.016796875
1 0.509765625 0.55078125 0.016015625 0.01875
11 0.47578125 0.57421875 0.006640625 0.011328125
12 0.484765625 0.565625 0.1375 0.061328125