11 0.47890625 0.55078125 0.006640625 0.011328125
4 0.445703125 0.5328125 0.021875 0.01328125
2 0.46875 0.551171875 0.013671875 0.01484375
3 0.441015625 0.5515625 0.02578125 0.015625
6 0.49453125 0.55078125 0.021875 0.015625
7 0.517578125 0.55078125 0.02421875 0.01640625
7 0.525 0.53203125 0.0203125 0.014453125
8 0.50625 0.53203125 0.017578125 0.013671875
11 0.54140625 0.52890625 0.012109375 0.007421875
11 0.554296875 0.5296875 0.01640625 0.00546875
1 0.465625 0.5328125 0.0203125 0.014453125
1 0.486328125 0.532421875 0.021875 0.013671875
12 0.488671875 0.531640625 0.30234375 0.059375