2 0.371484375 0.52578125 0.03125 0.01875
1 0.35859375 0.47421875 0.019140625 0.0109375
7 0.39921875 0.51484375 0.03828125 0.021484375
1 0.325390625 0.500390625 0.015625 0.00859375
1 0.3109375 0.525390625 0.0140625 0.009765625
1 0.34296875 0.537109375 0.036328125 0.017578125
9 0.488671875 0.480078125 0.0328125 0.01640625
12 0.415625 0.511328125 0.2171875 0.08515625
7 0.4609375 0.492578125 0.036328125 0.01875
3 0.433984375 0.505859375 0.03828125 0.01953125
8 0.505078125 0.473046875 0.0140625 0.00859375
5 0.347265625 0.478515625 0.0140625 0.009765625
4 0.3140625 0.50390625 0.0140625 0.009765625