11 0.49609375 0.49921875 0.03125 0.069140625
11 0.554296875 0.506640625 0.028125 0.051953125
11 0.5265625 0.49921875 0.02734375 0.06640625
1 0.437890625 0.571484375 0.03046875 0.057421875
1 0.5828125 0.56640625 0.03125 0.057421875
8 0.6359375 0.4953125 0.03125 0.071484375
2 0.531640625 0.56953125 0.01640625 0.053515625
2 0.677734375 0.56328125 0.01953125 0.055859375
7 0.554296875 0.568359375 0.0265625 0.05859375
7 0.6421875 0.564453125 0.028125 0.061328125
7 0.65703125 0.642578125 0.03515625 0.069140625
3 0.544921875 0.64453125 0.033203125 0.067578125
3 0.5796875 0.64375 0.03203125 0.069140625
3 0.6234375 0.642578125 0.03046875 0.069140625
5 0.612890625 0.565625 0.028125 0.053515625
11 0.601953125 0.64375 0.0109375 0.048046875
11 0.69453125 0.549609375 0.013671875 0.033984375
11 0.71171875 0.551953125 0.021484375 0.026171875
11 0.690625 0.49296875 0.03125 0.06640625
11 0.719140625 0.5 0.028125 0.051953125
11 0.7484375 0.49921875 0.03046875 0.05078125
12 0.6265625 0.57421875 0.45625 0.276171875