2 0.491015625 0.32578125 0.010546875 0.0265625
12 0.462109375 0.322265625 0.2109375 0.130859375
2 0.428515625 0.3234375 0.0078125 0.025390625
1 0.4421875 0.323828125 0.01953125 0.0265625
5 0.462890625 0.324609375 0.022265625 0.02265625
11 0.471875 0.35625 0.016796875 0.015625
11 0.53828125 0.35859375 0.016796875 0.01953125
11 0.541796875 0.336328125 0.012890625 0.01484375
11 0.530078125 0.3359375 0.005078125 0.013671875
11 0.51953125 0.335546875 0.010546875 0.01484375
11 0.50859375 0.333984375 0.008984375 0.015625
11 0.53203125 0.320703125 0.01171875 0.0109375
11 0.518359375 0.31796875 0.012890625 0.01484375
0 0.4734375 0.337890625 0.008984375 0.005859375