11 0.683203125 0.39921875 0.01875 0.022265625
7 0.53203125 0.411328125 0.02734375 0.0546875
9 0.61328125 0.34296875 0.029296875 0.063671875
9 0.64453125 0.409375 0.02734375 0.053515625
9 0.6296875 0.48359375 0.03125 0.061328125
2 0.51171875 0.412109375 0.01171875 0.05078125
2 0.533203125 0.485546875 0.013671875 0.057421875
2 0.60703125 0.484375 0.0125 0.057421875
1 0.5609375 0.41015625 0.028125 0.0546875
1 0.55625 0.484375 0.03046875 0.059765625
5 0.590234375 0.4109375 0.028125 0.05078125
8 0.61796875 0.408984375 0.0234375 0.0546875
11 0.66640625 0.396484375 0.0125 0.02734375
11 0.4796875 0.34296875 0.029296875 0.06640625
11 0.508203125 0.35234375 0.0265625 0.045703125
11 0.533203125 0.34375 0.01953125 0.065234375
11 0.66484375 0.341796875 0.029296875 0.063671875
11 0.6921875 0.35078125 0.025390625 0.048046875
11 0.7203125 0.350390625 0.03046875 0.046875
12 0.60234375 0.415234375 0.453125 0.270703125