12 0.4828125 0.42109375 0.2640625 0.089453125
2 0.44296875 0.44296875 0.008984375 0.020703125
1 0.502734375 0.44296875 0.017578125 0.02265625
11 0.53515625 0.41484375 0.01328125 0.01015625
9 0.49375 0.417578125 0.017578125 0.02109375
11 0.469921875 0.44296875 0.006640625 0.01484375
9 0.4421875 0.417578125 0.017578125 0.019921875
11 0.52421875 0.41328125 0.01015625 0.011328125
2 0.4890625 0.44375 0.006640625 0.02109375
1 0.45703125 0.44296875 0.019140625 0.02265625
3 0.5109375 0.41796875 0.01484375 0.020703125
3 0.4765625 0.41796875 0.01484375 0.020703125
5 0.459765625 0.416796875 0.017578125 0.01875