11 0.516015625 0.58203125 0.0125 0.028515625
11 0.534375 0.584765625 0.021484375 0.0234375
11 0.51484375 0.52265625 0.029296875 0.063671875
11 0.54375 0.53125 0.02734375 0.046875
11 0.572265625 0.530078125 0.02734375 0.046875
11 0.37421875 0.533203125 0.02734375 0.045703125
11 0.34609375 0.532421875 0.0265625 0.046875
11 0.31796875 0.524609375 0.028125 0.0625
10 0.492578125 0.595703125 0.0265625 0.055859375
6 0.47578125 0.680859375 0.03125 0.067578125
6 0.43125 0.595703125 0.0265625 0.055859375
2 0.429296875 0.52421875 0.01640625 0.061328125
1 0.39375 0.6796875 0.033203125 0.067578125
7 0.400390625 0.595703125 0.02734375 0.055859375
12 0.441015625 0.598828125 0.48515625 0.286328125
2 0.369140625 0.680859375 0.01171875 0.0625
2 0.34921875 0.596875 0.0109375 0.05078125
2 0.3796875 0.595703125 0.009765625 0.048046875
5 0.45859375 0.52265625 0.0265625 0.061328125
5 0.441015625 0.68046875 0.03203125 0.063671875
4 0.4625 0.595703125 0.0265625 0.055859375