1 0.6078125 0.480859375 0.017578125 0.014453125
7 0.5453125 0.494921875 0.017578125 0.0125
7 0.527734375 0.4953125 0.017578125 0.01171875
11 0.558203125 0.492578125 0.008203125 0.007421875
11 0.5703125 0.493359375 0.01640625 0.00546875
1 0.626171875 0.48125 0.019140625 0.013671875
11 0.557421875 0.48046875 0.01484375 0.01484375
12 0.517578125 0.49609375 0.2765625 0.057421875
11 0.574609375 0.48203125 0.019140625 0.011328125
11 0.441796875 0.479296875 0.019140625 0.013671875
0 0.50390625 0.484375 0.0109375 0.005078125
2 0.460546875 0.49453125 0.008203125 0.01171875
2 0.59140625 0.480859375 0.01484375 0.014453125
10 0.487890625 0.511328125 0.021875 0.013671875
3 0.491015625 0.49453125 0.017578125 0.01171875
3 0.515625 0.51171875 0.0203125 0.013671875
3 0.5359375 0.51171875 0.023046875 0.013671875
11 0.501953125 0.51171875 0.009375 0.009375
11 0.40703125 0.479296875 0.0203125 0.013671875
11 0.4234375 0.480859375 0.017578125 0.010546875
7 0.509375 0.49453125 0.019140625 0.01171875
6 0.4734375 0.49453125 0.017578125 0.0125
8 0.52578125 0.48046875 0.019140625 0.014453125
9 0.48984375 0.4796875 0.0203125 0.014453125