0 0.711328125 0.7515625 0.0046875 0.0140625
5 0.6984375 0.730078125 0.021484375 0.057421875
8 0.72578125 0.72578125 0.021484375 0.05546875
11 0.6625 0.88203125 0.01640625 0.066015625
11 0.54296875 0.800390625 0.013671875 0.03828125
11 0.556640625 0.800390625 0.013671875 0.03828125
11 0.566796875 0.799609375 0.0046875 0.03984375
11 0.5765625 0.796875 0.0125 0.034765625
11 0.7078125 0.786328125 0.01171875 0.03125
11 0.72265625 0.7890625 0.017578125 0.026171875
2 0.65703125 0.7328125 0.009765625 0.058984375
1 0.55 0.890625 0.0234375 0.06953125
8 0.67578125 0.730859375 0.01953125 0.058984375
12 0.672265625 0.8296875 0.3078125 0.316015625