1 0.5 0.65390625 0.06953125 0.065625
11 0.377734375 0.65390625 0.02265625 0.04609375
11 0.573046875 0.5671875 0.03125 0.03515625
11 0.613671875 0.569921875 0.050390625 0.0265625
2 0.222265625 0.584375 0.027734375 0.059375
4 0.33515625 0.58203125 0.058984375 0.056640625
3 0.255078125 0.65625 0.06953125 0.064453125
6 0.426953125 0.65390625 0.073046875 0.065625
7 0.4625 0.58046875 0.0609375 0.05546875
7 0.526953125 0.5796875 0.0640625 0.05546875
7 0.269921875 0.58359375 0.0640625 0.0578125
9 0.3984375 0.58203125 0.0609375 0.05859375
1 0.32734375 0.6546875 0.07109375 0.06328125
12 0.4546875 0.587890625 0.90625 0.251953125