7 0.66796875 0.64765625 0.017578125 0.031640625
6 0.65234375 0.64921875 0.01640625 0.033203125
8 0.65390625 0.578515625 0.013671875 0.030078125
3 0.640234375 0.580859375 0.01328125 0.031640625
3 0.658203125 0.610546875 0.011328125 0.02734375
3 0.63203125 0.613671875 0.013671875 0.029296875
2 0.648046875 0.613671875 0.00859375 0.029296875
2 0.60703125 0.61484375 0.007421875 0.028515625
2 0.61953125 0.65078125 0.007421875 0.031640625
12 0.65234375 0.608984375 0.215625 0.144921875
11 0.68203125 0.602734375 0.008203125 0.016015625
11 0.690625 0.60390625 0.01015625 0.0125
11 0.67890625 0.576171875 0.01484375 0.029296875
11 0.691796875 0.579296875 0.013671875 0.025
11 0.70546875 0.578515625 0.013671875 0.025
11 0.61640625 0.58671875 0.013671875 0.025
11 0.603125 0.587890625 0.0125 0.02421875
11 0.588671875 0.584765625 0.01484375 0.033984375
1 0.63125 0.651171875 0.01640625 0.032421875
10 0.6171875 0.615234375 0.01328125 0.02734375
10 0.671484375 0.610546875 0.014453125 0.02734375