12 0.432421875 0.480859375 0.301953125 0.075
11 0.3890625 0.461328125 0.020703125 0.01484375
11 0.479296875 0.459375 0.020703125 0.01875
11 0.480859375 0.474609375 0.010546875 0.009765625
11 0.49296875 0.47578125 0.0140625 0.0078125
11 0.42109375 0.5 0.00859375 0.013671875
5 0.44375 0.458984375 0.02265625 0.01953125
5 0.448046875 0.478515625 0.020703125 0.015625
2 0.37421875 0.478515625 0.00859375 0.017578125
2 0.3890625 0.500390625 0.0140625 0.01875
2 0.4703125 0.478515625 0.010546875 0.015625
7 0.38984375 0.47890625 0.019140625 0.01640625
4 0.409765625 0.478515625 0.0171875 0.017578125
1 0.428125 0.478515625 0.019140625 0.017578125
1 0.40625 0.500390625 0.020703125 0.01875
11 0.35234375 0.458984375 0.020703125 0.01953125
5 0.43671875 0.499609375 0.02265625 0.01640625
6 0.458203125 0.5 0.020703125 0.01953125
11 0.4984375 0.461328125 0.0171875 0.01484375
11 0.518359375 0.461328125 0.019140625 0.01484375
11 0.370703125 0.4609375 0.015625 0.015625