5 0.36953125 0.51875 0.01484375 0.009765625
12 0.4578125 0.49921875 0.313671875 0.06640625
11 0.3390625 0.482421875 0.02109375 0.015625
11 0.358203125 0.484375 0.016796875 0.01171875
11 0.376953125 0.48203125 0.02109375 0.01640625
11 0.38984375 0.517578125 0.012890625 0.01171875
11 0.446875 0.515234375 0.00859375 0.0109375
11 0.50625 0.4921875 0.00859375 0.005859375
11 0.519140625 0.492578125 0.016796875 0.00703125
11 0.504296875 0.478515625 0.012890625 0.017578125
11 0.52109375 0.4796875 0.02109375 0.013671875
0 0.444921875 0.48515625 0.012890625 0.005859375
1 0.468359375 0.4796875 0.02109375 0.015625
1 0.3359375 0.49921875 0.019140625 0.013671875
1 0.57734375 0.47734375 0.019140625 0.015625
1 0.559375 0.478125 0.02109375 0.01484375
2 0.540234375 0.478125 0.012890625 0.01640625
2 0.496875 0.4953125 0.00625 0.013671875
2 0.41640625 0.515234375 0.00625 0.01484375
2 0.358203125 0.51796875 0.00859375 0.0109375
9 0.43203125 0.515234375 0.02109375 0.01640625
9 0.43125 0.48046875 0.019140625 0.015625
3 0.4140625 0.496875 0.019140625 0.013671875
8 0.434375 0.49609375 0.016796875 0.013671875
8 0.454296875 0.49609375 0.019140625 0.013671875
8 0.474609375 0.495703125 0.016796875 0.0125
7 0.48515625 0.513671875 0.02109375 0.015625
6 0.46171875 0.51484375 0.02109375 0.015625