2 0.394921875 0.5296875 0.00859375 0.01640625
3 0.41328125 0.509375 0.0171875 0.01640625
7 0.394140625 0.509375 0.0171875 0.01640625
10 0.43125 0.509375 0.019140625 0.01640625
5 0.449609375 0.508203125 0.0171875 0.01484375
10 0.4671875 0.50859375 0.0171875 0.015625
1 0.410546875 0.5296875 0.019140625 0.01640625
4 0.43828125 0.5296875 0.019140625 0.01875
9 0.459375 0.5296875 0.02265625 0.01875
11 0.4234375 0.5296875 0.010546875 0.0125
11 0.480859375 0.50546875 0.010546875 0.00859375
11 0.49296875 0.50625 0.0140625 0.00703125
12 0.4375 0.511328125 0.284765625 0.0734375
2 0.380078125 0.509375 0.010546875 0.01640625