12 0.447265625 0.33515625 0.310546875 0.089453125
5 0.498828125 0.338671875 0.019921875 0.01484375
6 0.476171875 0.3390625 0.01875 0.015625
10 0.45390625 0.33984375 0.016796875 0.015625
9 0.408203125 0.339453125 0.01875 0.01484375
3 0.434375 0.362109375 0.019921875 0.020703125
4 0.43203125 0.339453125 0.01796875 0.01484375
2 0.465625 0.36171875 0.008984375 0.017578125
9 0.48515625 0.36171875 0.02109375 0.020703125
3 0.3859375 0.33984375 0.01875 0.015625
3 0.40859375 0.362109375 0.019921875 0.020703125