11 0.32578125 0.49140625 0.013671875 0.01171875
11 0.340625 0.49140625 0.015625 0.01171875
11 0.354296875 0.48828125 0.012109375 0.015625
11 0.369921875 0.487890625 0.012109375 0.01640625
11 0.470703125 0.48671875 0.015625 0.01640625
11 0.487890625 0.48828125 0.019140625 0.013671875
11 0.430859375 0.50078125 0.00859375 0.009765625
3 0.33984375 0.50546875 0.013671875 0.0125
2 0.35859375 0.521875 0.00703125 0.01484375
9 0.4046875 0.50390625 0.015625 0.013671875
10 0.44453125 0.48671875 0.015625 0.01484375
10 0.371875 0.521875 0.019140625 0.01484375
1 0.39609375 0.521484375 0.019140625 0.015625
7 0.415234375 0.521484375 0.019140625 0.015625
5 0.41328125 0.488671875 0.015625 0.01484375
5 0.35625 0.504296875 0.015625 0.0125
1 0.37265625 0.50546875 0.013671875 0.0125
8 0.4203125 0.503125 0.012109375 0.013671875
11 0.296484375 0.490625 0.0171875 0.01484375
11 0.3109375 0.4921875 0.012109375 0.01171875
11 0.441796875 0.5015625 0.013671875 0.00703125
6 0.428125 0.48671875 0.0171875 0.01484375
6 0.3875 0.5046875 0.015625 0.013671875
3 0.29453125 0.50625 0.013671875 0.0125
12 0.392578125 0.5046875 0.24765625 0.060546875