2 0.459375 0.54765625 0.00859375 0.01953125
12 0.512109375 0.537109375 0.166796875 0.05859375
9 0.5 0.54765625 0.020703125 0.01953125
9 0.525 0.54765625 0.02265625 0.01953125
2 0.48359375 0.54765625 0.00859375 0.01953125
2 0.558203125 0.5484375 0.00859375 0.0203125
6 0.575390625 0.548828125 0.02265625 0.01953125
0 0.551171875 0.527734375 0.005078125 0.0046875
1 0.5390625 0.5203125 0.019140625 0.015625
1 0.56171875 0.52109375 0.019140625 0.01640625
11 0.48515625 0.53203125 0.00859375 0.009765625
11 0.4984375 0.53359375 0.0140625 0.00703125