11 0.469140625 0.565234375 0.01171875 0.033984375
1 0.538671875 0.63359375 0.01484375 0.029296875
10 0.49375 0.5984375 0.013671875 0.028515625
11 0.5640625 0.59453125 0.009375 0.0125
11 0.55625 0.592578125 0.00625 0.01484375
11 0.58046875 0.571484375 0.0125 0.0234375
11 0.567578125 0.571484375 0.011328125 0.0234375
11 0.554296875 0.568359375 0.0125 0.030078125
11 0.482421875 0.56953125 0.011328125 0.020703125
11 0.49453125 0.567578125 0.009375 0.031640625
4 0.525 0.6328125 0.0125 0.030859375
9 0.545703125 0.5984375 0.011328125 0.0265625
9 0.5328125 0.5984375 0.01171875 0.0265625
8 0.52109375 0.598046875 0.010546875 0.02578125
2 0.483984375 0.59765625 0.00546875 0.025
2 0.510546875 0.600390625 0.00625 0.029296875
3 0.53046875 0.568359375 0.0125 0.028515625
3 0.51796875 0.56796875 0.01171875 0.029296875
3 0.4890625 0.632421875 0.015625 0.031640625
1 0.44140625 0.597265625 0.01171875 0.02578125
1 0.50390625 0.633203125 0.014453125 0.028515625
12 0.52421875 0.603515625 0.213671875 0.133203125