5 0.409765625 0.551171875 0.034765625 0.0265625
7 0.3359375 0.551171875 0.0328125 0.028125
11 0.265625 0.5140625 0.034765625 0.03203125
11 0.299609375 0.51796875 0.0328125 0.02421875
11 0.334375 0.516015625 0.0328125 0.028125
11 0.509375 0.51328125 0.036328125 0.034375
11 0.544140625 0.51796875 0.0328125 0.02421875
11 0.578125 0.517578125 0.03125 0.025390625
11 0.512890625 0.543359375 0.015625 0.01484375
11 0.533984375 0.544921875 0.026171875 0.01171875
12 0.42109375 0.555078125 0.567578125 0.14140625
4 0.48515625 0.550390625 0.0328125 0.03046875
4 0.448046875 0.55078125 0.03125 0.029296875
2 0.309765625 0.551171875 0.012109375 0.0265625
1 0.36796875 0.593359375 0.03828125 0.034375
6 0.440234375 0.513671875 0.036328125 0.033203125
2 0.338671875 0.593359375 0.0140625 0.03203125
2 0.480078125 0.5921875 0.015625 0.03203125
1 0.191015625 0.55078125 0.034765625 0.029296875
4 0.425390625 0.5921875 0.03828125 0.034375
3 0.403515625 0.513671875 0.0328125 0.033203125
3 0.372265625 0.55078125 0.0328125 0.029296875