10 0.505859375 0.28984375 0.0234375 0.01796875
1 0.455078125 0.314453125 0.026171875 0.02265625
4 0.4875 0.314453125 0.0234375 0.02265625
12 0.4421875 0.28515625 0.376953125 0.09609375
3 0.36328125 0.288671875 0.024609375 0.017578125
3 0.390625 0.313671875 0.024609375 0.02265625
3 0.42265625 0.313671875 0.026171875 0.02265625
9 0.39140625 0.289453125 0.0234375 0.017578125
5 0.41953125 0.289453125 0.024609375 0.017578125
7 0.448828125 0.289453125 0.0234375 0.017578125
7 0.4765625 0.28984375 0.022265625 0.01796875