3 0.47265625 0.337890625 0.0265625 0.021484375
10 0.437890625 0.3140625 0.022265625 0.01640625
9 0.5203125 0.3140625 0.02421875 0.01640625
8 0.4125 0.3140625 0.0203125 0.01640625
12 0.45625 0.309375 0.32734375 0.0859375
7 0.49296875 0.314453125 0.022265625 0.015625
1 0.46640625 0.3140625 0.022265625 0.01640625
3 0.441015625 0.337890625 0.02421875 0.021484375
3 0.501953125 0.337890625 0.02421875 0.021484375
3 0.383984375 0.3140625 0.02421875 0.01640625
3 0.409375 0.337890625 0.0265625 0.021484375