10 0.64296875 0.622265625 0.01640625 0.043359375
2 0.629296875 0.62421875 0.00703125 0.03984375
5 0.660546875 0.61875 0.01640625 0.03984375
5 0.6796875 0.6171875 0.017578125 0.03984375
11 0.6703125 0.661328125 0.00859375 0.02421875
11 0.681640625 0.6640625 0.013671875 0.019140625
11 0.6375 0.73359375 0.0078125 0.036328125
11 0.56875 0.676171875 0.00859375 0.02265625
11 0.5625 0.676171875 0.00390625 0.02265625
11 0.55546875 0.678125 0.009765625 0.02265625
1 0.552734375 0.745703125 0.017578125 0.050390625
0 0.671875 0.636328125 0.00390625 0.00859375
11 0.54609375 0.67890625 0.009765625 0.02421875
12 0.6421875 0.692578125 0.22734375 0.25703125