8 0.45859375 0.551953125 0.010546875 0.02578125
12 0.458203125 0.58515625 0.175 0.11328125
1 0.38203125 0.584765625 0.0125 0.020703125
4 0.450390625 0.579296875 0.010546875 0.0234375
2 0.440234375 0.60859375 0.009375 0.02265625
3 0.45546875 0.608203125 0.01328125 0.025
7 0.472265625 0.576953125 0.010546875 0.020703125
6 0.46171875 0.57734375 0.011328125 0.021484375
4 0.46875 0.60625 0.013671875 0.02734375
2 0.41953125 0.5828125 0.00625 0.02265625
11 0.447265625 0.608984375 0.00546875 0.018359375
11 0.4890625 0.551953125 0.010546875 0.02421875
11 0.478125 0.55 0.011328125 0.0265625
2 0.446875 0.5515625 0.011328125 0.025
11 0.4046875 0.557421875 0.01171875 0.0265625
11 0.41640625 0.55859375 0.01171875 0.02421875
11 0.42734375 0.55625 0.011328125 0.02265625
11 0.50078125 0.5515625 0.011328125 0.021484375
11 0.48046875 0.571484375 0.00703125 0.01171875
11 0.487890625 0.571484375 0.008203125 0.01171875
10 0.428125 0.58203125 0.01015625 0.02265625
3 0.439453125 0.580859375 0.01015625 0.0234375
3 0.42578125 0.61171875 0.013671875 0.028515625