10 0.666015625 0.73046875 0.017578125 0.036328125
2 0.615625 0.736328125 0.0125 0.03515625
2 0.60234375 0.69921875 0.0078125 0.028515625
11 0.58515625 0.666015625 0.015625 0.03515625
11 0.598046875 0.666015625 0.0125 0.03515625
11 0.61171875 0.66796875 0.01484375 0.028515625
11 0.675390625 0.657421875 0.01484375 0.033984375
11 0.6890625 0.659375 0.0125 0.02734375
11 0.703515625 0.658984375 0.01640625 0.026171875
11 0.679296875 0.682421875 0.00703125 0.018359375
11 0.6890625 0.685546875 0.01484375 0.014453125
10 0.61328125 0.697265625 0.013671875 0.030078125
10 0.655859375 0.693359375 0.01484375 0.030078125
10 0.669921875 0.6921875 0.013671875 0.030078125
1 0.628125 0.696484375 0.015625 0.028515625
4 0.641015625 0.69453125 0.0125 0.030078125
8 0.629296875 0.734375 0.01484375 0.033984375
3 0.648046875 0.733203125 0.01484375 0.033984375
6 0.65 0.659375 0.01640625 0.03515625
12 0.64921875 0.6984375 0.220703125 0.149609375