12 0.5828125 0.69375 0.248046875 0.28984375
11 0.508203125 0.6734375 0.0109375 0.027734375
11 0.50078125 0.674609375 0.00390625 0.0296875
11 0.49296875 0.676171875 0.009765625 0.026171875
11 0.4828125 0.676953125 0.00859375 0.027734375
1 0.488671875 0.7515625 0.0203125 0.058984375
4 0.629296875 0.606640625 0.01640625 0.050390625
8 0.6078125 0.609375 0.01484375 0.0484375
2 0.59375 0.615625 0.0078125 0.050390625
2 0.57421875 0.614453125 0.0078125 0.0484375
0 0.61796875 0.6265625 0.00390625 0.0140625
11 0.5796875 0.734375 0.0109375 0.051953125
11 0.62734375 0.65625 0.0125 0.020703125
11 0.615625 0.6546875 0.00859375 0.027734375