12 0.54609375 0.49140625 0.12578125 0.057421875
11 0.533984375 0.488671875 0.01015625 0.00625
11 0.525390625 0.4875 0.007421875 0.00859375
10 0.53671875 0.50234375 0.016796875 0.017578125
0 0.575 0.4828125 0.003515625 0.004296875
1 0.58359375 0.475 0.0140625 0.01640625
1 0.566796875 0.474609375 0.01484375 0.015625
8 0.555859375 0.50234375 0.01484375 0.017578125
6 0.57421875 0.503125 0.01484375 0.017578125
3 0.593359375 0.503125 0.016796875 0.017578125
2 0.5234375 0.50234375 0.006640625 0.01640625
2 0.5046875 0.501953125 0.005859375 0.01640625