11 0.2796875 0.10859375 0.01796875 0.04609375
1 0.4625 0.244921875 0.03984375 0.126171875
8 0.29140625 0.196875 0.030859375 0.130078125
7 0.329296875 0.208203125 0.042578125 0.137109375
2 0.384375 0.233203125 0.023828125 0.141015625
6 0.418359375 0.2328125 0.03359375 0.137109375
11 0.5109375 0.3046875 0.021875 0.03671875
11 0.492578125 0.29921875 0.016015625 0.04765625
11 0.545703125 0.09921875 0.02578125 0.076171875
11 0.217578125 0.091015625 0.01484375 0.04609375
11 0.232421875 0.0984375 0.016796875 0.050390625
11 0.250390625 0.101953125 0.01484375 0.0515625
11 0.2625 0.104296875 0.016015625 0.04609375
11 0.269140625 0.03671875 0.024609375 0.06796875
12 0.3890625 0.192578125 0.44453125 0.38515625