5 0.66796875 0.82890625 0.01953125 0.046875
2 0.68515625 0.956640625 0.0125 0.058984375
2 0.608984375 0.840234375 0.0109375 0.051953125
2 0.70625 0.953125 0.01171875 0.058984375
9 0.62578125 0.83671875 0.021484375 0.051953125
9 0.689453125 0.8265625 0.021484375 0.051953125
7 0.646875 0.833203125 0.0203125 0.05546875
1 0.7109375 0.821875 0.01953125 0.05390625
1 0.646484375 0.964453125 0.0234375 0.0640625
3 0.623046875 0.9671875 0.021484375 0.0625
11 0.6625 0.9625 0.00859375 0.046875
11 0.698828125 0.875 0.0109375 0.03125
11 0.71171875 0.877734375 0.015625 0.02265625
11 0.60078125 0.89140625 0.013671875 0.0296875
11 0.613671875 0.89140625 0.0125 0.026171875
11 0.62421875 0.8890625 0.009765625 0.027734375
11 0.63515625 0.8890625 0.0125 0.027734375
11 0.646484375 0.886328125 0.01171875 0.0296875
12 0.66796875 0.879296875 0.271484375 0.237890625