3 0.49609375 0.515234375 0.019140625 0.014453125
3 0.529296875 0.533984375 0.023046875 0.016796875
3 0.630859375 0.496875 0.023046875 0.01640625
6 0.50546875 0.534765625 0.02421875 0.016796875
6 0.45390625 0.515625 0.019140625 0.01484375
4 0.475 0.515625 0.017578125 0.01484375
1 0.5703125 0.497265625 0.019140625 0.016796875
10 0.470703125 0.535546875 0.023046875 0.01875
11 0.5671875 0.512109375 0.01484375 0.00546875
11 0.373828125 0.498828125 0.021875 0.01640625
11 0.394140625 0.49921875 0.013671875 0.017578125
11 0.4125 0.49921875 0.0203125 0.016796875
11 0.43359375 0.498828125 0.019140625 0.01640625
11 0.452734375 0.498828125 0.013671875 0.01640625
11 0.4734375 0.498046875 0.023046875 0.01640625
0 0.60703125 0.50234375 0.013671875 0.008203125
12 0.50390625 0.518359375 0.327734375 0.070703125
11 0.554296875 0.5109375 0.0109375 0.008203125
7 0.51640625 0.514453125 0.019140625 0.01484375
7 0.538671875 0.514453125 0.0203125 0.01484375
7 0.590625 0.497265625 0.019140625 0.015625
2 0.5515625 0.497265625 0.01640625 0.016796875
2 0.43984375 0.51640625 0.009375 0.01484375