4 0.481640625 0.418359375 0.014453125 0.020703125
4 0.557421875 0.486328125 0.032421875 0.0515625
2 0.52109375 0.50234375 0.02421875 0.05078125
1 0.483984375 0.514453125 0.033203125 0.0515625
2 0.59453125 0.475390625 0.020703125 0.053125
10 0.6640625 0.437109375 0.03046875 0.03515625
5 0.628125 0.44921875 0.03359375 0.0375
1 0.49609375 0.415625 0.015625 0.0265625
1 0.466015625 0.46640625 0.015625 0.0234375
8 0.695703125 0.430078125 0.013671875 0.02578125
12 0.577734375 0.484765625 0.241796875 0.13671875