11 0.456667 0.777228 0.026667 0.207921
9 0.350000 0.480198 0.060000 0.227723
8 0.403333 0.757426 0.066667 0.267327
11 0.783333 0.252475 0.066667 0.227723
11 0.720000 0.247525 0.060000 0.198020
11 0.661667 0.217822 0.063333 0.257426
11 0.351667 0.212871 0.056667 0.247525
11 0.295000 0.242574 0.056667 0.188119
11 0.228333 0.207921 0.070000 0.257426
8 0.558333 0.460396 0.056667 0.227723
5 0.420000 0.460396 0.080000 0.227723
3 0.540000 0.202970 0.080000 0.267327
3 0.470000 0.202970 0.066667 0.267327
2 0.630000 0.504950 0.026667 0.237624
2 0.503333 0.475248 0.040000 0.217822
2 0.351667 0.762376 0.043333 0.277228
6 0.503333 0.772277 0.073333 0.257426
6 0.581667 0.772277 0.076667 0.257426
11 0.703333 0.435644 0.046667 0.099010
11 0.663333 0.420792 0.033333 0.108911