5 0.183983 0.776074 0.060606 0.165644
6 0.540043 0.475460 0.062771 0.202454
6 0.477273 0.475460 0.062771 0.214724
6 0.412338 0.475460 0.058442 0.202454
3 0.280303 0.463190 0.067100 0.214724
4 0.345238 0.463190 0.058442 0.202454
4 0.593074 0.236196 0.064935 0.226994
3 0.528139 0.230061 0.064935 0.226994
2 0.625541 0.490798 0.025974 0.196319
2 0.650433 0.239264 0.045455 0.233129
1 0.090909 0.457055 0.064935 0.202454
0 0.694805 0.315951 0.034632 0.092025
0 0.271645 0.294479 0.032468 0.085890
11 0.449134 0.751534 0.028139 0.153374
11 0.256494 0.779141 0.054113 0.171779
11 0.692641 0.450920 0.051948 0.092025
11 0.651515 0.438650 0.030303 0.104294
11 0.892857 0.279141 0.067100 0.177914
11 0.826840 0.242331 0.051948 0.226994
11 0.224026 0.242331 0.067100 0.177914
11 0.104978 0.211656 0.067100 0.239264
8 0.574675 0.751534 0.067100 0.239264
4 0.498918 0.757669 0.071429 0.239264
10 0.396104 0.751534 0.073593 0.239264
5 0.769481 0.245399 0.058442 0.233129