11 0.156367 0.433702 0.039326 0.116022
11 0.730337 0.403315 0.074906 0.110497
11 0.676030 0.395028 0.041199 0.127072
11 0.516854 0.676796 0.014981 0.193370
11 0.226592 0.428177 0.044944 0.127072
11 0.189139 0.436464 0.018727 0.132597
2 0.758427 0.212707 0.056180 0.204420
2 0.698502 0.665746 0.059925 0.226519
2 0.485019 0.685083 0.044944 0.232044
3 0.368914 0.687845 0.101124 0.248619
3 0.475655 0.229282 0.093633 0.237569
1 0.134831 0.704420 0.097378 0.237569
5 0.582397 0.676796 0.108614 0.237569
1 0.647004 0.212707 0.088015 0.215470
0 0.696629 0.279006 0.041199 0.060773
11 0.111423 0.433702 0.050562 0.116022
2 0.586142 0.218232 0.044944 0.182320