11 0.337995 0.227273 0.060606 0.232323
3 0.592075 0.449495 0.060606 0.212121
11 0.395105 0.242424 0.053613 0.242424
11 0.459207 0.222222 0.065268 0.242424
11 0.636364 0.419192 0.027972 0.111111
11 0.674825 0.419192 0.048951 0.090909
0 0.793706 0.272727 0.034965 0.101010
1 0.488345 0.752525 0.076923 0.252525
3 0.403263 0.479798 0.060606 0.212121
10 0.745921 0.191919 0.060606 0.222222
10 0.568765 0.732323 0.069930 0.252525
10 0.397436 0.757576 0.072261 0.262626
6 0.466200 0.474747 0.065268 0.202020
6 0.337995 0.479798 0.060606 0.212121
2 0.296037 0.494949 0.023310 0.222222
2 0.109557 0.515152 0.027972 0.202020
9 0.531469 0.469697 0.065268 0.212121
9 0.685315 0.202020 0.065268 0.242424
1 0.864802 0.196970 0.069930 0.252525
11 0.157343 0.257576 0.053613 0.232323
11 0.222611 0.247475 0.053613 0.252525
11 0.278555 0.247475 0.058275 0.252525
11 0.095571 0.257576 0.060606 0.252525