11 0.706468 0.259259 0.059701 0.185185
11 0.276119 0.858025 0.054726 0.197531
11 0.696517 0.444444 0.049751 0.098765
11 0.656716 0.435185 0.029851 0.117284
11 0.345771 0.265432 0.054726 0.246914
11 0.291045 0.305556 0.054726 0.166667
11 0.226368 0.287037 0.064677 0.240741
11 0.644279 0.240741 0.064677 0.234568
11 0.773632 0.250000 0.054726 0.203704
5 0.509950 0.790123 0.074627 0.246914
5 0.203980 0.870370 0.039801 0.172840
9 0.609453 0.487654 0.054726 0.222222
10 0.410448 0.805556 0.074627 0.216049
10 0.544776 0.493827 0.074627 0.209877
10 0.480100 0.500000 0.064677 0.209877
10 0.412935 0.518519 0.069652 0.209877
10 0.524876 0.240741 0.054726 0.234568
2 0.164179 0.876543 0.029851 0.185185
3 0.345771 0.515432 0.064677 0.216049
3 0.465174 0.250000 0.064677 0.228395
6 0.584577 0.787037 0.074627 0.253086