11 0.446939 0.445783 0.036735 0.120482
11 0.406122 0.445783 0.044898 0.120482
11 0.324490 0.445783 0.044898 0.120482
11 0.279592 0.427711 0.044898 0.132530
9 0.706122 0.271084 0.081633 0.204819
5 0.616327 0.277108 0.073469 0.192771
3 0.540816 0.698795 0.102041 0.240964
2 0.448980 0.692771 0.065306 0.228916
2 0.367347 0.692771 0.065306 0.228916
2 0.644898 0.704819 0.073469 0.228916
2 0.553061 0.277108 0.053061 0.192771
7 0.461224 0.259036 0.081633 0.204819
7 0.379592 0.259036 0.081633 0.204819
11 0.638776 0.451807 0.044898 0.108434
11 0.693878 0.463855 0.065306 0.108434
11 0.365306 0.445783 0.036735 0.120482