11 0.638333 0.412371 0.030000 0.103093
6 0.513333 0.242268 0.066667 0.226804
6 0.571667 0.734536 0.070000 0.231959
2 0.448333 0.265464 0.043333 0.231959
2 0.425000 0.489691 0.036667 0.185567
2 0.295000 0.497423 0.023333 0.180412
2 0.485000 0.487113 0.030000 0.211340
2 0.423333 0.765464 0.033333 0.242268
7 0.530000 0.476804 0.053333 0.201031
10 0.593333 0.463918 0.053333 0.185567
10 0.340000 0.494845 0.060000 0.195876
3 0.333333 0.770619 0.066667 0.231959
1 0.091667 0.528351 0.063333 0.180412
11 0.335000 0.268041 0.050000 0.226804
11 0.278333 0.304124 0.050000 0.154639
11 0.211667 0.270619 0.056667 0.211340
11 0.628333 0.231959 0.056667 0.226804
11 0.683333 0.250000 0.053333 0.170103
11 0.751667 0.244845 0.063333 0.180412
11 0.676667 0.425258 0.046667 0.097938
11 0.450000 0.747423 0.020000 0.175258
1 0.501667 0.747423 0.063333 0.226804