2 0.623437 0.482759 0.028125 0.206897
11 0.696875 0.442529 0.050000 0.080460
11 0.262500 0.735632 0.056250 0.183908
1 0.100000 0.431034 0.062500 0.218391
3 0.471875 0.229885 0.068750 0.229885
3 0.540625 0.235632 0.068750 0.218391
3 0.350000 0.454023 0.062500 0.218391
7 0.412500 0.465517 0.062500 0.218391
3 0.543750 0.477011 0.062500 0.218391
10 0.481250 0.465517 0.062500 0.195402
10 0.393750 0.712644 0.081250 0.229885
6 0.495312 0.735632 0.078125 0.229885
9 0.193750 0.741379 0.056250 0.172414
9 0.571875 0.741379 0.075000 0.218391
11 0.231250 0.224138 0.075000 0.241379
11 0.296875 0.235632 0.056250 0.195402
11 0.359375 0.252874 0.056250 0.183908
11 0.653125 0.247126 0.068750 0.218391
11 0.715625 0.275862 0.056250 0.183908
11 0.775000 0.281609 0.062500 0.172414
11 0.657813 0.425287 0.028125 0.114943