9 0.397561 0.769048 0.073171 0.252381
11 0.258537 0.802381 0.048780 0.204762
10 0.402439 0.485714 0.063415 0.228571
11 0.685366 0.438095 0.043902 0.104762
11 0.646341 0.435714 0.034146 0.109524
4 0.539024 0.485714 0.063415 0.209524
10 0.600000 0.480952 0.058537 0.219048
11 0.697561 0.254762 0.058537 0.185714
11 0.636585 0.228571 0.053659 0.238095
11 0.765854 0.254762 0.058537 0.185714
11 0.339024 0.228571 0.053659 0.238095
11 0.275610 0.264286 0.053659 0.195238
11 0.212195 0.240476 0.053659 0.242857
1 0.092683 0.485714 0.058537 0.209524
5 0.519512 0.230952 0.063415 0.242857
3 0.185366 0.802381 0.048780 0.185714
2 0.148780 0.802381 0.024390 0.185714
6 0.495122 0.759524 0.073171 0.252381
7 0.568293 0.759524 0.073171 0.252381
7 0.468293 0.485714 0.068293 0.209524
2 0.343902 0.773810 0.024390 0.261905
3 0.334146 0.490476 0.063415 0.219048
3 0.460976 0.230952 0.063415 0.242857