2 0.776056 0.250000 0.042254 0.256098
10 0.416901 0.457317 0.073239 0.207317
9 0.409859 0.201220 0.064789 0.231707
2 0.538028 0.225610 0.067606 0.256098
2 0.654930 0.213415 0.053521 0.256098
2 0.497183 0.469512 0.030986 0.231707
1 0.091549 0.445122 0.064789 0.207317
1 0.574648 0.762195 0.073239 0.256098
1 0.836620 0.237805 0.067606 0.256098
1 0.902817 0.250000 0.064789 0.256098
3 0.347887 0.451220 0.064789 0.219512
3 0.497183 0.762195 0.070423 0.256098
6 0.183099 0.768293 0.056338 0.195122
7 0.395775 0.743902 0.076056 0.268293
7 0.609859 0.481707 0.053521 0.231707
5 0.545070 0.475610 0.053521 0.195122
11 0.260563 0.768293 0.059155 0.195122
11 0.105634 0.189024 0.064789 0.256098
11 0.167606 0.225610 0.059155 0.182927
11 0.235211 0.213415 0.064789 0.256098
11 0.719718 0.256098 0.064789 0.195122
11 0.657746 0.432927 0.030986 0.134146
11 0.698592 0.445122 0.050704 0.134146
11 0.450704 0.768293 0.022535 0.195122