5 0.508696 0.802139 0.069565 0.245989
11 0.460870 0.802139 0.026087 0.203209
11 0.271739 0.844920 0.056522 0.192513
11 0.697826 0.475936 0.047826 0.117647
11 0.660870 0.457219 0.026087 0.133690
11 0.773913 0.275401 0.060870 0.187166
11 0.710870 0.280749 0.065217 0.176471
11 0.645652 0.251337 0.065217 0.235294
11 0.354348 0.256684 0.065217 0.245989
11 0.286957 0.286096 0.060870 0.187166
11 0.226087 0.267380 0.060870 0.245989
4 0.613043 0.505348 0.069565 0.251337
10 0.413043 0.799465 0.069565 0.262032
9 0.545652 0.513369 0.065217 0.213904
9 0.580435 0.796791 0.073913 0.235294
7 0.200000 0.844920 0.060870 0.192513
5 0.482609 0.513369 0.060870 0.213904
8 0.421739 0.508021 0.060870 0.224599
3 0.352174 0.510695 0.069565 0.240642
3 0.528261 0.254011 0.073913 0.262032
2 0.354348 0.815508 0.030435 0.272727
1 0.097826 0.526738 0.065217 0.262032