11 0.357438 0.445783 0.037190 0.120482
7 0.450413 0.259036 0.074380 0.180723
7 0.628099 0.668675 0.082645 0.228916
4 0.533058 0.259036 0.074380 0.180723
4 0.603306 0.253012 0.074380 0.192771
6 0.681818 0.246988 0.082645 0.180723
1 0.128099 0.722892 0.074380 0.192771
1 0.433884 0.692771 0.082645 0.228916
2 0.365702 0.698795 0.037190 0.192771
3 0.545455 0.680723 0.082645 0.204819
11 0.270661 0.451807 0.045455 0.108434
11 0.316116 0.427711 0.045455 0.108434
11 0.394628 0.427711 0.037190 0.108434
11 0.440083 0.427711 0.037190 0.108434
11 0.626033 0.421687 0.045455 0.096386
11 0.681818 0.427711 0.066116 0.060241
7 0.371901 0.265060 0.082645 0.192771