4 0.115566 0.664894 0.089623 0.223404
2 0.372642 0.675532 0.047170 0.223404
3 0.433962 0.680851 0.075472 0.255319
5 0.561321 0.675532 0.094340 0.223404
9 0.648585 0.686170 0.089623 0.223404
7 0.471698 0.228723 0.075472 0.202128
3 0.299528 0.207447 0.080189 0.202128
4 0.386792 0.207447 0.075472 0.202128
4 0.554245 0.228723 0.070755 0.202128
4 0.731132 0.228723 0.075472 0.202128
9 0.636792 0.228723 0.075472 0.202128
11 0.280660 0.388298 0.042453 0.095745
11 0.330189 0.393617 0.047170 0.106383
11 0.370283 0.393617 0.033019 0.106383
11 0.412736 0.398936 0.042453 0.095745
11 0.441038 0.404255 0.033019 0.106383
11 0.665094 0.404255 0.037736 0.106383
11 0.719340 0.414894 0.051887 0.063830