1 0.515459 0.331220 0.215459 0.326466
11 0.404348 0.098257 0.035749 0.053883
11 0.436232 0.072108 0.043478 0.064976
0 0.770531 0.452456 0.014493 0.030111
11 0.859903 0.374010 0.038647 0.038035
11 0.825604 0.389065 0.024155 0.049128
11 0.725604 0.267036 0.027053 0.080824
11 0.757971 0.252773 0.053140 0.083994
11 0.692754 0.306656 0.061836 0.068146
11 0.646377 0.330428 0.038647 0.068146
11 0.429469 0.706022 0.029952 0.061807
11 0.406763 0.722662 0.021256 0.057052
11 0.383575 0.738510 0.038647 0.060222
11 0.347343 0.764659 0.039614 0.055468
11 0.146860 0.283677 0.034783 0.038035
11 0.117391 0.307448 0.033816 0.041204
11 0.096135 0.326466 0.018357 0.034865
11 0.074879 0.340729 0.033816 0.047544
11 0.197101 0.319334 0.038647 0.055468
11 0.165217 0.341521 0.036715 0.045959
11 0.138647 0.366878 0.031884 0.045959
11 0.103382 0.384311 0.028986 0.042789
11 0.079710 0.409667 0.037681 0.045959
3 0.787440 0.395404 0.061836 0.112520
10 0.370531 0.152932 0.064734 0.103011
5 0.683092 0.474643 0.071498 0.074485
6 0.733816 0.438193 0.062802 0.118859
6 0.317391 0.199683 0.070531 0.110935
5 0.257488 0.232171 0.072464 0.087163