4 0.200000 0.801802 0.036364 0.198198
11 0.104545 0.243243 0.063636 0.252252
11 0.168182 0.256757 0.063636 0.171171
11 0.236364 0.243243 0.054545 0.252252
11 0.695455 0.225225 0.063636 0.198198
11 0.636364 0.198198 0.054545 0.252252
11 0.259091 0.801802 0.045455 0.198198
0 0.454545 0.292793 0.036364 0.099099
9 0.395455 0.225225 0.063636 0.252252
9 0.568182 0.747748 0.063636 0.252252
6 0.522727 0.225225 0.081818 0.252252
2 0.750000 0.211712 0.045455 0.225225
2 0.350000 0.761261 0.045455 0.225225
2 0.418182 0.747748 0.036364 0.252252
2 0.159091 0.801802 0.045455 0.198198
5 0.495455 0.747748 0.081818 0.252252
5 0.545455 0.459459 0.054545 0.180180
5 0.600000 0.459459 0.054545 0.180180
3 0.345455 0.468468 0.054545 0.198198
1 0.804545 0.211712 0.063636 0.225225
1 0.863636 0.211712 0.072727 0.225225
7 0.409091 0.468468 0.072727 0.198198
8 0.472727 0.468468 0.054545 0.198198
11 0.450000 0.747748 0.009091 0.198198