2 0.525896 0.295918 0.223108 0.028571
8 0.276892 0.577551 0.235060 0.061224
2 0.256972 0.351020 0.250996 0.024490
2 0.766932 0.226531 0.243028 0.053061
7 0.260956 0.404082 0.243028 0.065306
7 0.782869 0.883673 0.235060 0.069388
11 0.772908 0.397959 0.231076 0.061224
11 0.762948 0.342857 0.235060 0.057143
11 0.758964 0.167347 0.243028 0.057143
10 0.782869 0.697959 0.235060 0.065306
5 0.529880 0.346939 0.191235 0.065306
5 0.266932 0.500000 0.231076 0.069388
8 0.539841 0.540816 0.211155 0.053061
8 0.535857 0.479592 0.203187 0.053061
9 0.539841 0.602041 0.211155 0.069388
9 0.772908 0.761224 0.231076 0.061224
10 0.539841 0.412245 0.211155 0.065306
0 0.713147 0.812245 0.111554 0.040816
11 0.575697 0.687755 0.099602 0.044898
11 0.581673 0.648980 0.111554 0.024490
11 0.260956 0.448980 0.179283 0.024490
11 0.778884 0.526531 0.243028 0.065306
11 0.772908 0.465306 0.231076 0.057143
11 0.756972 0.097959 0.223108 0.073469