6 0.487923 0.787500 0.077295 0.262500
10 0.584541 0.481250 0.057971 0.237500
10 0.185990 0.834375 0.053140 0.193750
10 0.391304 0.778125 0.077295 0.281250
7 0.524155 0.487500 0.053140 0.225000
7 0.512077 0.218750 0.067633 0.262500
2 0.449275 0.221875 0.048309 0.281250
2 0.584541 0.787500 0.038647 0.262500
9 0.396135 0.481250 0.067633 0.237500
11 0.676329 0.437500 0.048309 0.100000
11 0.632850 0.431250 0.038647 0.137500
11 0.683575 0.231250 0.053140 0.212500
11 0.623188 0.212500 0.067633 0.250000
11 0.743961 0.240625 0.067633 0.193750
11 0.330918 0.231250 0.072464 0.262500
11 0.268116 0.259375 0.053140 0.206250
11 0.210145 0.231250 0.062802 0.262500
11 0.256039 0.828125 0.048309 0.206250
1 0.084541 0.500000 0.062802 0.250000
8 0.456522 0.481250 0.062802 0.237500
3 0.330918 0.493750 0.062802 0.237500