8 0.533670 0.309028 0.063973 0.368056
5 0.543771 0.701389 0.063973 0.305556
1 0.476431 0.690972 0.063973 0.312500
9 0.412458 0.687500 0.063973 0.319444
2 0.301347 0.690972 0.023569 0.298611
2 0.365320 0.687500 0.023569 0.291667
2 0.468013 0.302083 0.040404 0.354167
11 0.658249 0.628472 0.030303 0.159722
11 0.693603 0.638889 0.047138 0.138889
11 0.776094 0.364583 0.063973 0.270833
11 0.715488 0.361111 0.057239 0.277778
11 0.651515 0.312500 0.063973 0.361111
11 0.345118 0.322917 0.057239 0.312500
11 0.284512 0.347222 0.063973 0.263889
11 0.223906 0.291667 0.063973 0.361111
5 0.607744 0.701389 0.063973 0.305556