11 0.253954 0.280933 0.040422 0.119675
1 0.665202 0.634888 0.089631 0.328600
8 0.280316 0.510142 0.068541 0.338742
7 0.365554 0.539554 0.094903 0.356998
2 0.489455 0.604462 0.054482 0.365112
6 0.566784 0.603448 0.075571 0.354970
11 0.775044 0.790061 0.049209 0.095335
11 0.732865 0.775862 0.035149 0.123732
11 0.853251 0.256592 0.057996 0.196755
11 0.115114 0.236308 0.033392 0.119675
11 0.147627 0.254564 0.038664 0.131846
11 0.188928 0.263692 0.033392 0.133874
11 0.215290 0.270791 0.036907 0.119675
11 0.230228 0.094320 0.056239 0.176471