11 0.774740 0.420635 0.049479 0.100529
0 0.566406 0.588624 0.028646 0.039683
4 0.522135 0.488095 0.091146 0.198413
1 0.427083 0.489418 0.093750 0.201058
2 0.361979 0.486772 0.036458 0.190476
11 0.878906 0.740741 0.075521 0.116402
11 0.566406 0.744709 0.075521 0.113757
11 0.885417 0.546296 0.062500 0.124339
11 0.832031 0.548942 0.028646 0.108466
11 0.785156 0.548942 0.054688 0.119048
11 0.733073 0.546296 0.049479 0.113757
11 0.835938 0.433862 0.062500 0.074074
8 0.618490 0.477513 0.091146 0.187831