2 0.200000 0.812821 0.030000 0.200000
11 0.222500 0.207692 0.065000 0.271795
11 0.285000 0.243590 0.060000 0.200000
11 0.350000 0.215385 0.070000 0.256410
11 0.660000 0.215385 0.070000 0.256410
11 0.722500 0.251282 0.065000 0.184615
11 0.785000 0.243590 0.070000 0.200000
11 0.260000 0.812821 0.060000 0.200000
11 0.665000 0.430769 0.030000 0.143590
11 0.705000 0.441026 0.050000 0.112821
11 0.460000 0.784615 0.030000 0.174359
9 0.617500 0.484615 0.065000 0.230769
9 0.477500 0.484615 0.065000 0.230769
7 0.417500 0.479487 0.065000 0.241026
6 0.535000 0.215385 0.060000 0.256410
5 0.547500 0.476923 0.065000 0.215385
3 0.472500 0.215385 0.065000 0.256410
3 0.350000 0.479487 0.070000 0.241026
2 0.150000 0.812821 0.030000 0.169231
2 0.350000 0.784615 0.030000 0.256410
2 0.425000 0.784615 0.030000 0.256410
2 0.602500 0.784615 0.035000 0.256410
1 0.502500 0.784615 0.075000 0.287179