7 0.885613 0.175532 0.082547 0.265957
11 0.154481 0.239362 0.058962 0.244681
11 0.214623 0.234043 0.047170 0.255319
11 0.283019 0.223404 0.066038 0.276596
11 0.465802 0.196809 0.073113 0.223404
9 0.537736 0.462766 0.061321 0.223404
4 0.475236 0.473404 0.054245 0.223404
0 0.814858 0.260638 0.035377 0.117021
11 0.399764 0.207447 0.058962 0.287234
6 0.602594 0.462766 0.054245 0.223404
6 0.340802 0.473404 0.058962 0.244681
2 0.294811 0.489362 0.028302 0.234043
10 0.762972 0.180851 0.054245 0.255319
2 0.101415 0.510638 0.023585 0.255319
3 0.404481 0.468085 0.054245 0.212766
3 0.398585 0.771277 0.066038 0.265957
3 0.321934 0.771277 0.073113 0.265957
3 0.502358 0.765957 0.061321 0.276596
3 0.574292 0.760638 0.073113 0.265957
11 0.091981 0.223404 0.066038 0.297872
11 0.451651 0.776596 0.030660 0.255319
11 0.687500 0.414894 0.049528 0.106383
11 0.642689 0.398936 0.030660 0.138298
9 0.699292 0.191489 0.058962 0.255319