9 0.353293 0.490385 0.065868 0.250000
11 0.103293 0.216346 0.062874 0.317308
11 0.167665 0.216346 0.059880 0.278846
11 0.229042 0.216346 0.056886 0.259615
11 0.296407 0.216346 0.071856 0.259615
11 0.407186 0.211538 0.059880 0.288462
11 0.473054 0.211538 0.065868 0.250000
11 0.657186 0.432692 0.032934 0.115385
11 0.700599 0.456731 0.047904 0.105769
0 0.827844 0.302885 0.044910 0.125000
1 0.896707 0.206731 0.086826 0.259615
1 0.504491 0.817308 0.074850 0.269231
1 0.405689 0.802885 0.068862 0.278846
2 0.353293 0.817308 0.023952 0.250000
9 0.580838 0.793269 0.071856 0.259615
4 0.417665 0.490385 0.062874 0.250000
4 0.547904 0.495192 0.053892 0.240385
10 0.717066 0.211538 0.062874 0.288462
5 0.482036 0.495192 0.059880 0.240385
8 0.616766 0.485577 0.059880 0.240385
3 0.775449 0.211538 0.059880 0.288462