2 0.468652 0.200935 0.047022 0.252336
4 0.412226 0.448598 0.059561 0.242991
7 0.476489 0.467290 0.062696 0.224299
6 0.537618 0.186916 0.059561 0.261682
6 0.500000 0.771028 0.065831 0.252336
3 0.545455 0.471963 0.062696 0.233645
11 0.217868 0.186916 0.059561 0.261682
11 0.288401 0.224299 0.050157 0.186916
11 0.349530 0.186916 0.047022 0.261682
11 0.663009 0.210280 0.059561 0.252336
11 0.725705 0.238318 0.059561 0.196262
11 0.788401 0.238318 0.059561 0.196262
11 0.445141 0.771028 0.018809 0.196262
11 0.663009 0.429907 0.028213 0.130841
11 0.702194 0.443925 0.050157 0.121495
9 0.396552 0.761682 0.065831 0.252336
9 0.609718 0.476636 0.059561 0.224299
9 0.343260 0.453271 0.065831 0.214953
2 0.347962 0.761682 0.031348 0.252336
2 0.606583 0.780374 0.047022 0.289720