7 0.897297 0.226440 0.088288 0.274869
7 0.336486 0.456806 0.062162 0.243455
6 0.769820 0.239529 0.065766 0.285340
6 0.598198 0.468586 0.066667 0.219895
5 0.406757 0.451571 0.067568 0.201571
5 0.496847 0.747382 0.090991 0.259162
2 0.593243 0.757853 0.062162 0.264398
2 0.336486 0.756545 0.029730 0.272251
2 0.642342 0.229058 0.057658 0.269634
1 0.704054 0.229058 0.062162 0.269634
1 0.531982 0.465969 0.058559 0.240838
9 0.391892 0.743455 0.075676 0.277487
2 0.286036 0.472513 0.033333 0.227749
4 0.473874 0.460733 0.059459 0.251309
0 0.819369 0.304974 0.042342 0.123037
11 0.090541 0.192408 0.058559 0.264398
11 0.152703 0.205497 0.056757 0.253927
11 0.213514 0.205497 0.061261 0.253927
11 0.280180 0.202880 0.064865 0.248691
11 0.651802 0.422775 0.038739 0.117801
11 0.693694 0.435864 0.045045 0.107330