11 0.689453 0.413127 0.045573 0.100386
11 0.220052 0.208494 0.054688 0.231660
11 0.281901 0.235521 0.055990 0.177606
11 0.345703 0.220077 0.058594 0.208494
11 0.645182 0.194981 0.058594 0.235521
11 0.705078 0.225869 0.061198 0.181467
11 0.765625 0.223938 0.059896 0.177606
6 0.400391 0.741313 0.066406 0.247104
2 0.348307 0.750965 0.024740 0.235521
2 0.521484 0.743243 0.024740 0.227799
4 0.573568 0.739382 0.063802 0.243243
4 0.602865 0.449807 0.057292 0.212355
3 0.524740 0.206564 0.059896 0.235521
3 0.277344 0.463320 0.057292 0.208494
5 0.343750 0.457529 0.062500 0.189189
8 0.481120 0.451737 0.058594 0.208494
8 0.540365 0.445946 0.057292 0.196911
1 0.408854 0.457529 0.062500 0.212355
11 0.452474 0.741313 0.027344 0.177606
11 0.651042 0.405405 0.026042 0.115830