7 0.646817 0.216129 0.078029 0.225806
2 0.596509 0.719355 0.051335 0.290323
2 0.381930 0.732258 0.041068 0.277419
9 0.452772 0.716129 0.092402 0.270968
1 0.117043 0.738710 0.086242 0.251613
11 0.174538 0.445161 0.028747 0.129032
11 0.215606 0.441935 0.053388 0.135484
11 0.676591 0.412903 0.055441 0.129032
11 0.731006 0.425806 0.053388 0.103226
11 0.096509 0.441935 0.045175 0.148387
0 0.697125 0.296774 0.030801 0.064516
2 0.498973 0.232258 0.036961 0.219355
5 0.562628 0.229032 0.082136 0.200000
5 0.738193 0.216129 0.096509 0.212903
4 0.671458 0.703226 0.090349 0.283871
11 0.139630 0.445161 0.041068 0.129032