11 0.338710 0.402632 0.038123 0.094737
10 0.683284 0.203947 0.082111 0.176316
8 0.602639 0.205263 0.067449 0.163158
5 0.517595 0.214474 0.085044 0.176316
6 0.434018 0.214474 0.070381 0.176316
9 0.350440 0.226316 0.073314 0.173684
2 0.293255 0.235526 0.029326 0.171053
11 0.423754 0.405263 0.043988 0.100000
11 0.381232 0.402632 0.041056 0.094737
11 0.624633 0.381579 0.029326 0.110526
11 0.297654 0.407895 0.043988 0.094737
11 0.680352 0.390789 0.058651 0.081579
11 0.250733 0.407895 0.043988 0.105263
11 0.478006 0.660526 0.041056 0.152632