11 0.641694 0.228972 0.071661 0.252336
6 0.473941 0.471963 0.061889 0.214953
6 0.537459 0.471963 0.058632 0.214953
6 0.501629 0.752336 0.078176 0.252336
2 0.348534 0.752336 0.045603 0.233645
2 0.418567 0.761682 0.035831 0.233645
2 0.597720 0.752336 0.042345 0.252336
2 0.460912 0.228972 0.061889 0.252336
3 0.271987 0.481308 0.068404 0.233645
3 0.407166 0.471963 0.058632 0.214953
5 0.340391 0.481308 0.061889 0.196262
4 0.604235 0.471963 0.068404 0.214953
4 0.089577 0.476636 0.061889 0.224299
10 0.527687 0.228972 0.065147 0.252336
11 0.214984 0.228972 0.071661 0.252336
11 0.280130 0.228972 0.058632 0.233645
11 0.343648 0.261682 0.061889 0.186916
11 0.710098 0.247664 0.058632 0.196262
11 0.771987 0.257009 0.058632 0.196262
11 0.653094 0.420561 0.022801 0.130841
11 0.693811 0.429907 0.052117 0.093458
11 0.449511 0.757009 0.026059 0.168224