11 0.243590 0.211765 0.054945 0.258824
1 0.569597 0.726471 0.069597 0.217647
10 0.357143 0.461765 0.062271 0.217647
11 0.688645 0.435294 0.043956 0.094118
11 0.652015 0.420588 0.029304 0.111765
11 0.765568 0.258824 0.058608 0.176471
11 0.703297 0.258824 0.051282 0.176471
11 0.641026 0.235294 0.058608 0.223529
11 0.304029 0.244118 0.051282 0.158824
11 0.362637 0.229412 0.043956 0.235294
4 0.505495 0.720588 0.058608 0.229412
9 0.600733 0.464706 0.051282 0.200000
9 0.540293 0.464706 0.054945 0.200000
8 0.485348 0.461765 0.047619 0.194118
2 0.313187 0.458824 0.025641 0.188235
2 0.435897 0.476471 0.029304 0.223529
3 0.531136 0.235294 0.058608 0.211765
3 0.470696 0.232353 0.054945 0.217647
3 0.336996 0.717647 0.073260 0.235294
1 0.111722 0.455882 0.054945 0.194118
1 0.404762 0.723529 0.069597 0.211765