2 0.178947 0.431298 0.093567 0.221374
1 0.263743 0.365140 0.146199 0.236641
5 0.441520 0.688295 0.118129 0.160305
5 0.529825 0.618321 0.119298 0.162850
10 0.704678 0.496183 0.111111 0.198473
4 0.502339 0.180662 0.148538 0.254453
0 0.677778 0.599237 0.019883 0.033079
11 0.792982 0.493639 0.037427 0.066158
11 0.335673 0.305344 0.079532 0.132316
2 0.635673 0.548346 0.083041 0.211196
2 0.425731 0.229008 0.084211 0.213740
11 0.297661 0.659033 0.045614 0.055980
11 0.354386 0.622137 0.028070 0.063613
11 0.829240 0.473282 0.044444 0.050891
11 0.201754 0.628499 0.071345 0.111959
11 0.376608 0.608142 0.039766 0.061069
11 0.332749 0.642494 0.043275 0.058524
11 0.742105 0.204835 0.073684 0.119593