2 0.528725 0.744624 0.026930 0.231183
1 0.407540 0.741935 0.071813 0.247312
2 0.540395 0.206989 0.057451 0.252688
2 0.125673 0.456989 0.025135 0.204301
1 0.419210 0.456989 0.059246 0.215054
3 0.338420 0.736559 0.066427 0.247312
11 0.303411 0.231183 0.053860 0.182796
11 0.237882 0.201613 0.055655 0.241935
10 0.546679 0.456989 0.062837 0.215054
5 0.358169 0.456989 0.055655 0.204301
7 0.480251 0.459677 0.055655 0.209677
7 0.610413 0.456989 0.061041 0.215054
4 0.582585 0.741935 0.062837 0.247312
3 0.291741 0.459677 0.062837 0.220430
11 0.457810 0.747312 0.025135 0.161290
11 0.697487 0.422043 0.041293 0.091398
11 0.657092 0.413978 0.032316 0.107527
11 0.710952 0.231183 0.057451 0.182796
11 0.652603 0.206989 0.059246 0.241935
11 0.776481 0.244624 0.055655 0.188172
11 0.358169 0.201613 0.037702 0.241935