11 0.656581 0.717391 0.030257 0.208696
11 0.695915 0.734783 0.054463 0.173913
11 0.826021 0.358696 0.060514 0.447826
8 0.546899 0.784783 0.059002 0.386957
8 0.527988 0.369565 0.060514 0.443478
6 0.477307 0.784783 0.065053 0.386957
6 0.590772 0.369565 0.062027 0.417391
11 0.223903 0.417391 0.069592 0.347826
11 0.105900 0.363043 0.075643 0.430435
11 0.897882 0.423913 0.071104 0.334783
0 0.639939 0.500000 0.036309 0.182609
8 0.412254 0.786957 0.059002 0.382609
4 0.710287 0.371739 0.083207 0.447826
3 0.093797 0.780435 0.072617 0.369565
0 0.276853 0.500000 0.039334 0.165217
2 0.305598 0.791304 0.051437 0.373913
2 0.363843 0.786957 0.049924 0.365217
5 0.608169 0.789130 0.060514 0.352174