0 0.281716 0.295699 0.033582 0.096774
1 0.531716 0.478495 0.055970 0.204301
1 0.634328 0.241935 0.059701 0.225806
11 0.263060 0.758065 0.041045 0.161290
11 0.860075 0.284946 0.070896 0.182796
11 0.802239 0.252688 0.052239 0.225806
0 0.677239 0.306452 0.026119 0.096774
3 0.285448 0.473118 0.063433 0.215054
11 0.673507 0.446237 0.055970 0.075269
11 0.235075 0.247312 0.059701 0.172043
11 0.121269 0.215054 0.070896 0.236559
11 0.634328 0.430108 0.022388 0.107527
3 0.408582 0.467742 0.055970 0.204301
1 0.746269 0.258065 0.059701 0.215054
10 0.468284 0.467742 0.055970 0.204301
4 0.345149 0.467742 0.055970 0.204301
10 0.195896 0.763441 0.055970 0.172043
8 0.565299 0.731183 0.063433 0.215054
2 0.513060 0.736559 0.033582 0.225806
2 0.347015 0.736559 0.037313 0.204301
1 0.397388 0.731183 0.063433 0.215054
1 0.589552 0.478495 0.059701 0.204301