10 0.398515 0.798013 0.074257 0.284768
9 0.603960 0.483444 0.059406 0.211921
4 0.527228 0.208609 0.064356 0.245033
3 0.462871 0.218543 0.064356 0.264901
3 0.341584 0.500000 0.059406 0.231788
5 0.470297 0.496689 0.059406 0.211921
5 0.500000 0.791391 0.059406 0.245033
10 0.574257 0.794702 0.069307 0.278146
11 0.341584 0.218543 0.069307 0.264901
11 0.272277 0.251656 0.059406 0.211921
11 0.215347 0.221854 0.054455 0.284768
11 0.688119 0.440397 0.049505 0.112583
11 0.648515 0.427152 0.029703 0.139073
11 0.646040 0.198675 0.064356 0.251656
11 0.705446 0.221854 0.054455 0.192053
11 0.767327 0.231788 0.069307 0.185430
11 0.448020 0.798013 0.024752 0.192053
11 0.259901 0.850993 0.044554 0.178808
7 0.185644 0.854305 0.054455 0.198675
1 0.086634 0.506623 0.064356 0.245033
8 0.537129 0.483444 0.054455 0.238411
10 0.408416 0.490066 0.064356 0.225166