1 0.608733 0.479866 0.063356 0.234899
10 0.542808 0.479866 0.061644 0.248322
9 0.407534 0.476510 0.068493 0.228188
6 0.530822 0.211409 0.065068 0.288591
6 0.571918 0.778523 0.075342 0.268456
5 0.476027 0.476510 0.071918 0.228188
3 0.464897 0.218121 0.070205 0.275168
3 0.501712 0.778523 0.071918 0.268456
2 0.350171 0.768456 0.039384 0.261745
2 0.357877 0.479866 0.030822 0.208054
2 0.298801 0.476510 0.039384 0.214765
1 0.398116 0.768456 0.073630 0.275168
11 0.452055 0.775168 0.023973 0.194631
11 0.657534 0.432886 0.041096 0.127517
11 0.702055 0.442953 0.051370 0.107383
11 0.714041 0.248322 0.061644 0.201342
11 0.783390 0.248322 0.063356 0.201342
11 0.651541 0.221477 0.077055 0.255034
11 0.347603 0.234899 0.071918 0.201342
11 0.283390 0.238255 0.063356 0.208054
11 0.218322 0.208054 0.070205 0.268456