11 0.300000 0.245000 0.057627 0.230000
5 0.420339 0.475000 0.061017 0.230000
9 0.405085 0.755000 0.071186 0.290000
9 0.354237 0.465000 0.077966 0.250000
4 0.503390 0.755000 0.064407 0.310000
3 0.476271 0.225000 0.071186 0.270000
2 0.566102 0.490000 0.027119 0.240000
2 0.352542 0.765000 0.027119 0.290000
1 0.484746 0.490000 0.067797 0.240000
1 0.544068 0.230000 0.071186 0.240000
6 0.611864 0.485000 0.064407 0.250000
6 0.577966 0.785000 0.077966 0.290000
11 0.706780 0.445000 0.044068 0.130000
11 0.664407 0.445000 0.033898 0.130000
11 0.452542 0.765000 0.030508 0.190000
11 0.784746 0.265000 0.064407 0.210000
11 0.718644 0.260000 0.061017 0.200000
11 0.659322 0.225000 0.064407 0.250000
11 0.361017 0.240000 0.071186 0.220000
11 0.232203 0.195000 0.071186 0.290000