7 0.593651 0.482051 0.063492 0.194872
11 0.280952 0.235897 0.057143 0.158974
7 0.523016 0.229487 0.061905 0.212821
11 0.218254 0.206410 0.061905 0.217949
11 0.703175 0.276923 0.057143 0.164103
11 0.642063 0.239744 0.065079 0.217949
6 0.526984 0.476923 0.060317 0.194872
6 0.463492 0.469231 0.060317 0.194872
6 0.336508 0.457692 0.057143 0.192308
6 0.556349 0.757692 0.068254 0.228205
6 0.483333 0.751282 0.065079 0.220513
3 0.461111 0.224359 0.061905 0.217949
10 0.399206 0.464103 0.061905 0.194872
1 0.385714 0.744872 0.073016 0.228205
2 0.290476 0.456410 0.025397 0.179487
11 0.339683 0.226923 0.057143 0.182051
2 0.334127 0.743590 0.023810 0.205128
11 0.681746 0.451282 0.046032 0.076923
11 0.643651 0.441026 0.030159 0.097436
11 0.762698 0.280769 0.061905 0.161538