11 0.493697 0.707547 0.042017 0.182390
11 0.639706 0.430818 0.048319 0.106918
11 0.433824 0.452830 0.035714 0.100629
11 0.272059 0.462264 0.035714 0.106918
11 0.318277 0.462264 0.048319 0.106918
11 0.358193 0.462264 0.035714 0.106918
11 0.396008 0.455975 0.039916 0.106918
6 0.633403 0.694969 0.090336 0.220126
7 0.364496 0.283019 0.077731 0.188679
5 0.605042 0.251572 0.075630 0.163522
7 0.682773 0.245283 0.075630 0.188679
8 0.530462 0.261006 0.069328 0.182390
11 0.681723 0.433962 0.060924 0.100629
9 0.446429 0.270440 0.077731 0.201258
3 0.347689 0.720126 0.081933 0.232704
2 0.575630 0.694969 0.037815 0.207547
1 0.130252 0.742138 0.075630 0.201258
1 0.428571 0.710692 0.079832 0.226415