11 0.203180 0.178161 0.074205 0.287356
11 0.273852 0.227011 0.060071 0.224138
11 0.335689 0.195402 0.056537 0.310345
11 0.632509 0.209770 0.070671 0.316092
11 0.696113 0.241379 0.056537 0.206897
11 0.765018 0.238506 0.081272 0.235632
11 0.436396 0.764368 0.031802 0.218391
10 0.565371 0.772989 0.077739 0.293103
10 0.383392 0.772989 0.074205 0.293103
10 0.337456 0.471264 0.067138 0.252874
2 0.284452 0.477011 0.038869 0.241379
2 0.415194 0.468391 0.038869 0.281609
2 0.450530 0.198276 0.045936 0.293103
2 0.484099 0.477011 0.049470 0.218391
2 0.542403 0.477011 0.038869 0.241379
6 0.485866 0.778736 0.060071 0.304598
6 0.519435 0.195402 0.070671 0.264368
9 0.593640 0.471264 0.056537 0.264368