10 0.575972 0.714660 0.077739 0.246073
2 0.349823 0.756545 0.056537 0.235602
2 0.289753 0.505236 0.035336 0.193717
11 0.212014 0.285340 0.070671 0.235602
11 0.268551 0.285340 0.056537 0.235602
11 0.330389 0.295812 0.067138 0.193717
11 0.620141 0.225131 0.067138 0.230366
11 0.681979 0.238220 0.056537 0.183246
11 0.747350 0.235602 0.074205 0.178010
11 0.637809 0.392670 0.031802 0.125654
11 0.680212 0.413613 0.067138 0.094241
10 0.337456 0.492147 0.060071 0.198953
10 0.531802 0.465969 0.067138 0.198953
10 0.593640 0.458115 0.063604 0.204188
1 0.406360 0.486911 0.070671 0.188482
4 0.462898 0.473822 0.056537 0.204188
8 0.411661 0.740838 0.067138 0.225131
3 0.496466 0.732984 0.067138 0.230366
6 0.503534 0.238220 0.074205 0.235602