9 0.425184 0.456376 0.070319 0.248322
2 0.358136 0.790268 0.035977 0.312081
2 0.308258 0.468121 0.034342 0.265101
2 0.375715 0.453020 0.033524 0.241611
7 0.630826 0.469799 0.066231 0.275168
8 0.415781 0.765101 0.062960 0.308725
6 0.514718 0.771812 0.071137 0.302013
11 0.808258 0.229866 0.064595 0.218121
11 0.742437 0.219799 0.057236 0.224832
11 0.676615 0.189597 0.069501 0.271812
11 0.230989 0.169463 0.074407 0.285235
11 0.297220 0.209732 0.058054 0.231544
11 0.363859 0.203020 0.073590 0.244966
11 0.265331 0.802013 0.054783 0.234899
11 0.463614 0.771812 0.032706 0.214765
11 0.719133 0.426174 0.049877 0.114094
11 0.679886 0.414430 0.030253 0.144295
3 0.484056 0.179530 0.075225 0.291946
3 0.493050 0.461409 0.062142 0.265101
4 0.090760 0.453020 0.060507 0.275168
4 0.565413 0.468121 0.061325 0.265101
1 0.554783 0.176174 0.064595 0.271812
10 0.189289 0.805369 0.061325 0.248322
9 0.593622 0.791946 0.080131 0.322148