11 0.095771 0.245192 0.077114 0.240385
11 0.641791 0.432692 0.034826 0.134615
11 0.809701 0.216346 0.062189 0.278846
11 0.876866 0.245192 0.072139 0.182692
11 0.684080 0.447115 0.049751 0.105769
1 0.396766 0.764423 0.072139 0.240385
0 0.624378 0.293269 0.034826 0.105769
0 0.266169 0.312500 0.044776 0.105769
11 0.212687 0.283654 0.062189 0.201923
1 0.695274 0.230769 0.072139 0.250000
1 0.574627 0.230769 0.064677 0.250000
1 0.528607 0.485577 0.062189 0.201923
2 0.289801 0.495192 0.027363 0.201923
2 0.343284 0.764423 0.034826 0.240385
10 0.568408 0.764423 0.072139 0.240385
10 0.334577 0.485577 0.062189 0.221154
3 0.400498 0.485577 0.059701 0.221154
3 0.463930 0.485577 0.067164 0.221154
5 0.594527 0.485577 0.059701 0.201923
4 0.492537 0.759615 0.064677 0.250000
1 0.083333 0.500000 0.067164 0.211538