1 0.576355 0.738372 0.078818 0.232558
10 0.189655 0.779070 0.054187 0.162791
8 0.610837 0.465116 0.059113 0.197674
9 0.524631 0.226744 0.064039 0.232558
11 0.640394 0.223837 0.068966 0.250000
11 0.290640 0.255814 0.059113 0.197674
11 0.224138 0.226744 0.064039 0.244186
11 0.706897 0.247093 0.054187 0.180233
11 0.770936 0.255814 0.073892 0.186047
11 0.647783 0.418605 0.024631 0.127907
11 0.689655 0.433140 0.059113 0.098837
11 0.263547 0.779070 0.044335 0.162791
11 0.349754 0.255814 0.059113 0.186047
10 0.401478 0.744186 0.073892 0.255814
5 0.500000 0.735465 0.073892 0.215116
5 0.539409 0.459302 0.073892 0.186047
3 0.344828 0.468023 0.068966 0.203488
9 0.470443 0.468023 0.064039 0.203488
9 0.411330 0.468023 0.064039 0.203488
2 0.463054 0.226744 0.059113 0.232558