4 0.079063 0.481481 0.067350 0.222222
8 0.573939 0.755144 0.067350 0.251029
8 0.398975 0.753086 0.071742 0.246914
7 0.468521 0.481481 0.061493 0.197531
5 0.337482 0.483539 0.065886 0.201646
2 0.341142 0.771605 0.035139 0.242798
4 0.496340 0.759259 0.073206 0.267490
4 0.603221 0.487654 0.058565 0.218107
1 0.532943 0.481481 0.058565 0.197531
1 0.707174 0.234568 0.064422 0.230453
3 0.273060 0.491770 0.065886 0.209877
3 0.402635 0.479424 0.061493 0.209877
11 0.892387 0.261317 0.065886 0.168724
11 0.824305 0.232510 0.058565 0.242798
11 0.650805 0.438272 0.027818 0.111111
11 0.689605 0.446502 0.049780 0.078189
11 0.089312 0.244856 0.061493 0.234568
11 0.150805 0.265432 0.064422 0.176955
11 0.214495 0.265432 0.060029 0.176955
11 0.275988 0.265432 0.062958 0.185185
11 0.338214 0.240741 0.046852 0.242798
11 0.400439 0.226337 0.057101 0.246914
8 0.643485 0.222222 0.057101 0.238683
8 0.581259 0.234568 0.058565 0.263374