11 0.707602 0.165367 0.081871 0.045657
1 0.580897 0.263920 0.140351 0.104677
1 0.646686 0.197661 0.145224 0.101336
1 0.175439 0.270045 0.350877 0.368597
0 0.656920 0.253341 0.019493 0.016704
11 0.470760 0.085746 0.115010 0.062361
11 0.748051 0.129733 0.071150 0.054566
11 0.355750 0.221604 0.122807 0.069042
11 0.405458 0.167038 0.132554 0.082405
11 0.439084 0.115256 0.090643 0.079065
11 0.176413 0.739421 0.076023 0.046771
11 0.223684 0.707684 0.084795 0.050111
11 0.242203 0.679844 0.069201 0.041203
11 0.269006 0.655902 0.076023 0.048998
2 0.300682 0.620267 0.065302 0.040089