11 0.263043 0.806283 0.047826 0.178010
6 0.521739 0.232984 0.069565 0.256545
6 0.473913 0.486911 0.060870 0.209424
3 0.341304 0.492147 0.065217 0.219895
3 0.193478 0.811518 0.056522 0.188482
8 0.408696 0.486911 0.060870 0.209424
1 0.497826 0.759162 0.073913 0.240838
11 0.219565 0.248691 0.065217 0.246073
11 0.282609 0.243455 0.060870 0.256545
10 0.604348 0.481675 0.069565 0.219895
9 0.534783 0.481675 0.052174 0.198953
1 0.402174 0.767016 0.082609 0.256545
2 0.345652 0.772251 0.030435 0.246073
2 0.152174 0.806283 0.026087 0.178010
10 0.571739 0.759162 0.073913 0.240838
11 0.343478 0.269634 0.060870 0.172775
11 0.636957 0.232984 0.065217 0.256545
11 0.700000 0.248691 0.060870 0.172775
11 0.765217 0.248691 0.060870 0.172775
11 0.650000 0.421466 0.021739 0.130890
11 0.686957 0.439791 0.043478 0.094241
11 0.230435 0.740838 0.017391 0.068063