11 0.650685 0.396552 0.046575 0.120690
7 0.357534 0.215517 0.079452 0.224138
7 0.532877 0.206897 0.079452 0.206897
9 0.449315 0.202586 0.082192 0.215517
6 0.708219 0.202586 0.073973 0.215517
5 0.643836 0.693966 0.098630 0.232759
4 0.626027 0.202586 0.084932 0.215517
1 0.100000 0.711207 0.079452 0.215517
1 0.420548 0.698276 0.079452 0.241379
1 0.550685 0.693966 0.087671 0.250000
2 0.363014 0.693966 0.041096 0.232759
11 0.700000 0.405172 0.063014 0.103448
11 0.484932 0.702586 0.027397 0.198276
11 0.261644 0.413793 0.052055 0.120690
11 0.431507 0.405172 0.046575 0.120690
11 0.350685 0.409483 0.038356 0.129310
11 0.309589 0.409483 0.043836 0.129310
11 0.389041 0.409483 0.038356 0.129310