11 0.697977 0.424569 0.043353 0.073276
11 0.454480 0.758621 0.021676 0.155172
11 0.262283 0.801724 0.050578 0.163793
2 0.426301 0.767241 0.023121 0.215517
2 0.353324 0.769397 0.021676 0.211207
2 0.366329 0.480603 0.018786 0.193966
2 0.301301 0.478448 0.024566 0.198276
2 0.153902 0.808190 0.018786 0.159483
4 0.191474 0.803879 0.044798 0.168103
3 0.609827 0.463362 0.060694 0.202586
3 0.544798 0.467672 0.060694 0.202586
3 0.469653 0.211207 0.060694 0.232759
6 0.503613 0.758621 0.067919 0.232759
6 0.413295 0.471983 0.060694 0.202586
8 0.530347 0.211207 0.057803 0.232759
10 0.577312 0.752155 0.070809 0.237069
10 0.478324 0.467672 0.060694 0.202586
11 0.776734 0.232759 0.062139 0.172414
11 0.713873 0.234914 0.057803 0.168103
11 0.653902 0.204741 0.062139 0.228448
11 0.222543 0.224138 0.060694 0.232759
11 0.283237 0.254310 0.054913 0.172414
11 0.346821 0.250000 0.057803 0.172414
11 0.661850 0.418103 0.028902 0.103448