11 0.816406 0.583596 0.058594 0.100946
8 0.291016 0.725552 0.074219 0.170347
11 0.129883 0.585174 0.033203 0.053628
11 0.165039 0.593060 0.037109 0.056782
11 0.196289 0.604101 0.025391 0.085174
1 0.417969 0.343849 0.101562 0.220820
1 0.462891 0.752366 0.097656 0.186120
7 0.361328 0.738170 0.085938 0.201893
11 0.227539 0.604101 0.029297 0.072555
11 0.258789 0.607256 0.029297 0.072555
11 0.237305 0.501577 0.052734 0.094637
11 0.486328 0.358044 0.031250 0.135647
2 0.569336 0.774448 0.064453 0.205047
2 0.333984 0.326498 0.062500 0.211356
10 0.641602 0.793375 0.099609 0.223975
10 0.662109 0.373817 0.101562 0.236593
3 0.557617 0.367508 0.115234 0.255521