11 0.669811 0.361935 0.045822 0.045161
2 0.171159 0.721290 0.031447 0.038710
11 0.132525 0.743871 0.045822 0.052903
11 0.111411 0.764516 0.032345 0.040000
11 0.083558 0.788387 0.059299 0.051613
11 0.033693 0.808387 0.044025 0.045161
11 0.518868 0.233548 0.083558 0.072258
11 0.479784 0.252258 0.037736 0.083871
11 0.435759 0.300000 0.086253 0.089032
11 0.373765 0.338710 0.077269 0.068387
11 0.714286 0.337419 0.055705 0.055484
0 0.597035 0.440645 0.027853 0.019355
1 0.607367 0.374839 0.106020 0.109677
1 0.531896 0.429032 0.106020 0.109677
1 0.168464 0.347097 0.336927 0.387097