2 0.429924 0.467742 0.018939 0.212903
1 0.092803 0.493548 0.064394 0.212903
11 0.683712 0.400000 0.049242 0.103226
11 0.649621 0.387097 0.026515 0.116129
11 0.348485 0.238710 0.060606 0.206452
11 0.280303 0.232258 0.060606 0.245161
11 0.221591 0.219355 0.064394 0.283871
11 0.642045 0.177419 0.064394 0.238710
11 0.702652 0.200000 0.056818 0.180645
1 0.403409 0.745161 0.087121 0.251613
2 0.301136 0.483871 0.026515 0.193548
1 0.535985 0.451613 0.064394 0.219355
11 0.767045 0.209677 0.071970 0.200000
2 0.464015 0.193548 0.049242 0.258065
3 0.327652 0.748387 0.064394 0.245161
4 0.602273 0.438710 0.053030 0.219355
5 0.573864 0.729032 0.071970 0.219355
6 0.498106 0.741935 0.071970 0.258065
6 0.471591 0.451613 0.056818 0.219355
10 0.352273 0.467742 0.060606 0.212903
10 0.522727 0.180645 0.060606 0.245161