11 0.662791 0.438202 0.032558 0.112360
11 0.696512 0.438202 0.044186 0.089888
2 0.302326 0.500000 0.023256 0.213483
4 0.419767 0.500000 0.058140 0.213483
3 0.546512 0.500000 0.060465 0.235955
5 0.512791 0.792135 0.081395 0.235955
1 0.897674 0.230337 0.060465 0.235955
1 0.832558 0.219101 0.060465 0.235955
11 0.104651 0.247191 0.055814 0.224719
11 0.172093 0.286517 0.060465 0.168539
11 0.236047 0.252809 0.067442 0.280899
11 0.651163 0.224719 0.051163 0.247191
11 0.711628 0.258427 0.051163 0.179775
6 0.405814 0.230337 0.067442 0.258427
6 0.351163 0.488764 0.065116 0.213483
0 0.459302 0.314607 0.039535 0.112360
6 0.479070 0.477528 0.060465 0.213483
10 0.530233 0.230337 0.060465 0.213483
10 0.412791 0.780899 0.072093 0.258427
8 0.616279 0.488764 0.060465 0.213483
2 0.605814 0.792135 0.048837 0.258427
2 0.362791 0.792135 0.032558 0.235955
2 0.773256 0.219101 0.044186 0.258427
2 0.117442 0.516854 0.025581 0.202247