11 0.343264 0.219101 0.059585 0.235955
11 0.402850 0.219101 0.059585 0.258427
11 0.468912 0.219101 0.072539 0.258427
9 0.708549 0.224719 0.064767 0.269663
10 0.773316 0.230337 0.059585 0.235955
0 0.822539 0.308989 0.038860 0.123596
5 0.571244 0.758427 0.080311 0.235955
1 0.893782 0.247191 0.077720 0.269663
1 0.492228 0.769663 0.077720 0.258427
2 0.103627 0.471910 0.025907 0.224719
2 0.291451 0.477528 0.033679 0.213483
3 0.406736 0.471910 0.067358 0.224719
3 0.314767 0.764045 0.080311 0.269663
3 0.602332 0.471910 0.059585 0.224719
4 0.396373 0.764045 0.072539 0.269663
6 0.472798 0.471910 0.064767 0.224719
6 0.340674 0.466292 0.064767 0.213483
7 0.537565 0.471910 0.064767 0.224719
11 0.652850 0.443820 0.031088 0.123596
11 0.694301 0.455056 0.046632 0.101124
11 0.097150 0.219101 0.064767 0.235955
11 0.163212 0.219101 0.067358 0.235955
11 0.226684 0.207865 0.059585 0.258427
11 0.286269 0.219101 0.059585 0.235955