4 0.091489 0.480418 0.058723 0.219321
1 0.588936 0.785901 0.076596 0.250653
1 0.618723 0.480418 0.059574 0.224543
1 0.540426 0.211488 0.064681 0.261097
2 0.437447 0.486945 0.023830 0.206266
2 0.477872 0.215405 0.045106 0.274151
2 0.435319 0.793734 0.028085 0.240209
2 0.359149 0.788512 0.034043 0.245431
7 0.486383 0.480418 0.062128 0.219321
11 0.224681 0.210183 0.061277 0.242820
11 0.710638 0.437337 0.045957 0.086162
11 0.672340 0.428198 0.028936 0.109661
11 0.460851 0.787206 0.022979 0.169713
11 0.790638 0.241514 0.061277 0.180157
11 0.728085 0.236292 0.063830 0.195822
11 0.665106 0.206266 0.062128 0.250653
11 0.351489 0.225849 0.059574 0.221932
11 0.287234 0.241514 0.058723 0.180157
5 0.353191 0.481723 0.064681 0.206266
3 0.283404 0.486945 0.064681 0.227154
3 0.509787 0.791123 0.069787 0.261097
4 0.553617 0.480418 0.063830 0.224543