11 0.214041 0.228045 0.068493 0.252125
11 0.340753 0.254958 0.061644 0.186969
11 0.279966 0.228045 0.059932 0.240793
1 0.086473 0.490085 0.066781 0.209632
1 0.404110 0.471671 0.068493 0.206799
8 0.520548 0.213881 0.068493 0.257790
2 0.291952 0.483003 0.035959 0.195467
2 0.612158 0.460340 0.042808 0.201133
7 0.340753 0.480170 0.058219 0.212465
7 0.534247 0.464589 0.061644 0.220963
7 0.565925 0.747875 0.077055 0.249292
3 0.320205 0.754958 0.071918 0.246459
3 0.396404 0.752125 0.070205 0.252125
3 0.492295 0.747875 0.066781 0.249292
5 0.469178 0.468839 0.061644 0.195467
11 0.445205 0.752125 0.023973 0.172805
11 0.648116 0.410765 0.029110 0.124646
11 0.685788 0.419263 0.046233 0.096317
11 0.640411 0.205382 0.068493 0.240793
11 0.702055 0.230878 0.061644 0.189802
11 0.766267 0.228045 0.066781 0.184136