11 0.441296 0.765060 0.024291 0.156627
11 0.651822 0.445783 0.032389 0.120482
11 0.690283 0.457831 0.044534 0.096386
0 0.694332 0.295181 0.028340 0.084337
0 0.265182 0.283133 0.036437 0.084337
1 0.647773 0.222892 0.064777 0.228916
1 0.771255 0.228916 0.060729 0.240964
3 0.275304 0.469880 0.064777 0.216867
3 0.536437 0.475904 0.060729 0.228916
4 0.342105 0.463855 0.060729 0.204819
6 0.182186 0.783133 0.056680 0.168675
11 0.097166 0.204819 0.072874 0.240964
11 0.829960 0.234940 0.056680 0.253012
11 0.894737 0.271084 0.072874 0.180723
11 0.220648 0.234940 0.060729 0.180723
11 0.251012 0.789157 0.056680 0.180723
4 0.471660 0.475904 0.060729 0.204819
6 0.406883 0.475904 0.060729 0.204819
2 0.340081 0.759036 0.032389 0.216867
2 0.514170 0.771084 0.024291 0.240964
1 0.394737 0.759036 0.068826 0.240964
9 0.570850 0.771084 0.072874 0.240964
1 0.601215 0.475904 0.068826 0.204819