3 0.463370 0.264706 0.062271 0.219251
3 0.584249 0.737968 0.069597 0.224599
1 0.505495 0.737968 0.073260 0.224599
5 0.538462 0.478610 0.065934 0.197861
5 0.602564 0.483957 0.062271 0.187166
5 0.531136 0.259358 0.065934 0.208556
11 0.686813 0.446524 0.047619 0.080214
11 0.650183 0.438503 0.025641 0.096257
11 0.457875 0.745989 0.021978 0.155080
11 0.758242 0.275401 0.065934 0.165775
11 0.697802 0.272727 0.054945 0.149733
11 0.639194 0.256684 0.062271 0.203209
11 0.346154 0.302139 0.054945 0.176471
11 0.282051 0.312834 0.058608 0.155080
11 0.225275 0.288770 0.054945 0.213904
10 0.478022 0.491979 0.054945 0.181818
10 0.351648 0.497326 0.058608 0.171123
3 0.338828 0.745989 0.069597 0.219251
2 0.434066 0.502674 0.025641 0.203209
2 0.304029 0.508021 0.029304 0.181818
1 0.100733 0.518717 0.069597 0.203209
1 0.408425 0.743316 0.069597 0.213904