11 0.434389 0.759690 0.036199 0.217054
3 0.309955 0.763566 0.076923 0.271318
3 0.466063 0.209302 0.063348 0.279070
3 0.400452 0.457364 0.067873 0.232558
1 0.382353 0.748062 0.067873 0.271318
1 0.083710 0.437984 0.067873 0.224806
1 0.533937 0.205426 0.072398 0.240310
11 0.651584 0.205426 0.063348 0.271318
11 0.217195 0.189922 0.063348 0.271318
11 0.653846 0.422481 0.040724 0.147287
11 0.696833 0.437984 0.045249 0.116279
11 0.348416 0.224806 0.063348 0.201550
11 0.282805 0.224806 0.058824 0.201550
11 0.712670 0.228682 0.058824 0.224806
11 0.778281 0.244186 0.063348 0.224806
10 0.337104 0.457364 0.058824 0.232558
2 0.291855 0.457364 0.031674 0.232558
8 0.574661 0.763566 0.072398 0.271318
7 0.533937 0.461240 0.063348 0.271318
5 0.466063 0.461240 0.063348 0.224806
5 0.601810 0.472868 0.063348 0.232558
5 0.490950 0.767442 0.076923 0.263566