0 0.283673 0.259615 0.053061 0.096154
2 0.620408 0.413462 0.032653 0.153846
2 0.518367 0.649038 0.032653 0.240385
2 0.351020 0.629808 0.024490 0.201923
7 0.569388 0.644231 0.069388 0.192308
7 0.185714 0.658654 0.044898 0.182692
3 0.279592 0.399038 0.061224 0.163462
3 0.412245 0.408654 0.057143 0.182692
4 0.348980 0.399038 0.061224 0.163462
4 0.473469 0.408654 0.057143 0.182692
11 0.257143 0.653846 0.040816 0.153846
11 0.106122 0.192308 0.065306 0.192308
11 0.228571 0.206731 0.065306 0.144231
11 0.820408 0.216346 0.057143 0.201923
11 0.879592 0.240385 0.061224 0.153846
1 0.402041 0.629808 0.077551 0.201923
1 0.646939 0.211538 0.061224 0.192308
1 0.765306 0.216346 0.061224 0.201923
1 0.542857 0.403846 0.065306 0.192308
0 0.695918 0.274038 0.036735 0.125000