11 0.651634 0.452632 0.027451 0.113684
11 0.773856 0.277895 0.060131 0.189474
11 0.711111 0.277895 0.057516 0.189474
11 0.652288 0.245263 0.057516 0.246316
11 0.347712 0.246316 0.049673 0.252632
11 0.290196 0.269474 0.060131 0.189474
11 0.225490 0.242105 0.061438 0.252632
2 0.528758 0.248421 0.048366 0.252632
2 0.301307 0.494737 0.024837 0.197895
2 0.592810 0.773684 0.024837 0.221053
2 0.422876 0.784211 0.024837 0.233684
2 0.350980 0.785263 0.027451 0.231579
3 0.500000 0.778947 0.071895 0.252632
6 0.348366 0.494737 0.058824 0.218947
5 0.605229 0.495789 0.060131 0.200000
5 0.542484 0.492632 0.065359 0.185263
10 0.478431 0.498947 0.057516 0.210526
10 0.412418 0.495789 0.053595 0.208421
11 0.694771 0.463158 0.058824 0.092632