11 0.825744 0.243151 0.061296 0.267123
11 0.104203 0.226027 0.068301 0.253425
11 0.225044 0.251712 0.061296 0.202055
11 0.691769 0.458904 0.049037 0.102740
11 0.652364 0.448630 0.029772 0.130137
11 0.889667 0.273973 0.063047 0.198630
0 0.636602 0.315068 0.033275 0.109589
0 0.275832 0.304795 0.036778 0.109589
9 0.571804 0.784247 0.064799 0.246575
1 0.711033 0.239726 0.063047 0.246575
1 0.589317 0.232877 0.061296 0.253425
1 0.474606 0.489726 0.059545 0.212329
1 0.401926 0.779110 0.071804 0.250000
2 0.298599 0.496575 0.033275 0.219178
2 0.367776 0.494863 0.024518 0.215753
2 0.350263 0.791096 0.031524 0.267123
3 0.498249 0.773973 0.071804 0.260274
6 0.605954 0.494863 0.059545 0.222603
10 0.540280 0.494863 0.061296 0.215753
8 0.415937 0.482877 0.054291 0.219178