2 0.513619 0.758824 0.023346 0.223529
9 0.593385 0.470588 0.058366 0.211765
1 0.389105 0.752941 0.077821 0.235294
6 0.533074 0.464706 0.062257 0.223529
10 0.466926 0.470588 0.062257 0.211765
2 0.422179 0.470588 0.027237 0.211765
11 0.815175 0.205882 0.058366 0.247059
11 0.875486 0.247059 0.062257 0.188235
11 0.680934 0.441176 0.054475 0.105882
11 0.645914 0.417647 0.031128 0.129412
11 0.219844 0.235294 0.058366 0.188235
11 0.250973 0.782353 0.042802 0.176471
4 0.338521 0.464706 0.062257 0.223529
3 0.272374 0.464706 0.062257 0.223529
1 0.636187 0.205882 0.066148 0.247059
1 0.756809 0.217647 0.058366 0.247059
0 0.684825 0.288235 0.031128 0.105882
0 0.262646 0.276471 0.035019 0.105882
11 0.441634 0.747059 0.027237 0.176471
2 0.340467 0.747059 0.035019 0.223529
6 0.562257 0.752941 0.073930 0.235294
7 0.184825 0.782353 0.058366 0.176471