7 0.576052 0.789474 0.084142 0.263158
11 0.694175 0.453947 0.048544 0.092105
11 0.655340 0.447368 0.029126 0.131579
11 0.255663 0.822368 0.051780 0.197368
11 0.448220 0.782895 0.029126 0.197368
11 0.228155 0.210526 0.080906 0.263158
11 0.158576 0.243421 0.058252 0.197368
11 0.090615 0.197368 0.064725 0.263158
11 0.708738 0.250000 0.064725 0.210526
11 0.640777 0.197368 0.058252 0.315789
0 0.451456 0.282895 0.035599 0.118421
10 0.391586 0.789474 0.071197 0.263158
3 0.339806 0.480263 0.058252 0.250000
5 0.540453 0.500000 0.058252 0.210526
2 0.619741 0.500000 0.029126 0.210526
2 0.770227 0.236842 0.045307 0.315789
1 0.469256 0.467105 0.058252 0.223684
1 0.084142 0.473684 0.064725 0.263158
1 0.899676 0.230263 0.071197 0.276316
1 0.831715 0.230263 0.051780 0.276316
1 0.527508 0.203947 0.071197 0.250000
9 0.401294 0.210526 0.064725 0.263158
9 0.404531 0.480263 0.058252 0.250000
9 0.181230 0.815789 0.058252 0.210526
6 0.498382 0.796053 0.071197 0.276316