11 0.325368 0.294444 0.062500 0.188889
1 0.397059 0.502778 0.058824 0.194444
1 0.505515 0.263889 0.062500 0.216667
2 0.343750 0.777778 0.033088 0.200000
2 0.281250 0.516667 0.033088 0.188889
2 0.439338 0.266667 0.055147 0.222222
3 0.494485 0.752778 0.069853 0.216667
11 0.448529 0.766667 0.022059 0.144444
11 0.674632 0.441667 0.047794 0.083333
11 0.637868 0.430556 0.033088 0.116667
11 0.748162 0.252778 0.062500 0.172222
11 0.685662 0.266667 0.055147 0.166667
11 0.623162 0.238889 0.069853 0.222222
11 0.264706 0.319444 0.058824 0.172222
11 0.200368 0.294444 0.062500 0.222222
10 0.523897 0.488889 0.062500 0.188889
10 0.334559 0.516667 0.058824 0.188889
7 0.591912 0.480556 0.058824 0.183333
7 0.463235 0.500000 0.058824 0.188889
5 0.569853 0.750000 0.073529 0.200000
1 0.398897 0.766667 0.069853 0.222222