2 0.609043 0.714286 0.042553 0.228571
9 0.698138 0.204762 0.071809 0.238095
10 0.353723 0.500000 0.063830 0.200000
10 0.886968 0.176190 0.082447 0.238095
0 0.809840 0.257143 0.050532 0.114286
11 0.652926 0.404762 0.034574 0.104762
11 0.692819 0.409524 0.050532 0.076190
11 0.219415 0.290476 0.055851 0.257143
11 0.158245 0.295238 0.066489 0.247619
11 0.094415 0.309524 0.066489 0.238095
11 0.283245 0.280952 0.082447 0.238095
11 0.465426 0.742857 0.031915 0.190476
11 0.398936 0.257143 0.063830 0.228571
11 0.469415 0.247619 0.077128 0.228571
9 0.545213 0.466667 0.063830 0.209524
8 0.761968 0.195238 0.055851 0.238095
8 0.484043 0.466667 0.063830 0.190476
3 0.607713 0.457143 0.055851 0.209524
3 0.518617 0.728571 0.069149 0.238095
3 0.417553 0.485714 0.063830 0.209524
10 0.409574 0.742857 0.069149 0.228571
1 0.094415 0.547619 0.066489 0.200000
2 0.305851 0.514286 0.031915 0.190476
2 0.359043 0.757143 0.021277 0.200000