2 0.503367 0.217949 0.040404 0.210256
11 0.181818 0.392308 0.026936 0.128205
11 0.219697 0.394872 0.048822 0.133333
3 0.569024 0.700000 0.090909 0.261538
1 0.661616 0.700000 0.101010 0.251282
1 0.566498 0.217949 0.082492 0.230769
7 0.649832 0.225641 0.077441 0.225641
8 0.751684 0.223077 0.085859 0.210256
11 0.506734 0.692308 0.037037 0.184615
11 0.098485 0.392308 0.052189 0.128205
11 0.148990 0.392308 0.048822 0.128205
0 0.700337 0.302564 0.023569 0.061538
11 0.739057 0.430769 0.070707 0.112821
11 0.677609 0.423077 0.045455 0.128205
2 0.376263 0.697436 0.042088 0.225641
10 0.441919 0.697436 0.089226 0.256410