11 0.515987 0.536816 0.059952 0.080597
11 0.650280 0.512438 0.035971 0.093532
11 0.697042 0.503980 0.054357 0.090547
11 0.711831 0.665174 0.031175 0.054726
11 0.758193 0.664179 0.056755 0.040796
6 0.485212 0.693035 0.081535 0.098507
1 0.316147 0.451741 0.304556 0.372139
11 0.590328 0.530846 0.087130 0.064677
11 0.048361 0.804478 0.051958 0.082587
2 0.090727 0.796020 0.027978 0.055721
3 0.570344 0.677114 0.072742 0.102488
0 0.612310 0.710945 0.012790 0.028856
4 0.655875 0.662189 0.072742 0.098507
6 0.050360 0.172139 0.099121 0.173134
3 0.158673 0.149751 0.107914 0.174129
11 0.246203 0.094527 0.060751 0.095522
11 0.316147 0.083085 0.079137 0.076617
11 0.011191 0.810945 0.022382 0.055721