11 0.679793 0.449704 0.048528 0.094675
11 0.642005 0.427515 0.027049 0.133136
11 0.882657 0.264793 0.069212 0.192308
11 0.815434 0.235207 0.058870 0.251479
11 0.200080 0.251479 0.062848 0.183432
11 0.077566 0.229290 0.070804 0.239645
4 0.482100 0.758876 0.070008 0.239645
4 0.165473 0.789941 0.044551 0.177515
9 0.591488 0.479290 0.058075 0.207101
9 0.525060 0.477811 0.063644 0.204142
6 0.459029 0.477811 0.060461 0.215976
2 0.346062 0.480769 0.031822 0.204142
2 0.404137 0.754438 0.038186 0.236686
2 0.328162 0.757396 0.038982 0.230769
2 0.126094 0.785503 0.027844 0.162722
2 0.279236 0.474852 0.036595 0.210059
0 0.620923 0.309172 0.032617 0.091716
1 0.697295 0.233728 0.070804 0.248521
8 0.393795 0.468935 0.058870 0.215976
1 0.558473 0.755917 0.077963 0.239645
0 0.249801 0.297337 0.035004 0.097633
1 0.572395 0.233728 0.064439 0.248521
11 0.236277 0.784024 0.049324 0.183432