11 0.225490 0.421053 0.046569 0.119298
5 0.625000 0.224561 0.078431 0.175439
4 0.550245 0.228070 0.066176 0.210526
6 0.715074 0.212281 0.089461 0.207018
0 0.671569 0.289474 0.019608 0.073684
1 0.132966 0.678947 0.084559 0.228070
11 0.653186 0.396491 0.046569 0.126316
11 0.709559 0.405263 0.068627 0.087719
7 0.658088 0.642105 0.095588 0.231579
2 0.475490 0.659649 0.056373 0.231579
3 0.366422 0.666667 0.100490 0.252632
2 0.593750 0.650877 0.037990 0.242105
2 0.487745 0.233333 0.049020 0.200000
11 0.189951 0.424561 0.024510 0.119298
11 0.152574 0.421053 0.037990 0.112281
11 0.107843 0.429825 0.046569 0.115789