11 0.742857 0.242775 0.057143 0.173410
11 0.633929 0.407514 0.025000 0.109827
8 0.587500 0.462428 0.053571 0.208092
11 0.671429 0.421965 0.050000 0.092486
11 0.217857 0.245665 0.057143 0.225434
11 0.275000 0.263006 0.057143 0.167630
11 0.333929 0.248555 0.060714 0.196532
11 0.623214 0.216763 0.060714 0.225434
11 0.682143 0.245665 0.064286 0.167630
11 0.439286 0.739884 0.021429 0.173410
9 0.525000 0.465318 0.057143 0.202312
10 0.508929 0.219653 0.060714 0.231214
10 0.335714 0.476879 0.057143 0.202312
1 0.564286 0.739884 0.071429 0.231214
1 0.396429 0.471098 0.064286 0.213873
1 0.391071 0.754335 0.067857 0.236994
1 0.487500 0.745665 0.067857 0.242775
2 0.294643 0.488439 0.025000 0.202312
2 0.342857 0.754335 0.028571 0.225434
6 0.460714 0.471098 0.057143 0.213873