0 0.626904 0.254321 0.015228 0.044444
5 0.585025 0.185185 0.068528 0.182716
8 0.673858 0.171605 0.068528 0.175309
11 0.468274 0.665432 0.053299 0.209877
11 0.079949 0.408642 0.043147 0.120988
11 0.124365 0.408642 0.045685 0.120988
11 0.157360 0.406173 0.015228 0.125926
11 0.190355 0.396296 0.040609 0.111111
11 0.615482 0.362963 0.038071 0.098765
11 0.663706 0.371605 0.058376 0.081481
2 0.450508 0.193827 0.032995 0.185185
1 0.104061 0.692593 0.076142 0.219753
8 0.511421 0.187654 0.063452 0.187654