10 0.503436 0.224924 0.072165 0.170213
2 0.445017 0.232523 0.030928 0.155015
5 0.582474 0.211246 0.072165 0.155015
5 0.664948 0.205167 0.079038 0.155015
11 0.623711 0.378419 0.037801 0.094225
11 0.673540 0.387538 0.061856 0.075988
11 0.481100 0.658055 0.034364 0.142857
11 0.176976 0.436170 0.037801 0.088146
11 0.149485 0.436170 0.017182 0.088146
11 0.118557 0.442249 0.044674 0.088146
1 0.106529 0.705167 0.075601 0.194529
0 0.630584 0.281155 0.017182 0.033435
11 0.077320 0.445289 0.044674 0.094225