2 0.332677 0.776817 0.023622 0.224913
1 0.595472 0.460208 0.064961 0.214533
1 0.383858 0.775087 0.070866 0.242215
1 0.483268 0.768166 0.072835 0.242215
10 0.397638 0.468858 0.059055 0.217993
10 0.560039 0.771626 0.068898 0.235294
6 0.330709 0.465398 0.059055 0.211073
7 0.528543 0.463668 0.061024 0.221453
5 0.464567 0.465398 0.059055 0.190311
2 0.283465 0.474048 0.023622 0.193772
6 0.521654 0.188581 0.066929 0.245675
3 0.455709 0.188581 0.064961 0.245675
11 0.687008 0.420415 0.047244 0.086505
11 0.647638 0.408304 0.031496 0.110727
11 0.770669 0.214533 0.064961 0.186851
11 0.707677 0.217993 0.061024 0.179931
11 0.644685 0.183391 0.064961 0.249135
11 0.331693 0.205882 0.061024 0.211073
11 0.205709 0.197232 0.061024 0.256055
11 0.269685 0.226644 0.059055 0.183391