11 0.889990 0.248457 0.065693 0.188272
11 0.252346 0.800926 0.052138 0.182099
3 0.272158 0.472222 0.075078 0.228395
3 0.406674 0.466049 0.066736 0.234568
4 0.343066 0.470679 0.062565 0.225309
10 0.472888 0.470679 0.065693 0.225309
10 0.570386 0.766975 0.072993 0.250000
1 0.538582 0.472222 0.067779 0.216049
1 0.604275 0.476852 0.061522 0.219136
1 0.397289 0.765432 0.075078 0.259259
1 0.492701 0.766975 0.078206 0.250000
2 0.526069 0.211420 0.051095 0.243827
0 0.268509 0.285494 0.030240 0.095679
6 0.177268 0.799383 0.062565 0.185185
2 0.340980 0.766975 0.035454 0.231481
7 0.766423 0.217593 0.066736 0.243827
0 0.694473 0.287037 0.033368 0.104938
10 0.586548 0.212963 0.063608 0.246914
10 0.649114 0.211420 0.061522 0.250000
11 0.096455 0.211420 0.078206 0.274691
11 0.217414 0.239198 0.069864 0.200617
11 0.651199 0.424383 0.032325 0.114198
11 0.691867 0.433642 0.044838 0.095679
11 0.825860 0.214506 0.056309 0.250000