6 0.592857 0.212670 0.080952 0.208145
11 0.247619 0.414027 0.047619 0.113122
11 0.342857 0.407240 0.047619 0.099548
11 0.380952 0.409502 0.047619 0.104072
10 0.416667 0.678733 0.090476 0.244344
8 0.514286 0.214932 0.076190 0.194570
11 0.419048 0.409502 0.047619 0.113122
11 0.630952 0.395928 0.052381 0.113122
6 0.535714 0.671946 0.100000 0.239819
11 0.680952 0.395928 0.057143 0.095023
2 0.354762 0.685520 0.042857 0.230769
2 0.288095 0.235294 0.033333 0.180995
3 0.678571 0.208145 0.080952 0.208145
9 0.347619 0.228507 0.085714 0.203620
10 0.433333 0.226244 0.076190 0.208145
5 0.626190 0.671946 0.100000 0.230769
11 0.297619 0.414027 0.052381 0.113122