3 0.417155 0.493590 0.060117 0.209402
2 0.359238 0.784188 0.035191 0.235043
2 0.472874 0.245726 0.045455 0.235043
8 0.535924 0.245726 0.063050 0.235043
8 0.584311 0.777778 0.065982 0.239316
8 0.411290 0.775641 0.060117 0.235043
3 0.288123 0.502137 0.057185 0.217949
3 0.609971 0.493590 0.061584 0.209402
4 0.101906 0.502137 0.051320 0.217949
4 0.484604 0.493590 0.057185 0.217949
6 0.508065 0.775641 0.071848 0.235043
9 0.546921 0.497863 0.058651 0.209402
5 0.351173 0.497863 0.060117 0.200855
11 0.457478 0.775641 0.023460 0.158120
11 0.227273 0.254274 0.055718 0.235043
11 0.288856 0.275641 0.055718 0.183761
11 0.351906 0.260684 0.058651 0.205128
11 0.658358 0.446581 0.026393 0.115385
11 0.697214 0.463675 0.048387 0.098291
11 0.652493 0.252137 0.061584 0.222222
11 0.711877 0.271368 0.060117 0.192308
11 0.773460 0.271368 0.060117 0.175214