11 0.502494 0.704461 0.029925 0.189591
11 0.720075 0.418216 0.066085 0.122677
11 0.664589 0.412639 0.044888 0.148699
0 0.682668 0.304833 0.018703 0.074349
8 0.639651 0.228625 0.072319 0.219331
1 0.567332 0.693309 0.099751 0.271375
3 0.441397 0.695167 0.092269 0.275093
3 0.347880 0.697026 0.097257 0.278810
3 0.730050 0.223048 0.086035 0.237918
3 0.467581 0.230483 0.094763 0.245353
2 0.576060 0.234201 0.049875 0.223048
2 0.685162 0.689591 0.063591 0.271375
11 0.214464 0.423792 0.052369 0.148699
11 0.179551 0.429368 0.017456 0.130112
11 0.145885 0.429368 0.047382 0.130112
11 0.097257 0.425651 0.049875 0.144981