11 0.229282 0.213415 0.071823 0.256098
11 0.167127 0.243902 0.063536 0.195122
11 0.103591 0.207317 0.080110 0.268293
11 0.650552 0.225610 0.058011 0.256098
11 0.252762 0.792683 0.063536 0.195122
11 0.711326 0.268293 0.069061 0.195122
0 0.455801 0.304878 0.038674 0.097561
9 0.182320 0.786585 0.066298 0.207317
9 0.395028 0.762195 0.082873 0.256098
9 0.410221 0.481707 0.074586 0.231707
9 0.406077 0.225610 0.077348 0.256098
2 0.529006 0.225610 0.058011 0.256098
2 0.772099 0.250000 0.052486 0.256098
11 0.448895 0.768293 0.035912 0.170732
4 0.500000 0.774390 0.077348 0.256098
8 0.577348 0.768293 0.077348 0.243902
3 0.338398 0.469512 0.069061 0.231707
3 0.476519 0.481707 0.063536 0.231707
6 0.541436 0.481707 0.066298 0.231707
6 0.609116 0.487805 0.069061 0.219512
1 0.832873 0.250000 0.069061 0.231707
1 0.900552 0.256098 0.066298 0.243902
11 0.657459 0.451220 0.033149 0.146341
11 0.704420 0.457317 0.055249 0.109756