8 0.390884 0.745902 0.066298 0.245902
8 0.602901 0.442623 0.059392 0.210773
11 0.211326 0.197892 0.060773 0.259953
8 0.531077 0.174473 0.064917 0.264637
2 0.340470 0.744731 0.026243 0.243560
2 0.290746 0.461358 0.020718 0.215457
2 0.423343 0.456674 0.037293 0.220141
3 0.465470 0.185012 0.066298 0.262295
4 0.473066 0.449649 0.051105 0.224824
4 0.491022 0.735363 0.064917 0.266979
7 0.339088 0.457845 0.062155 0.236534
6 0.537983 0.448478 0.062155 0.222482
11 0.442680 0.750585 0.020718 0.189696
11 0.783840 0.195550 0.053867 0.194379
11 0.715470 0.194379 0.058011 0.201405
11 0.656768 0.168618 0.062155 0.252927
11 0.279696 0.227166 0.062155 0.210773
11 0.341160 0.217799 0.060773 0.192037
11 0.694061 0.403981 0.048343 0.110070
11 0.653315 0.389930 0.030387 0.138173
8 0.573204 0.730679 0.066298 0.252927