11 0.818786 0.545024 0.055028 0.085308
1 0.401328 0.317536 0.108159 0.236967
2 0.312144 0.315166 0.070209 0.222749
11 0.754269 0.834123 0.032258 0.056872
11 0.718216 0.834123 0.032258 0.056872
7 0.653700 0.760664 0.085389 0.194313
1 0.562619 0.751185 0.085389 0.194313
9 0.466793 0.746445 0.094877 0.184834
6 0.376660 0.739336 0.081594 0.189573
8 0.293169 0.734597 0.070209 0.189573
11 0.259962 0.606635 0.026565 0.056872
11 0.232448 0.604265 0.028463 0.061611
11 0.202087 0.601896 0.028463 0.066351
11 0.169829 0.601896 0.039848 0.066351
11 0.130930 0.597156 0.037951 0.066351
11 0.233397 0.500000 0.060721 0.109005
8 0.680266 0.329384 0.089184 0.232227
4 0.555028 0.327014 0.108159 0.236967
11 0.477230 0.329384 0.039848 0.118483