3 0.462567 0.221739 0.065954 0.275362
11 0.780749 0.260870 0.064171 0.208696
11 0.710339 0.242029 0.058824 0.182609
11 0.649733 0.215942 0.062389 0.252174
11 0.341355 0.247826 0.062389 0.188406
11 0.214795 0.211594 0.069519 0.255072
11 0.279857 0.215942 0.064171 0.257971
11 0.439394 0.762319 0.033868 0.197101
11 0.694296 0.440580 0.051693 0.121739
2 0.097148 0.478261 0.030303 0.260870
2 0.286096 0.481159 0.026738 0.237681
2 0.421569 0.469565 0.030303 0.237681
2 0.528520 0.237681 0.051693 0.272464
1 0.494652 0.769565 0.073084 0.269565
3 0.311052 0.765217 0.069519 0.266667
3 0.388592 0.763768 0.060606 0.257971
4 0.606952 0.472464 0.062389 0.231884
7 0.343137 0.469565 0.069519 0.214493
6 0.471480 0.478261 0.062389 0.226087
7 0.539216 0.472464 0.065954 0.226087
3 0.571301 0.762319 0.076649 0.249275
11 0.652406 0.428986 0.035651 0.115942