11 0.661820 0.419944 0.029081 0.120787
8 0.549719 0.470506 0.060038 0.216292
10 0.581614 0.766854 0.075047 0.264045
7 0.348030 0.477528 0.065666 0.224719
3 0.469981 0.212079 0.065666 0.255618
11 0.781426 0.238764 0.065666 0.196629
11 0.719981 0.240169 0.060976 0.193820
11 0.656660 0.206461 0.065666 0.261236
11 0.348030 0.245787 0.061914 0.188202
11 0.284709 0.213483 0.064728 0.252809
11 0.221388 0.220506 0.061914 0.255618
3 0.413227 0.473315 0.064728 0.233146
3 0.479362 0.476124 0.065666 0.233146
3 0.331614 0.771067 0.074109 0.255618
4 0.534240 0.207865 0.062852 0.252809
4 0.508443 0.768258 0.067542 0.255618
2 0.301126 0.480337 0.024390 0.202247
2 0.633208 0.473315 0.028143 0.210674
1 0.089587 0.480337 0.064728 0.219101
1 0.404315 0.771067 0.071295 0.261236
11 0.455441 0.773876 0.029081 0.171348
11 0.700750 0.431180 0.048780 0.098315