1 0.583822 0.756667 0.072925 0.266667
10 0.714166 0.200000 0.072087 0.260000
4 0.781224 0.201667 0.062028 0.263333
4 0.419950 0.461667 0.062028 0.243333
5 0.901509 0.200000 0.074602 0.260000
5 0.486169 0.460000 0.063705 0.220000
5 0.613579 0.458333 0.065381 0.223333
0 0.827745 0.275000 0.027661 0.110000
1 0.099749 0.466667 0.072087 0.233333
1 0.551132 0.461667 0.062867 0.230000
2 0.305532 0.461667 0.037720 0.216667
2 0.432523 0.751667 0.048617 0.263333
7 0.355407 0.466667 0.065381 0.233333
3 0.336966 0.755000 0.085499 0.276667
3 0.505029 0.751667 0.074602 0.270000
11 0.665130 0.411667 0.029338 0.130000
11 0.703269 0.423333 0.046940 0.100000
11 0.106454 0.213333 0.067058 0.266667
11 0.173093 0.216667 0.062867 0.260000
11 0.232607 0.208333 0.062867 0.256667
11 0.293378 0.210000 0.062028 0.253333
11 0.358340 0.208333 0.057837 0.256667
11 0.413663 0.216667 0.059514 0.093333
11 0.477787 0.203333 0.072087 0.253333