7 0.641092 0.445255 0.065020 0.218978
5 0.614434 0.731752 0.084525 0.237226
1 0.531860 0.739051 0.080624 0.251825
3 0.353056 0.742701 0.084525 0.259124
3 0.207412 0.781022 0.048114 0.182482
9 0.571521 0.447080 0.068921 0.222628
6 0.504551 0.443431 0.065020 0.215328
2 0.449935 0.733577 0.057217 0.240876
2 0.163849 0.777372 0.039012 0.182482
2 0.379064 0.452555 0.048114 0.204380
2 0.320546 0.461679 0.058518 0.215328
4 0.100780 0.465328 0.061118 0.229927
9 0.749675 0.178832 0.081925 0.255474
0 0.669051 0.262774 0.035111 0.087591
8 0.620936 0.189781 0.058518 0.240876
7 0.436931 0.443431 0.065020 0.237226
7 0.556567 0.191606 0.070221 0.251825
11 0.281534 0.779197 0.050715 0.178832
11 0.731469 0.399635 0.045514 0.105839
11 0.691157 0.390511 0.029909 0.131387
11 0.938231 0.204380 0.071521 0.197080
11 0.868661 0.177007 0.067620 0.251825
11 0.234720 0.237226 0.074122 0.197080
11 0.106632 0.209854 0.083225 0.251825
0 0.291287 0.277372 0.031209 0.094891