9 0.391278 0.770073 0.070025 0.240876
11 0.439803 0.768248 0.027027 0.164234
5 0.493243 0.773723 0.067568 0.233577
5 0.470516 0.478102 0.063882 0.204380
3 0.523956 0.208029 0.067568 0.240876
3 0.461302 0.211679 0.065111 0.240876
1 0.536855 0.479927 0.063882 0.208029
11 0.244472 0.804745 0.051597 0.178832
11 0.689189 0.439781 0.049140 0.091241
4 0.566953 0.771898 0.072482 0.244526
4 0.080467 0.463504 0.060197 0.204380
11 0.646806 0.218978 0.067568 0.233577
2 0.138821 0.802920 0.019656 0.160584
2 0.289926 0.476277 0.027027 0.200730
2 0.355651 0.468978 0.023342 0.200730
2 0.339066 0.766423 0.022113 0.218978
2 0.619165 0.478102 0.024570 0.197080
11 0.217445 0.208029 0.061425 0.240876
11 0.278870 0.239051 0.061425 0.178832
11 0.337838 0.239051 0.066339 0.178832
11 0.710074 0.250000 0.061425 0.186131
11 0.769042 0.253650 0.061425 0.186131
11 0.651106 0.428832 0.027027 0.105839
1 0.175061 0.802920 0.047912 0.175182
6 0.402948 0.468978 0.058968 0.208029