1 0.862934 0.296000 0.081081 0.240000
11 0.683398 0.470000 0.046332 0.100000
11 0.638996 0.460000 0.034749 0.120000
8 0.559846 0.766000 0.069498 0.236000
4 0.484556 0.772000 0.081081 0.248000
3 0.586873 0.512000 0.061776 0.208000
7 0.467181 0.490000 0.061776 0.204000
9 0.527027 0.502000 0.057915 0.196000
9 0.397683 0.490000 0.069498 0.204000
5 0.337838 0.486000 0.065637 0.180000
2 0.289575 0.486000 0.038610 0.172000
2 0.330116 0.762000 0.034749 0.212000
1 0.389961 0.752000 0.077220 0.232000
10 0.754826 0.278000 0.065637 0.236000
9 0.681467 0.274000 0.081081 0.228000
0 0.789575 0.356000 0.042471 0.104000
11 0.457529 0.258000 0.073359 0.236000
11 0.395753 0.258000 0.065637 0.220000
11 0.337838 0.258000 0.073359 0.236000
11 0.287645 0.252000 0.057915 0.232000
11 0.225869 0.246000 0.065637 0.236000
11 0.164093 0.238000 0.073359 0.236000
11 0.104247 0.236000 0.069498 0.240000