1 0.528770 0.698225 0.085317 0.260355
2 0.641865 0.215976 0.045635 0.218935
2 0.739087 0.227811 0.053571 0.218935
7 0.532738 0.215976 0.073413 0.207101
7 0.356151 0.198225 0.081349 0.207101
1 0.404762 0.686391 0.083333 0.248521
5 0.628968 0.701183 0.103175 0.242604
3 0.311508 0.680473 0.091270 0.248521
1 0.065476 0.665680 0.091270 0.218935
9 0.445437 0.215976 0.081349 0.218935
11 0.698413 0.423077 0.067460 0.088757
11 0.642857 0.417160 0.043651 0.124260
11 0.241071 0.381657 0.049603 0.124260
11 0.292659 0.384615 0.041667 0.106509
11 0.337302 0.393491 0.039683 0.100592
11 0.378968 0.408284 0.039683 0.118343
11 0.422619 0.402367 0.039683 0.118343