11 0.692790 0.444262 0.050157 0.101639
4 0.717868 0.234426 0.075235 0.252459
8 0.413793 0.457377 0.062696 0.226230
5 0.476489 0.470492 0.062696 0.200000
6 0.492163 0.750820 0.075235 0.262295
7 0.568966 0.765574 0.078370 0.252459
11 0.655172 0.440984 0.031348 0.108197
11 0.827586 0.242623 0.062696 0.268852
11 0.898119 0.277049 0.072100 0.186885
11 0.443574 0.755738 0.021944 0.186885
11 0.095611 0.180328 0.078370 0.262295
11 0.161442 0.224590 0.053292 0.193443
11 0.225705 0.231148 0.062696 0.193443
11 0.288401 0.231148 0.062696 0.193443
11 0.346395 0.204918 0.047022 0.259016
11 0.404389 0.209836 0.056426 0.268852
9 0.540752 0.478689 0.065831 0.216393
9 0.393417 0.749180 0.072100 0.252459
3 0.592476 0.227869 0.075235 0.252459
3 0.083072 0.436066 0.072100 0.216393
2 0.299373 0.459016 0.047022 0.209836
2 0.357367 0.457377 0.037618 0.226230
2 0.340125 0.744262 0.034483 0.242623
2 0.656740 0.231148 0.047022 0.259016
2 0.622257 0.486885 0.034483 0.200000