5 0.218204 0.794118 0.047382 0.152941
11 0.120948 0.247059 0.067332 0.235294
11 0.182045 0.276471 0.054863 0.176471
11 0.243142 0.241176 0.067332 0.247059
11 0.283042 0.782353 0.042394 0.176471
11 0.465087 0.741176 0.027431 0.164706
11 0.654613 0.394118 0.027431 0.082353
11 0.695761 0.405882 0.054863 0.105882
11 0.648379 0.188235 0.039900 0.258824
11 0.701995 0.205882 0.067332 0.200000
0 0.458853 0.288235 0.039900 0.082353
1 0.534913 0.211765 0.067332 0.235294
1 0.110973 0.500000 0.062344 0.200000
1 0.881546 0.176471 0.062344 0.235294
1 0.824190 0.182353 0.067332 0.223529
2 0.763092 0.182353 0.039900 0.247059
2 0.625935 0.441176 0.019950 0.200000
2 0.369077 0.747059 0.019950 0.223529
2 0.183292 0.788235 0.027431 0.164706
9 0.417706 0.747059 0.067332 0.247059
9 0.415212 0.223529 0.062344 0.235294
3 0.360349 0.464706 0.062344 0.200000
8 0.425187 0.452941 0.052369 0.200000
8 0.488778 0.452941 0.059850 0.200000
8 0.553616 0.447059 0.054863 0.188235
7 0.587282 0.717647 0.067332 0.235294
6 0.512469 0.741176 0.067332 0.235294