3 0.586538 0.680000 0.076923 0.260000
11 0.485577 0.405000 0.041667 0.110000
11 0.440705 0.410000 0.035256 0.100000
11 0.312500 0.405000 0.035256 0.110000
11 0.360577 0.410000 0.048077 0.120000
11 0.403846 0.405000 0.038462 0.110000
11 0.689103 0.410000 0.032051 0.100000
11 0.743590 0.425000 0.064103 0.090000
1 0.671474 0.690000 0.086538 0.240000
1 0.467949 0.685000 0.076923 0.230000
1 0.155449 0.675000 0.073718 0.210000
2 0.407051 0.685000 0.032051 0.210000
2 0.774038 0.235000 0.035256 0.210000
2 0.602564 0.235000 0.032051 0.210000
3 0.338141 0.220000 0.067308 0.220000
4 0.424679 0.225000 0.073718 0.210000
7 0.501603 0.225000 0.073718 0.210000
7 0.665064 0.235000 0.073718 0.190000