11 0.125967 0.662437 0.028729 0.015228
11 0.138122 0.636421 0.033149 0.034264
11 0.145856 0.602792 0.041989 0.032995
11 0.177348 0.687183 0.029834 0.024112
11 0.187293 0.662437 0.034254 0.025381
11 0.198343 0.630076 0.032044 0.036802
11 0.208287 0.590102 0.034254 0.038071
11 0.164088 0.716371 0.029834 0.034264
11 0.841989 0.224619 0.039779 0.032995
11 0.852486 0.187183 0.036464 0.039340
11 0.626519 0.312817 0.068508 0.052030
11 0.652486 0.263959 0.054144 0.071066
11 0.658564 0.215102 0.053039 0.052030
11 0.672376 0.187183 0.065193 0.057107
11 0.625414 0.766497 0.041989 0.038071
11 0.641436 0.736675 0.043094 0.046954
11 0.656906 0.708122 0.032044 0.025381
11 0.659669 0.684010 0.035359 0.043147
2 0.674033 0.660533 0.037569 0.026650
2 0.225414 0.494924 0.077348 0.043147
2 0.260221 0.364848 0.085083 0.044416
1 0.240331 0.438452 0.096133 0.077411
11 0.246409 0.325508 0.048619 0.031726
11 0.259669 0.286168 0.046409 0.049492
11 0.121547 0.678299 0.035359 0.021574
0 0.824309 0.310279 0.019890 0.013959
1 0.803867 0.260152 0.089503 0.081218
1 0.776243 0.322970 0.087293 0.074873
1 0.496133 0.395939 0.293923 0.274112