5 0.477302 0.698743 0.142672 0.128627
1 0.228923 0.418762 0.097276 0.087041
4 0.220493 0.310928 0.098573 0.084139
11 0.598573 0.824952 0.032425 0.027079
11 0.596628 0.795938 0.033722 0.021277
11 0.597925 0.769342 0.033722 0.026112
11 0.732815 0.793520 0.046693 0.035783
11 0.568742 0.275145 0.050584 0.041586
11 0.598573 0.853965 0.032425 0.027079
11 0.599870 0.882012 0.037613 0.025145
8 0.470169 0.516925 0.164721 0.138298
6 0.482490 0.839942 0.160830 0.120890
10 0.234760 0.529014 0.095979 0.079304
11 0.306096 0.270309 0.033722 0.031915
11 0.307393 0.304642 0.033722 0.029014
11 0.308042 0.338008 0.035019 0.031915
5 0.243191 0.638298 0.086900 0.079304
1 0.247730 0.742263 0.095979 0.080271