1 0.395038 0.034091 0.103053 0.068182
7 0.599237 0.028409 0.099237 0.056818
6 0.332061 0.065341 0.114504 0.107955
5 0.116412 0.244318 0.095420 0.090909
8 0.912214 0.053977 0.076336 0.107955
2 0.721374 0.298295 0.152672 0.187500
9 0.889313 0.238636 0.183206 0.147727
5 0.467557 0.565341 0.171756 0.210227
1 0.028626 0.735795 0.057252 0.096591
4 0.020992 0.531250 0.041985 0.096591
4 0.307252 0.696023 0.179389 0.187500
1 0.047710 0.474432 0.095420 0.096591
1 0.162214 0.190341 0.110687 0.107955
1 0.580153 0.423295 0.190840 0.198864
1 0.173664 0.812500 0.171756 0.193182