11 0.192755 0.436759 0.028461 0.138340
7 0.666882 0.691700 0.097025 0.260870
7 0.740621 0.219368 0.089263 0.209486
7 0.561449 0.227273 0.080207 0.201581
2 0.500000 0.229249 0.040103 0.197628
0 0.684347 0.296443 0.023286 0.079051
3 0.645537 0.217391 0.082794 0.221344
3 0.357697 0.707510 0.089263 0.252964
3 0.576326 0.691700 0.084088 0.252964
1 0.452781 0.695652 0.082794 0.252964
11 0.514877 0.697628 0.033635 0.201581
11 0.675938 0.407115 0.045278 0.126482
11 0.731565 0.420949 0.065977 0.114625
11 0.109314 0.438735 0.045278 0.134387
11 0.155239 0.440711 0.046572 0.138340
11 0.231565 0.432806 0.049159 0.130435