11 0.326360 0.385714 0.050209 0.104762
2 0.322176 0.204762 0.058577 0.180952
2 0.573222 0.214286 0.058577 0.180952
2 0.654812 0.233333 0.046025 0.180952
5 0.389121 0.209524 0.075314 0.171429
7 0.468619 0.209524 0.083682 0.190476
7 0.719665 0.228571 0.083682 0.190476
4 0.112971 0.633333 0.083682 0.200000
10 0.424686 0.657143 0.087866 0.228571
3 0.550209 0.661905 0.087866 0.238095
6 0.640167 0.666667 0.092050 0.228571
11 0.489540 0.657143 0.025105 0.152381
11 0.278243 0.376190 0.046025 0.123810
11 0.368201 0.385714 0.033473 0.104762
11 0.410042 0.385714 0.033473 0.104762
11 0.447699 0.385714 0.041841 0.123810
11 0.705021 0.419048 0.062762 0.095238
11 0.740586 0.404762 0.016736 0.104762