3 0.599038 0.462418 0.063462 0.205882
4 0.393269 0.758170 0.067308 0.228758
10 0.404808 0.467320 0.059615 0.209150
11 0.650000 0.200980 0.065385 0.238562
3 0.534615 0.465686 0.061538 0.199346
3 0.566346 0.753268 0.071154 0.232026
4 0.491346 0.759804 0.067308 0.232026
6 0.337500 0.472222 0.063462 0.212418
3 0.467308 0.465686 0.061538 0.212418
1 0.082692 0.470588 0.057692 0.202614
2 0.294231 0.470588 0.026923 0.189542
11 0.342308 0.243464 0.061538 0.179739
11 0.217308 0.212418 0.061538 0.241830
11 0.279808 0.209150 0.055769 0.235294
2 0.525962 0.204248 0.040385 0.232026
3 0.462500 0.204248 0.063462 0.232026
11 0.650962 0.413399 0.028846 0.107843
11 0.690385 0.424837 0.050000 0.084967
11 0.775000 0.228758 0.065385 0.176471
11 0.710577 0.230392 0.063462 0.179739
3 0.318269 0.761438 0.071154 0.241830