11 0.413208 0.443820 0.033962 0.078652
11 0.692453 0.443820 0.056604 0.101124
11 0.379245 0.443820 0.033962 0.078652
1 0.154717 0.724719 0.083019 0.213483
3 0.641509 0.685393 0.083019 0.224719
6 0.554717 0.691011 0.083019 0.235955
10 0.441509 0.707865 0.090566 0.224719
3 0.611321 0.264045 0.075472 0.168539
1 0.690566 0.252809 0.083019 0.191011
1 0.535849 0.269663 0.075472 0.179775
7 0.460377 0.269663 0.075472 0.179775
7 0.381132 0.275281 0.083019 0.191011
11 0.500000 0.713483 0.026415 0.168539
11 0.643396 0.426966 0.041509 0.112360
11 0.337736 0.455056 0.049057 0.101124
11 0.292453 0.455056 0.041509 0.101124
11 0.450943 0.455056 0.041509 0.101124