5 0.500000 0.289474 0.072046 0.197368
2 0.564841 0.825658 0.046110 0.250000
2 0.282421 0.335526 0.040346 0.217105
2 0.641210 0.810855 0.043228 0.246711
9 0.344380 0.320724 0.077810 0.220395
9 0.579251 0.277961 0.080692 0.220395
7 0.423631 0.307566 0.074928 0.233553
1 0.658501 0.258224 0.072046 0.226974
1 0.420749 0.858553 0.086455 0.269737
3 0.334294 0.870066 0.080692 0.259868
11 0.479827 0.851974 0.031700 0.197368
11 0.613833 0.483553 0.040346 0.131579
11 0.662824 0.495066 0.057637 0.095395
11 0.252161 0.552632 0.048991 0.125000
11 0.299712 0.550987 0.046110 0.108553
11 0.338617 0.541118 0.037464 0.115132
11 0.380403 0.541118 0.046110 0.115132
11 0.422190 0.529605 0.043228 0.125000