3 0.618026 0.234177 0.077253 0.215190
11 0.435622 0.436709 0.047210 0.113924
11 0.394850 0.436709 0.025751 0.113924
11 0.362661 0.430380 0.038627 0.126582
11 0.319742 0.443038 0.047210 0.126582
11 0.272532 0.436709 0.047210 0.113924
11 0.695279 0.424051 0.077253 0.113924
11 0.637339 0.424051 0.038627 0.113924
11 0.489270 0.696203 0.025751 0.151899
6 0.643777 0.689873 0.085837 0.240506
4 0.557940 0.696203 0.085837 0.253165
2 0.446352 0.696203 0.060086 0.253165
2 0.366953 0.696203 0.064378 0.253165
10 0.699571 0.227848 0.085837 0.202532
10 0.532189 0.246835 0.077253 0.240506
6 0.454936 0.253165 0.085837 0.227848
7 0.360515 0.246835 0.094421 0.240506