6 0.540493 0.462687 0.059859 0.231343
5 0.410798 0.460821 0.072770 0.227612
5 0.605634 0.468284 0.063380 0.235075
1 0.894953 0.201493 0.071596 0.313433
1 0.080986 0.453358 0.065728 0.242537
2 0.295188 0.472015 0.029343 0.264925
3 0.776408 0.190299 0.059859 0.283582
1 0.495892 0.772388 0.078638 0.276119
11 0.654343 0.419776 0.031690 0.138060
11 0.696009 0.427239 0.049296 0.108209
11 0.223005 0.177239 0.058685 0.272388
11 0.160211 0.177239 0.062207 0.272388
11 0.093897 0.177239 0.061033 0.272388
11 0.285798 0.180970 0.064554 0.264925
11 0.403756 0.177239 0.063380 0.272388
11 0.473005 0.184701 0.072770 0.272388
10 0.711854 0.186567 0.062207 0.291045
9 0.399648 0.787313 0.076291 0.298507
8 0.478873 0.455224 0.058685 0.238806
8 0.582746 0.774254 0.071596 0.272388
7 0.342136 0.462687 0.062207 0.238806
2 0.341549 0.785448 0.035211 0.279851
0 0.821009 0.274254 0.031690 0.130597