2 0.258607 0.452909 0.038341 0.207756
2 0.475743 0.454294 0.046948 0.204986
6 0.559468 0.747922 0.082942 0.260388
2 0.309859 0.738227 0.046948 0.246537
1 0.717919 0.216066 0.069640 0.260388
6 0.783646 0.218837 0.066510 0.260388
6 0.483177 0.749307 0.069640 0.252078
4 0.531299 0.463989 0.064163 0.246537
3 0.372457 0.738227 0.078247 0.268698
2 0.646714 0.209141 0.055556 0.252078
11 0.426448 0.749307 0.029734 0.174515
11 0.696792 0.430748 0.055556 0.102493
11 0.652582 0.414127 0.032864 0.130194
11 0.321205 0.198061 0.069640 0.252078
11 0.253521 0.196676 0.065728 0.249307
11 0.187402 0.188366 0.066510 0.271468
11 0.120501 0.191136 0.067293 0.265928
11 0.050861 0.188366 0.075117 0.254848
0 0.833333 0.295014 0.032864 0.102493
7 0.914319 0.225762 0.086854 0.257618
7 0.316510 0.451524 0.069640 0.232687
7 0.598983 0.461219 0.071205 0.224377
4 0.390063 0.452909 0.068075 0.246537