11 0.211180 0.212500 0.062112 0.250000
11 0.273292 0.243750 0.062112 0.187500
11 0.338509 0.225000 0.068323 0.200000
11 0.639752 0.187500 0.068323 0.250000
11 0.701863 0.225000 0.055901 0.175000
11 0.760870 0.206250 0.062112 0.187500
11 0.647516 0.400000 0.027950 0.125000
11 0.684783 0.412500 0.046584 0.075000
2 0.290373 0.475000 0.027950 0.225000
2 0.486025 0.475000 0.034161 0.200000
2 0.551242 0.475000 0.027950 0.200000
2 0.343168 0.762500 0.027950 0.250000
3 0.453416 0.206250 0.068323 0.237500
6 0.515528 0.200000 0.068323 0.250000
6 0.568323 0.762500 0.074534 0.250000
5 0.599379 0.456250 0.068323 0.212500
9 0.338509 0.475000 0.055901 0.200000
9 0.403727 0.475000 0.062112 0.200000
1 0.395963 0.768750 0.077640 0.237500
1 0.496894 0.762500 0.068323 0.250000