11 0.691748 0.440887 0.050971 0.103448
11 0.648058 0.435961 0.029126 0.142857
11 0.445995 0.780788 0.030340 0.201970
0 0.819782 0.288177 0.037621 0.123153
2 0.288835 0.500000 0.026699 0.221675
2 0.343447 0.780788 0.029126 0.261084
11 0.397451 0.221675 0.066748 0.256158
11 0.461772 0.219212 0.061893 0.251232
11 0.522451 0.219212 0.054612 0.251232
6 0.569782 0.780788 0.066748 0.270936
5 0.897451 0.229064 0.081311 0.270936
4 0.496966 0.770936 0.061893 0.270936
11 0.334345 0.219212 0.059466 0.251232
11 0.271845 0.226601 0.053398 0.266010
11 0.214199 0.221675 0.061893 0.266010
11 0.152306 0.224138 0.061893 0.270936
11 0.086772 0.226601 0.066748 0.266010
4 0.770024 0.214286 0.061893 0.280788
10 0.708131 0.214286 0.061893 0.261084
9 0.602549 0.480296 0.061893 0.221675
9 0.471481 0.485222 0.064320 0.221675
4 0.405340 0.485222 0.055825 0.221675
1 0.394417 0.780788 0.067961 0.251232
7 0.335558 0.492611 0.061893 0.226601
3 0.535801 0.477833 0.064320 0.216749