8 0.472292 0.473684 0.057935 0.175439
9 0.536524 0.469298 0.060453 0.184211
2 0.522670 0.714912 0.032746 0.201754
11 0.454660 0.736842 0.027708 0.157895
11 0.214106 0.302632 0.065491 0.219298
11 0.277078 0.285088 0.060453 0.201754
11 0.337531 0.302632 0.060453 0.166667
10 0.337531 0.495614 0.060453 0.184211
7 0.521411 0.250000 0.060453 0.219298
11 0.643577 0.407895 0.032746 0.096491
11 0.678841 0.412281 0.042821 0.070175
11 0.630982 0.223684 0.062972 0.201754
11 0.690176 0.232456 0.060453 0.149123
11 0.749370 0.232456 0.057935 0.166667
5 0.569270 0.706140 0.070529 0.184211
2 0.347607 0.750000 0.050378 0.219298
2 0.420655 0.741228 0.040302 0.219298
2 0.297229 0.513158 0.035264 0.201754
3 0.454660 0.258772 0.068010 0.219298
3 0.595718 0.451754 0.057935 0.184211
3 0.403023 0.482456 0.060453 0.192982