11 0.102975 0.232673 0.064073 0.207921
11 0.163616 0.252475 0.034325 0.227723
11 0.219680 0.252475 0.059497 0.227723
11 0.288330 0.247525 0.064073 0.217822
4 0.473684 0.475248 0.059497 0.198020
6 0.342105 0.480198 0.052632 0.188119
1 0.391304 0.737624 0.064073 0.227723
2 0.340961 0.737624 0.032037 0.227723
2 0.296339 0.480198 0.025172 0.188119
1 0.704805 0.262376 0.054920 0.207921
11 0.441648 0.742574 0.027460 0.178218
11 0.685355 0.455446 0.048055 0.079208
11 0.647597 0.445545 0.027460 0.099010
11 0.406178 0.252475 0.066362 0.227723
11 0.342105 0.252475 0.034325 0.227723
2 0.641876 0.257426 0.038902 0.217822
3 0.885584 0.277228 0.068650 0.237624
7 0.764302 0.262376 0.054920 0.207921
7 0.598398 0.490099 0.057208 0.207921
4 0.409611 0.475248 0.050343 0.198020
8 0.574371 0.737624 0.064073 0.207921
8 0.540046 0.475248 0.050343 0.198020
5 0.493135 0.742574 0.066362 0.198020
0 0.812357 0.331683 0.032037 0.089109