3 0.334286 0.669492 0.085714 0.210654
2 0.455714 0.231235 0.042857 0.162228
8 0.521429 0.216707 0.071429 0.167070
7 0.597143 0.214286 0.074286 0.171913
10 0.681429 0.204600 0.071429 0.171913
0 0.640000 0.273608 0.017143 0.033898
11 0.077143 0.440678 0.051429 0.096852
11 0.125714 0.435835 0.045714 0.096852
11 0.155714 0.434625 0.020000 0.084746
11 0.185714 0.429782 0.040000 0.084746
11 0.628571 0.372881 0.040000 0.092010
11 0.678571 0.378935 0.060000 0.079903
11 0.484286 0.648910 0.037143 0.145278
4 0.430000 0.656174 0.082857 0.203390
4 0.547143 0.636804 0.082857 0.208232
7 0.634286 0.625908 0.085714 0.210654