4 0.430108 0.250000 0.071685 0.233333
11 0.557348 0.777778 0.039427 0.177778
11 0.732975 0.450000 0.039427 0.122222
11 0.792115 0.472222 0.064516 0.100000
11 0.310036 0.450000 0.039427 0.122222
11 0.363799 0.466667 0.053763 0.111111
11 0.408602 0.466667 0.050179 0.111111
11 0.453405 0.450000 0.039427 0.100000
11 0.503584 0.466667 0.046595 0.111111
1 0.132616 0.772222 0.086022 0.233333
1 0.480287 0.761111 0.093190 0.255556
2 0.750896 0.777778 0.046595 0.244444
2 0.417563 0.777778 0.032258 0.244444
8 0.716846 0.255556 0.071685 0.222222
7 0.612903 0.250000 0.071685 0.211111
3 0.333333 0.255556 0.071685 0.222222
6 0.519713 0.255556 0.078853 0.222222
4 0.627240 0.761111 0.086022 0.277778
5 0.802867 0.250000 0.086022 0.188889