2 0.287943 0.477778 0.031206 0.200000
2 0.418440 0.479012 0.028369 0.197531
9 0.522695 0.206173 0.063830 0.259259
7 0.334752 0.476543 0.059574 0.217284
3 0.464539 0.475309 0.058156 0.214815
3 0.313475 0.765432 0.068085 0.241975
3 0.483688 0.767901 0.068085 0.246914
8 0.531206 0.472840 0.058156 0.219753
6 0.590780 0.472840 0.058156 0.219753
6 0.556738 0.767901 0.066667 0.246914
1 0.386525 0.767901 0.066667 0.241975
11 0.215603 0.207407 0.065248 0.256790
11 0.278014 0.241975 0.059574 0.187654
11 0.339007 0.240741 0.062411 0.185185
11 0.640426 0.427160 0.026950 0.118519
11 0.680851 0.438272 0.048227 0.081481
11 0.641844 0.208642 0.060993 0.244444
11 0.704255 0.234568 0.060993 0.182716
11 0.767376 0.238272 0.065248 0.190123
11 0.433333 0.767901 0.026950 0.162963
2 0.456028 0.207407 0.049645 0.256790