2 0.370044 0.673684 0.035242 0.252632
11 0.715859 0.394737 0.057269 0.115789
11 0.658590 0.384211 0.039648 0.115789
11 0.447137 0.384211 0.039648 0.115789
11 0.405286 0.389474 0.035242 0.126316
11 0.365639 0.389474 0.044053 0.126316
11 0.321586 0.384211 0.044053 0.115789
11 0.275330 0.389474 0.039648 0.126316
11 0.495595 0.673684 0.030837 0.210526
1 0.555066 0.668421 0.079295 0.263158
10 0.436123 0.673684 0.079295 0.252632
3 0.722467 0.194737 0.079295 0.221053
3 0.629956 0.189474 0.070485 0.231579
3 0.292952 0.194737 0.083700 0.200000
4 0.383260 0.189474 0.070485 0.231579
5 0.546256 0.184211 0.079295 0.200000
7 0.643172 0.668421 0.096916 0.242105
7 0.460352 0.194737 0.074890 0.242105