8 0.502232 0.210345 0.058036 0.227586
1 0.066964 0.496552 0.071429 0.179310
4 0.455357 0.448276 0.062500 0.206897
2 0.397321 0.706897 0.053571 0.200000
3 0.484375 0.703448 0.075893 0.220690
7 0.580357 0.427586 0.062500 0.179310
6 0.520089 0.431034 0.066964 0.186207
4 0.560268 0.686207 0.075893 0.241379
2 0.281250 0.479310 0.035714 0.200000
11 0.439732 0.710345 0.031250 0.165517
11 0.676339 0.210345 0.058036 0.213793
11 0.613839 0.193103 0.066964 0.234483
2 0.435268 0.206897 0.066964 0.220690
11 0.194196 0.255172 0.066964 0.234483
11 0.261161 0.265517 0.066964 0.213793
11 0.323661 0.244828 0.066964 0.200000
11 0.743304 0.203448 0.066964 0.186207
11 0.627232 0.382759 0.040179 0.103448
11 0.669643 0.382759 0.044643 0.103448
10 0.328125 0.472414 0.058036 0.200000
3 0.395089 0.462069 0.058036 0.206897
3 0.314732 0.734483 0.075893 0.255172