7 0.367589 0.226190 0.079051 0.214286
11 0.308300 0.428571 0.055336 0.119048
11 0.258893 0.428571 0.043478 0.119048
4 0.545455 0.232143 0.071146 0.178571
4 0.102767 0.720238 0.079051 0.202381
2 0.365613 0.708333 0.043478 0.226190
6 0.454545 0.226190 0.079051 0.214286
9 0.715415 0.226190 0.079051 0.190476
9 0.652174 0.702381 0.086957 0.238095
1 0.632411 0.226190 0.086957 0.190476
1 0.430830 0.708333 0.102767 0.226190
3 0.553360 0.702381 0.086957 0.238095
11 0.452569 0.428571 0.059289 0.119048
11 0.711462 0.434524 0.071146 0.107143
11 0.357708 0.428571 0.043478 0.119048
11 0.401186 0.434524 0.043478 0.130952
11 0.658103 0.410714 0.035573 0.130952