7 0.425926 0.704882 0.114815 0.193787
11 0.259259 0.690089 0.044444 0.057692
11 0.230556 0.711538 0.035185 0.062130
11 0.199074 0.721893 0.042593 0.065089
11 0.171296 0.750000 0.042593 0.056213
11 0.137037 0.770710 0.037037 0.056213
11 0.789815 0.517012 0.038889 0.066568
11 0.828704 0.494083 0.046296 0.065089
11 0.186111 0.619822 0.075926 0.100592
11 0.741667 0.207101 0.068519 0.121302
11 0.312037 0.298817 0.057407 0.118343
3 0.383333 0.247041 0.125926 0.254438
7 0.242593 0.346893 0.140741 0.250000
8 0.341667 0.752959 0.109259 0.162722
10 0.496296 0.165680 0.151852 0.266272
10 0.605556 0.576923 0.118519 0.204142
6 0.696296 0.511834 0.122222 0.195266
6 0.513889 0.639053 0.124074 0.198225