11 0.217249 0.249186 0.061135 0.224756
11 0.093886 0.213355 0.076419 0.276873
11 0.832424 0.203583 0.066594 0.289902
11 0.905022 0.236156 0.074236 0.231270
11 0.662118 0.420195 0.031659 0.143322
11 0.702511 0.431596 0.049127 0.120521
11 0.453057 0.767101 0.024017 0.205212
11 0.261463 0.806189 0.051310 0.231270
4 0.086790 0.486971 0.060044 0.244300
7 0.527293 0.210098 0.078603 0.276873
9 0.716703 0.205212 0.073144 0.286645
10 0.594432 0.210098 0.060044 0.276873
0 0.642467 0.285016 0.033843 0.127036
2 0.301310 0.478827 0.039301 0.234528
2 0.365175 0.473941 0.040393 0.218241
2 0.349345 0.770358 0.039301 0.263844
2 0.145742 0.809446 0.033843 0.205212
3 0.187227 0.807818 0.049127 0.228013
3 0.506004 0.767101 0.070961 0.302932
8 0.406114 0.763844 0.065502 0.283388
8 0.584061 0.757329 0.074236 0.283388
8 0.416485 0.470684 0.062227 0.244300
8 0.614629 0.473941 0.058952 0.244300
7 0.481441 0.477199 0.058952 0.250814
6 0.548035 0.472313 0.067686 0.247557
0 0.267467 0.294788 0.039301 0.127036