11 0.898760 0.262195 0.061983 0.182927
3 0.287190 0.475610 0.061983 0.219512
11 0.657025 0.445122 0.024793 0.109756
4 0.349174 0.475610 0.061983 0.219512
0 0.272727 0.298780 0.033058 0.085366
0 0.700413 0.310976 0.037190 0.085366
1 0.783058 0.237805 0.061983 0.231707
7 0.415289 0.481707 0.061983 0.207317
8 0.481405 0.481707 0.061983 0.207317
9 0.547521 0.481707 0.061983 0.207317
9 0.400826 0.774390 0.074380 0.231707
4 0.502066 0.780488 0.070248 0.243902
11 0.698347 0.457317 0.049587 0.085366
4 0.580579 0.774390 0.070248 0.231707
6 0.190083 0.798780 0.057851 0.182927
11 0.103306 0.219512 0.066116 0.243902
11 0.258264 0.798780 0.045455 0.182927
11 0.225207 0.250000 0.061983 0.182927
1 0.659091 0.237805 0.061983 0.231707
11 0.832645 0.243902 0.053719 0.243902