5 0.477053 0.464844 0.060386 0.148438
2 0.304348 0.507812 0.028986 0.171875
4 0.547101 0.453125 0.055556 0.187500
3 0.414251 0.488281 0.045894 0.195312
3 0.605072 0.441406 0.045894 0.179688
3 0.514493 0.699219 0.062802 0.210938
1 0.414251 0.722656 0.070048 0.210938
1 0.582126 0.238281 0.067633 0.210938
4 0.698068 0.218750 0.067633 0.218750
4 0.515700 0.238281 0.065217 0.195312
2 0.602657 0.679688 0.050725 0.187500
11 0.648551 0.394531 0.031401 0.101562
11 0.689614 0.390625 0.045894 0.093750
11 0.463768 0.707031 0.028986 0.148438
0 0.625604 0.281250 0.038647 0.093750
11 0.271739 0.359375 0.041063 0.093750
11 0.213768 0.343750 0.065217 0.171875
11 0.100242 0.347656 0.070048 0.210938
11 0.807971 0.191406 0.060386 0.210938
11 0.871981 0.203125 0.057971 0.156250
10 0.355072 0.500000 0.057971 0.187500