11 0.652339 0.415064 0.033732 0.105769
11 0.252448 0.785256 0.050054 0.173077
11 0.692057 0.424679 0.050054 0.092949
3 0.771491 0.203526 0.065288 0.240385
3 0.274211 0.464744 0.067465 0.217949
4 0.342764 0.461538 0.060936 0.217949
4 0.475517 0.461538 0.060936 0.211538
7 0.406964 0.461538 0.065288 0.217949
10 0.395539 0.753205 0.075082 0.243590
6 0.496192 0.753205 0.073993 0.237179
9 0.570729 0.751603 0.077258 0.240385
10 0.604461 0.463141 0.062024 0.208333
3 0.537541 0.463141 0.063112 0.208333
11 0.446137 0.753205 0.023939 0.153846
11 0.892818 0.238782 0.066376 0.182692
11 0.829162 0.208333 0.052231 0.237179
11 0.218716 0.235577 0.060936 0.182692
11 0.095756 0.201923 0.067465 0.243590
6 0.647987 0.205128 0.062024 0.243590
3 0.585963 0.203526 0.062024 0.240385
3 0.525571 0.203526 0.063112 0.240385
2 0.197497 0.791667 0.025027 0.153846
0 0.695321 0.280449 0.034820 0.086538
0 0.265506 0.282051 0.032644 0.089744