11 0.455479 0.770833 0.027397 0.187500
11 0.359589 0.213542 0.061644 0.218750
11 0.666096 0.223958 0.058219 0.260417
11 0.727740 0.260417 0.058219 0.208333
9 0.354452 0.463542 0.065068 0.239583
11 0.667808 0.432292 0.027397 0.114583
11 0.705479 0.453125 0.047945 0.093750
11 0.297945 0.192708 0.061644 0.281250
11 0.238014 0.192708 0.065068 0.260417
11 0.792808 0.255208 0.058219 0.197917
1 0.618151 0.479167 0.058219 0.229167
1 0.402397 0.765625 0.071918 0.260417
1 0.508562 0.776042 0.071918 0.260417
2 0.352740 0.765625 0.027397 0.239583
4 0.585616 0.776042 0.068493 0.260417
4 0.486301 0.468750 0.061644 0.229167
5 0.419521 0.463542 0.065068 0.218750
7 0.546233 0.208333 0.065068 0.270833
7 0.554795 0.484375 0.061644 0.239583
3 0.479452 0.203125 0.061644 0.281250