6 0.572152 0.741870 0.070886 0.239837
1 0.398734 0.762195 0.068354 0.239837
2 0.292405 0.489837 0.022785 0.182927
3 0.453165 0.223577 0.060759 0.227642
3 0.322785 0.768293 0.068354 0.235772
3 0.465823 0.467480 0.060759 0.203252
3 0.496203 0.752033 0.070886 0.227642
4 0.081013 0.510163 0.060759 0.199187
4 0.600000 0.459350 0.060759 0.203252
6 0.516456 0.215447 0.060759 0.227642
6 0.534177 0.459350 0.065823 0.203252
9 0.402532 0.475610 0.060759 0.203252
9 0.337975 0.483740 0.063291 0.195122
11 0.446835 0.752033 0.022785 0.146341
11 0.684810 0.414634 0.048101 0.081301
11 0.646835 0.404472 0.027848 0.101626
11 0.758228 0.219512 0.063291 0.170732
11 0.698734 0.225610 0.055696 0.166667
11 0.636709 0.203252 0.063291 0.227642
11 0.334177 0.245935 0.060759 0.199187
11 0.273418 0.270325 0.060759 0.174797
11 0.210127 0.245935 0.060759 0.239837