2 0.560660 0.218750 0.030624 0.194853
3 0.547114 0.672794 0.076561 0.227941
1 0.127797 0.685662 0.078916 0.216912
11 0.691991 0.402574 0.055359 0.077206
11 0.644287 0.395221 0.037691 0.106618
11 0.444052 0.402574 0.044759 0.099265
11 0.405771 0.406250 0.038869 0.099265
11 0.364547 0.402574 0.036514 0.099265
11 0.323322 0.402574 0.043581 0.091912
11 0.277974 0.406250 0.037691 0.099265
10 0.701413 0.213235 0.074205 0.205882
10 0.433451 0.680147 0.087161 0.235294
9 0.459953 0.222426 0.071849 0.209559
9 0.618963 0.215074 0.069494 0.194853
9 0.636042 0.670956 0.087161 0.231618
7 0.376325 0.224265 0.074205 0.198529
2 0.371025 0.681985 0.032980 0.209559