2 0.431250 0.759615 0.018750 0.230769
11 0.353125 0.274038 0.062500 0.182692
11 0.295312 0.274038 0.053125 0.182692
11 0.234375 0.250000 0.062500 0.230769
9 0.354687 0.495192 0.059375 0.201923
5 0.573438 0.759615 0.065625 0.230769
2 0.618750 0.485577 0.018750 0.201923
2 0.310937 0.495192 0.021875 0.201923
11 0.459375 0.764423 0.025000 0.163462
2 0.365625 0.778846 0.037500 0.230769
10 0.479687 0.475962 0.059375 0.221154
10 0.417187 0.485577 0.059375 0.201923
10 0.532813 0.230769 0.059375 0.230769
3 0.470313 0.235577 0.059375 0.240385
3 0.506250 0.764423 0.068750 0.240385
7 0.542188 0.485577 0.059375 0.201923
11 0.685937 0.437500 0.053125 0.105769
11 0.646875 0.427885 0.025000 0.105769
11 0.756250 0.245192 0.056250 0.182692
11 0.698438 0.250000 0.059375 0.192308
11 0.640625 0.221154 0.062500 0.250000