3 0.589147 0.480916 0.054264 0.206107
1 0.492248 0.732824 0.077519 0.221374
1 0.408915 0.500000 0.065891 0.206107
2 0.540698 0.486641 0.034884 0.194656
11 0.385659 0.284351 0.073643 0.194656
11 0.459302 0.282443 0.081395 0.213740
10 0.668605 0.257634 0.065891 0.240458
6 0.577519 0.738550 0.077519 0.270992
10 0.480620 0.500000 0.062016 0.206107
7 0.843023 0.232824 0.081395 0.251908
2 0.300388 0.524809 0.042636 0.171756
6 0.348837 0.509542 0.054264 0.202290
0 0.771318 0.297710 0.038760 0.106870
9 0.408915 0.748092 0.089147 0.251908
11 0.112403 0.335878 0.069767 0.206107
11 0.176357 0.330153 0.050388 0.194656
2 0.728682 0.248092 0.038760 0.244275
11 0.230620 0.316794 0.058140 0.221374
11 0.292636 0.307252 0.065891 0.225191