4 0.340812 0.479032 0.061966 0.222581
10 0.571581 0.785484 0.074786 0.254839
11 0.090812 0.209677 0.064103 0.251613
11 0.216880 0.240323 0.064103 0.190323
11 0.830662 0.219355 0.054487 0.245161
11 0.897436 0.258065 0.064103 0.180645
11 0.248397 0.816129 0.048077 0.180645
11 0.654380 0.435484 0.030983 0.116129
11 0.693910 0.446774 0.048077 0.087097
0 0.696581 0.298387 0.032051 0.087097
0 0.263889 0.290323 0.032051 0.090323
1 0.080128 0.472581 0.064103 0.209677
2 0.526175 0.214516 0.041667 0.241935
2 0.773504 0.219355 0.040598 0.245161
2 0.425214 0.483871 0.025641 0.200000
3 0.272436 0.479032 0.068376 0.222581
4 0.178953 0.814516 0.052350 0.177419
7 0.392628 0.782258 0.073718 0.248387
6 0.605235 0.483871 0.060897 0.212903
6 0.538462 0.483871 0.061966 0.219355
6 0.494124 0.785484 0.073718 0.254839
8 0.651709 0.217742 0.059829 0.241935
8 0.588141 0.217742 0.063034 0.241935
8 0.475427 0.477419 0.057692 0.212903