3 0.335821 0.478972 0.054726 0.210280
11 0.699005 0.231308 0.064677 0.182243
11 0.634328 0.212617 0.054726 0.219626
11 0.340796 0.259346 0.064677 0.182243
2 0.146766 0.799065 0.024876 0.168224
2 0.452736 0.212617 0.049751 0.247664
5 0.532338 0.457944 0.059701 0.196262
6 0.465174 0.464953 0.064677 0.210280
5 0.184080 0.785047 0.049751 0.168224
4 0.517413 0.212617 0.069652 0.247664
2 0.345771 0.745327 0.024876 0.247664
6 0.492537 0.738318 0.069652 0.233645
7 0.594527 0.457944 0.064677 0.196262
7 0.393035 0.738318 0.069652 0.261682
9 0.400498 0.464953 0.064677 0.210280
1 0.569652 0.724299 0.074627 0.233645
11 0.208955 0.240654 0.059701 0.247664
11 0.276119 0.266355 0.054726 0.168224
11 0.445274 0.742991 0.024876 0.168224
11 0.256219 0.778037 0.054726 0.182243
11 0.681592 0.420561 0.049751 0.093458
11 0.644279 0.408879 0.024876 0.116822
11 0.763682 0.238318 0.064677 0.168224