4 0.494805 0.767717 0.075325 0.275591
4 0.090909 0.472441 0.062338 0.236220
7 0.572727 0.767717 0.075325 0.259843
7 0.525974 0.216535 0.075325 0.259843
11 0.693506 0.440945 0.051948 0.110236
11 0.650649 0.425197 0.028571 0.125984
11 0.772727 0.255906 0.064935 0.196850
11 0.707792 0.244094 0.064935 0.220472
11 0.642857 0.220472 0.064935 0.267717
11 0.345455 0.248031 0.067532 0.196850
11 0.280519 0.244094 0.062338 0.188976
9 0.540260 0.476378 0.067532 0.228346
2 0.344156 0.775591 0.028571 0.244094
2 0.488312 0.480315 0.036364 0.220472
2 0.425974 0.476378 0.046753 0.228346
5 0.344156 0.468504 0.075325 0.212598
3 0.397403 0.767717 0.067532 0.259843
3 0.274026 0.476378 0.064935 0.228346
11 0.219481 0.212598 0.064935 0.267717
8 0.605195 0.472441 0.062338 0.236220