11 0.731198 0.242744 0.052925 0.068602
1 0.619777 0.478892 0.091922 0.229551
1 0.720056 0.474934 0.091922 0.232190
1 0.331476 0.799472 0.089136 0.237467
1 0.735376 0.759894 0.094708 0.237467
2 0.260446 0.813984 0.036212 0.218997
5 0.430362 0.791557 0.091922 0.226913
7 0.530641 0.783641 0.091922 0.242744
9 0.632312 0.775726 0.089136 0.242744
0 0.675487 0.579156 0.019499 0.039578
11 0.856546 0.658311 0.047354 0.065963
11 0.683844 0.230871 0.030641 0.087071
11 0.810585 0.656992 0.038997 0.068602
11 0.775766 0.232190 0.025070 0.089710
11 0.809192 0.222955 0.041783 0.097625