11 0.175806 0.457880 0.016129 0.084239
11 0.201613 0.449728 0.035484 0.084239
11 0.146774 0.463315 0.041935 0.084239
11 0.103226 0.467391 0.045161 0.086957
6 0.551613 0.615489 0.083871 0.187500
6 0.585484 0.218750 0.067742 0.160326
8 0.516129 0.226902 0.064516 0.144022
2 0.456452 0.247283 0.029032 0.135870
7 0.669355 0.203804 0.074194 0.157609
10 0.633871 0.601902 0.087097 0.192935
10 0.441935 0.638587 0.083871 0.195652
2 0.382258 0.654891 0.035484 0.168478
1 0.135484 0.699728 0.077419 0.171196
11 0.672581 0.370924 0.054839 0.067935
11 0.629032 0.366848 0.038710 0.081522
0 0.633871 0.274457 0.022581 0.032609