2 0.463592 0.241860 0.053398 0.241860
8 0.606796 0.458140 0.058252 0.190698
6 0.538835 0.469767 0.067961 0.213953
5 0.475728 0.481395 0.058252 0.190698
9 0.415049 0.488372 0.063107 0.213953
3 0.526699 0.234884 0.063107 0.237209
3 0.347087 0.493023 0.063107 0.223256
3 0.206311 0.804651 0.043689 0.176744
2 0.361650 0.753488 0.033981 0.232558
2 0.169903 0.804651 0.029126 0.158140
11 0.453883 0.751163 0.024272 0.162791
1 0.502427 0.746512 0.072816 0.237209
1 0.104369 0.511628 0.063107 0.213953
11 0.271845 0.797674 0.048544 0.190698
11 0.686893 0.423256 0.053398 0.093023
11 0.648058 0.416279 0.024272 0.106977
11 0.759709 0.248837 0.063107 0.181395
11 0.699029 0.248837 0.058252 0.181395
11 0.291262 0.255814 0.058252 0.232558
11 0.635922 0.223256 0.067961 0.232558
11 0.349515 0.281395 0.058252 0.181395
8 0.415049 0.748837 0.063107 0.223256
11 0.228155 0.267442 0.067961 0.237209
8 0.580097 0.730233 0.072816 0.241860