1 0.581439 0.798851 0.071970 0.264368
2 0.352273 0.795977 0.034091 0.247126
5 0.414773 0.491379 0.064394 0.224138
7 0.477273 0.497126 0.064394 0.235632
7 0.548295 0.494253 0.066288 0.241379
11 0.226326 0.224138 0.066288 0.264368
11 0.457386 0.795977 0.032197 0.189655
11 0.781250 0.255747 0.058712 0.189655
11 0.714962 0.247126 0.058712 0.195402
11 0.656250 0.221264 0.062500 0.258621
11 0.349432 0.227011 0.051136 0.270115
11 0.292614 0.258621 0.058712 0.206897
11 0.705492 0.451149 0.043561 0.109195
11 0.664773 0.445402 0.037879 0.132184
2 0.528409 0.798851 0.034091 0.252874
10 0.536932 0.227011 0.070076 0.258621
10 0.613636 0.494253 0.064394 0.241379
9 0.410038 0.798851 0.073864 0.275862
3 0.468750 0.227011 0.062500 0.281609
9 0.348485 0.491379 0.068182 0.235632