11 0.353372 0.213043 0.055718 0.269565
11 0.294721 0.221739 0.061584 0.234783
11 0.413490 0.208696 0.070381 0.243478
11 0.228739 0.208696 0.058651 0.260870
11 0.168622 0.208696 0.043988 0.260870
5 0.574780 0.773913 0.070381 0.226087
11 0.104106 0.204348 0.061584 0.252174
10 0.548387 0.486957 0.064516 0.226087
4 0.416422 0.482609 0.052786 0.217391
7 0.782991 0.239130 0.064516 0.252174
1 0.719941 0.230435 0.061584 0.234783
1 0.404692 0.760870 0.070381 0.234783
2 0.658358 0.230435 0.049853 0.269565
2 0.526393 0.773913 0.020528 0.243478
2 0.353372 0.756522 0.026393 0.226087
9 0.483871 0.482609 0.058651 0.217391
9 0.351906 0.478261 0.058651 0.208696
3 0.611437 0.482609 0.061584 0.217391
3 0.903226 0.247826 0.070381 0.252174
0 0.829912 0.317391 0.029326 0.113043
11 0.702346 0.452174 0.049853 0.086957
11 0.661290 0.447826 0.032258 0.113043