11 0.710756 0.279167 0.061047 0.175000
11 0.344477 0.241667 0.061047 0.200000
11 0.289244 0.216667 0.055233 0.233333
11 0.223837 0.212500 0.058140 0.225000
11 0.773256 0.295833 0.058140 0.175000
10 0.475291 0.479167 0.061047 0.208333
9 0.561047 0.762500 0.063953 0.225000
7 0.530523 0.237500 0.061047 0.241667
7 0.341570 0.462500 0.061047 0.208333
7 0.601744 0.500000 0.058140 0.200000
3 0.472384 0.233333 0.055233 0.233333
1 0.390988 0.750000 0.072674 0.233333
1 0.486919 0.762500 0.072674 0.225000
2 0.338663 0.750000 0.020349 0.233333
2 0.555233 0.483333 0.023256 0.183333
2 0.428779 0.475000 0.020349 0.183333
2 0.296512 0.462500 0.023256 0.208333
11 0.649709 0.450000 0.031977 0.116667
11 0.687500 0.462500 0.043605 0.091667
11 0.649709 0.254167 0.061047 0.225000