11 0.697183 0.247159 0.056338 0.176136
11 0.640845 0.428977 0.035211 0.119318
11 0.683099 0.437500 0.049296 0.102273
7 0.512324 0.230114 0.066901 0.232955
2 0.286972 0.488636 0.038732 0.204545
2 0.547535 0.474432 0.031690 0.198864
10 0.334507 0.494318 0.056338 0.215909
10 0.387324 0.758523 0.084507 0.255682
1 0.401408 0.485795 0.070423 0.221591
5 0.466549 0.471591 0.066901 0.193182
6 0.487676 0.755682 0.080986 0.250000
4 0.596831 0.471591 0.052817 0.204545
11 0.209507 0.244318 0.059859 0.250000
11 0.271127 0.272727 0.063380 0.193182
11 0.336268 0.272727 0.059859 0.193182
11 0.635563 0.224432 0.066901 0.244318
11 0.758803 0.252841 0.066901 0.187500
4 0.566901 0.755682 0.070423 0.227273