11 0.655875 0.272222 0.040767 0.233333
1 0.500000 0.772222 0.064748 0.233333
3 0.351319 0.494444 0.064748 0.211111
3 0.194245 0.777778 0.052758 0.155556
3 0.328537 0.766667 0.071942 0.222222
6 0.412470 0.494444 0.057554 0.188889
6 0.575540 0.783333 0.071942 0.233333
5 0.545564 0.500000 0.064748 0.177778
10 0.480815 0.494444 0.064748 0.188889
11 0.258993 0.783333 0.052758 0.166667
11 0.717026 0.300000 0.071942 0.177778
11 0.236211 0.238889 0.059952 0.233333
11 0.176259 0.261111 0.064748 0.166667
11 0.109113 0.227778 0.064748 0.255556
11 0.659472 0.455556 0.033573 0.111111
11 0.454436 0.766667 0.026379 0.155556
11 0.699041 0.472222 0.045564 0.100000
9 0.412470 0.244444 0.057554 0.222222
0 0.460432 0.327778 0.038369 0.100000
2 0.532374 0.250000 0.038369 0.233333
2 0.775779 0.277778 0.045564 0.222222
2 0.424460 0.772222 0.033573 0.211111
2 0.154676 0.777778 0.026379 0.155556
1 0.097122 0.472222 0.064748 0.211111
1 0.610312 0.494444 0.064748 0.188889
1 0.840528 0.277778 0.059952 0.222222
1 0.899281 0.277778 0.057554 0.222222