9 0.672581 0.229592 0.080645 0.214286
3 0.309677 0.193878 0.083871 0.224490
4 0.400000 0.198980 0.077419 0.214286
4 0.585484 0.214286 0.080645 0.244898
4 0.766129 0.229592 0.080645 0.234694
4 0.445161 0.729592 0.083871 0.255102
4 0.111290 0.688776 0.080645 0.234694
6 0.491935 0.209184 0.080645 0.234694
6 0.664516 0.734694 0.077419 0.244898
5 0.575806 0.729592 0.087097 0.214286
11 0.511290 0.734694 0.029032 0.163265
11 0.287097 0.392857 0.045161 0.112245
11 0.333871 0.403061 0.048387 0.112245
11 0.380645 0.413265 0.045161 0.153061
11 0.420968 0.413265 0.035484 0.132653
11 0.470968 0.418367 0.051613 0.142857
11 0.695161 0.433673 0.035484 0.112245
11 0.754839 0.443878 0.070968 0.091837