6 0.582658 0.760664 0.072934 0.251185
11 0.230146 0.236967 0.064830 0.265403
11 0.295786 0.263033 0.063209 0.203791
11 0.355754 0.234597 0.050243 0.260664
11 0.650729 0.225118 0.072934 0.260664
11 0.715559 0.248815 0.056726 0.194313
11 0.777147 0.244076 0.063209 0.194313
11 0.658023 0.424171 0.035656 0.118483
11 0.700972 0.433649 0.050243 0.090047
11 0.459481 0.760664 0.027553 0.203791
9 0.534036 0.232227 0.082658 0.236967
4 0.097245 0.490521 0.064830 0.213270
3 0.289303 0.483412 0.076175 0.236967
5 0.354133 0.483412 0.059968 0.208531
5 0.482172 0.471564 0.063209 0.203791
5 0.548622 0.476303 0.059968 0.203791
5 0.611021 0.483412 0.058347 0.218009
2 0.429498 0.483412 0.042139 0.199052
2 0.358995 0.763033 0.040519 0.236967
8 0.412480 0.755924 0.066451 0.251185
3 0.506483 0.760664 0.066451 0.251185