5 0.581535 0.730769 0.079137 0.230769
11 0.454436 0.730769 0.026379 0.186813
6 0.348921 0.456044 0.055156 0.208791
5 0.479616 0.456044 0.057554 0.208791
6 0.610312 0.461538 0.055156 0.219780
6 0.502398 0.730769 0.069544 0.252747
1 0.718225 0.203297 0.055156 0.252747
7 0.781775 0.214286 0.052758 0.252747
0 0.824940 0.291209 0.043165 0.142857
11 0.100719 0.192308 0.067146 0.274725
11 0.167866 0.203297 0.043165 0.274725
11 0.224221 0.197802 0.055156 0.263736
11 0.293765 0.203297 0.050360 0.252747
11 0.350120 0.208791 0.028777 0.263736
5 0.546763 0.456044 0.057554 0.208791
1 0.405276 0.730769 0.067146 0.252747
4 0.417266 0.461538 0.057554 0.219780
2 0.297362 0.461538 0.033573 0.219780
2 0.655875 0.208791 0.050360 0.241758
3 0.327338 0.725275 0.074341 0.263736
3 0.907674 0.230769 0.079137 0.263736
11 0.419664 0.197802 0.071942 0.263736
11 0.661871 0.401099 0.028777 0.120879
11 0.702638 0.423077 0.052758 0.076923