11 0.693416 0.210256 0.061728 0.194872
11 0.753086 0.205128 0.057613 0.205128
3 0.337449 0.479487 0.065844 0.230769
4 0.446502 0.210256 0.069959 0.235897
8 0.405350 0.456410 0.061728 0.225641
8 0.195473 0.797436 0.053498 0.179487
11 0.681070 0.400000 0.045267 0.112821
11 0.637860 0.394872 0.041152 0.102564
3 0.320988 0.756410 0.065844 0.261538
3 0.493827 0.741026 0.074074 0.251282
3 0.528807 0.448718 0.061728 0.241026
1 0.518519 0.207692 0.065844 0.251282
5 0.569959 0.728205 0.069959 0.225641
1 0.094650 0.497436 0.065844 0.215385
11 0.213992 0.233333 0.065844 0.241026
4 0.467078 0.456410 0.061728 0.225641
11 0.277778 0.228205 0.061728 0.251282
4 0.598765 0.443590 0.061728 0.230769
11 0.261317 0.800000 0.053498 0.205128
1 0.401235 0.751282 0.078189 0.251282
11 0.339506 0.256410 0.061728 0.215385
11 0.625514 0.192308 0.065844 0.251282