1 0.475267 0.474286 0.065508 0.228571
11 0.101604 0.180000 0.072193 0.245714
11 0.223262 0.214286 0.058824 0.200000
11 0.834225 0.248571 0.056150 0.280000
11 0.903075 0.277143 0.062834 0.211429
11 0.657754 0.437143 0.029412 0.131429
11 0.695187 0.457143 0.045455 0.091429
11 0.444519 0.757143 0.022727 0.177143
0 0.274733 0.274286 0.036096 0.091429
0 0.641043 0.305714 0.036096 0.108571
4 0.570856 0.757143 0.072193 0.257143
7 0.532754 0.214286 0.068182 0.245714
2 0.298797 0.445714 0.038770 0.205714
2 0.362299 0.462857 0.029412 0.205714
2 0.411765 0.757143 0.029412 0.257143
2 0.560160 0.480000 0.029412 0.228571
2 0.596925 0.228571 0.038770 0.251429
9 0.408422 0.460000 0.054813 0.234286
1 0.495989 0.757143 0.072193 0.257143
4 0.721925 0.237143 0.072193 0.268571
7 0.608289 0.477143 0.056150 0.211429
3 0.322861 0.748571 0.076203 0.251429