11 0.316418 0.685760 0.039801 0.031049
1 0.241791 0.310493 0.388060 0.359743
11 0.451244 0.266595 0.080597 0.064240
11 0.498507 0.221092 0.083582 0.082441
11 0.529851 0.169165 0.054726 0.079229
11 0.558209 0.144540 0.083582 0.064240
11 0.729851 0.244111 0.050746 0.042827
11 0.764179 0.210921 0.059701 0.059957
7 0.567662 0.382227 0.104478 0.096360
3 0.617910 0.324946 0.099502 0.097430
9 0.675124 0.266060 0.098507 0.099572
0 0.677612 0.324946 0.019900 0.018201
11 0.261692 0.735011 0.049751 0.039615
11 0.294527 0.709315 0.055721 0.043897
11 0.328856 0.664882 0.040796 0.047109
2 0.361194 0.640257 0.035821 0.032120