11 0.449419 0.783505 0.024419 0.178694
11 0.779651 0.271478 0.061628 0.185567
11 0.716860 0.271478 0.050000 0.178694
11 0.655233 0.245704 0.063953 0.243986
11 0.223256 0.228522 0.058140 0.237113
11 0.286047 0.259450 0.055814 0.175258
11 0.349419 0.257732 0.061628 0.178694
11 0.257558 0.819588 0.050000 0.175258
11 0.700000 0.467354 0.044186 0.096220
11 0.659302 0.453608 0.032558 0.116838
1 0.542442 0.496564 0.054651 0.223368
1 0.609302 0.498282 0.055814 0.219931
1 0.535465 0.243986 0.063953 0.233677
1 0.184884 0.812715 0.046512 0.182131
2 0.302907 0.496564 0.029070 0.237113
2 0.364535 0.491409 0.024419 0.213058
2 0.525581 0.790378 0.023256 0.240550
2 0.349419 0.792096 0.024419 0.237113
2 0.150000 0.823024 0.020930 0.189003
3 0.477326 0.494845 0.059302 0.213058
3 0.470349 0.237113 0.063953 0.240550
3 0.400581 0.785223 0.059302 0.257732
4 0.579651 0.788660 0.073256 0.264605
9 0.414535 0.494845 0.056977 0.226804