11 0.277500 0.274272 0.055000 0.189320
8 0.190000 0.822816 0.050000 0.160194
11 0.687500 0.439320 0.045000 0.092233
11 0.650000 0.432039 0.030000 0.135922
11 0.260000 0.815534 0.050000 0.174757
11 0.215000 0.257282 0.070000 0.271845
11 0.450000 0.769417 0.020000 0.189320
11 0.340000 0.242718 0.050000 0.271845
11 0.637500 0.218447 0.055000 0.242718
11 0.702500 0.245146 0.055000 0.189320
11 0.765000 0.237864 0.060000 0.203883
8 0.472500 0.485437 0.065000 0.213592
6 0.520000 0.233010 0.070000 0.242718
6 0.537500 0.485437 0.055000 0.213592
1 0.090000 0.519417 0.070000 0.203883
1 0.400000 0.786408 0.070000 0.242718
2 0.455000 0.233010 0.050000 0.242718
10 0.575000 0.757282 0.070000 0.242718
10 0.602500 0.480583 0.065000 0.203883
3 0.500000 0.764563 0.070000 0.228155
3 0.325000 0.786408 0.070000 0.242718
3 0.340000 0.492718 0.060000 0.199029
9 0.407500 0.500000 0.065000 0.213592