11 0.654375 0.429577 0.031250 0.119718
10 0.572500 0.744718 0.070000 0.235915
9 0.396250 0.739437 0.072500 0.232394
8 0.188125 0.755282 0.051250 0.179577
6 0.496875 0.737676 0.068750 0.242958
6 0.541250 0.470070 0.057500 0.214789
0 0.276250 0.285211 0.032500 0.091549
4 0.607500 0.475352 0.057500 0.211268
4 0.413125 0.464789 0.061250 0.211268
4 0.347500 0.457746 0.057500 0.218310
3 0.279375 0.455986 0.063750 0.214789
5 0.651250 0.234155 0.057500 0.235915
7 0.477500 0.468310 0.060000 0.211268
7 0.593750 0.228873 0.062500 0.239437
1 0.091875 0.440141 0.063750 0.211268
2 0.771250 0.242958 0.047500 0.246479
2 0.531250 0.223592 0.050000 0.242958
11 0.448125 0.734155 0.023750 0.158451
11 0.256875 0.757042 0.043750 0.176056
11 0.694375 0.443662 0.043750 0.084507
11 0.891875 0.281690 0.063750 0.190141
11 0.829375 0.244718 0.051250 0.250000
11 0.228750 0.234155 0.062500 0.186620
11 0.110000 0.202465 0.070000 0.242958
0 0.699375 0.309859 0.033750 0.091549