6 0.643469 0.224026 0.074946 0.227273
7 0.729122 0.220779 0.074946 0.220779
7 0.561028 0.224026 0.089936 0.227273
5 0.669165 0.681818 0.100642 0.233766
11 0.726981 0.415584 0.062099 0.103896
11 0.669165 0.402597 0.053533 0.129870
11 0.237687 0.431818 0.042827 0.123377
11 0.167024 0.438312 0.047109 0.123377
11 0.204497 0.438312 0.023555 0.123377
11 0.119914 0.438312 0.047109 0.123377
1 0.460385 0.691558 0.089936 0.266234
3 0.569593 0.688312 0.089936 0.259740
3 0.366167 0.694805 0.089936 0.259740
0 0.684154 0.301948 0.014989 0.058442