11 0.341709 0.252427 0.070352 0.184466
11 0.773869 0.230583 0.070352 0.189320
11 0.708543 0.225728 0.060302 0.199029
11 0.640704 0.203883 0.075377 0.262136
11 0.278894 0.254854 0.065327 0.189320
11 0.211055 0.230583 0.070352 0.257282
11 0.698492 0.415049 0.050251 0.092233
11 0.653266 0.410194 0.030151 0.121359
11 0.261307 0.808252 0.050251 0.169903
11 0.223618 0.752427 0.015075 0.058252
8 0.185930 0.803398 0.060302 0.179612
6 0.585427 0.757282 0.075377 0.262136
7 0.540201 0.466019 0.065327 0.223301
10 0.479899 0.468447 0.065327 0.218447
9 0.409548 0.475728 0.065327 0.213592
9 0.525126 0.216019 0.075377 0.247573
3 0.339196 0.475728 0.065327 0.233010
3 0.329146 0.764563 0.075377 0.257282
1 0.082915 0.500000 0.075377 0.223301
1 0.505025 0.757282 0.085427 0.262136
2 0.429648 0.766990 0.045226 0.242718
2 0.462312 0.213592 0.060302 0.262136
4 0.605528 0.461165 0.065327 0.233010