10 0.634191 0.641914 0.084559 0.207921
1 0.689338 0.204620 0.069853 0.171617
0 0.648897 0.275578 0.018382 0.042904
3 0.336397 0.666667 0.077206 0.211221
3 0.424632 0.660066 0.084559 0.204620
6 0.545956 0.650165 0.084559 0.204620
11 0.487132 0.655116 0.033088 0.135314
11 0.079044 0.415842 0.040441 0.085809
11 0.125000 0.412541 0.044118 0.092409
11 0.159926 0.415842 0.018382 0.099010
11 0.187500 0.412541 0.036765 0.092409
11 0.637868 0.381188 0.033088 0.095710
11 0.681985 0.386139 0.055147 0.066007
2 0.465074 0.219472 0.025735 0.161716
7 0.523897 0.214521 0.069853 0.171617
1 0.604779 0.207921 0.069853 0.171617