11 0.491176 0.909574 0.041176 0.180851
11 0.682353 0.533688 0.058824 0.102837
11 0.627941 0.528369 0.044118 0.141844
11 0.430882 0.583333 0.044118 0.124113
11 0.389706 0.588652 0.044118 0.134752
11 0.347059 0.595745 0.047059 0.134752
11 0.304412 0.602837 0.050000 0.134752
11 0.257353 0.617021 0.050000 0.141844
7 0.676471 0.285461 0.082353 0.251773
6 0.597059 0.299645 0.076471 0.251773
2 0.538235 0.315603 0.041176 0.219858
7 0.435294 0.335106 0.076471 0.258865
9 0.352941 0.351064 0.082353 0.262411
2 0.294118 0.363475 0.035294 0.237589