11 0.694093 0.415094 0.046414 0.113208
11 0.651899 0.408805 0.037975 0.125786
11 0.082278 0.305031 0.063291 0.232704
11 0.147679 0.298742 0.067511 0.220126
11 0.265823 0.279874 0.067511 0.220126
11 0.324895 0.267296 0.050633 0.220126
11 0.381857 0.261006 0.063291 0.220126
11 0.451477 0.248428 0.075949 0.220126
11 0.451477 0.738994 0.033755 0.157233
0 0.801688 0.267296 0.042194 0.094340
10 0.683544 0.216981 0.075949 0.220126
10 0.400844 0.487421 0.059072 0.194969
1 0.578059 0.723270 0.075949 0.226415
1 0.466245 0.477987 0.063291 0.201258
1 0.873418 0.188679 0.067511 0.226415
1 0.753165 0.204403 0.063291 0.220126
2 0.428270 0.745283 0.037975 0.207547
2 0.356540 0.754717 0.037975 0.213836
2 0.293249 0.509434 0.029536 0.176101
5 0.337553 0.500000 0.067511 0.182390
3 0.529536 0.468553 0.063291 0.194969
3 0.504219 0.735849 0.071730 0.226415
9 0.592827 0.462264 0.071730 0.207547