3 0.609848 0.720149 0.058081 0.335821
11 0.227273 0.347015 0.060606 0.380597
11 0.286616 0.358209 0.058081 0.388060
11 0.348485 0.384328 0.065657 0.291045
11 0.651515 0.335821 0.060606 0.373134
11 0.710859 0.373134 0.053030 0.283582
11 0.773990 0.380597 0.063131 0.283582
11 0.656566 0.652985 0.030303 0.201493
11 0.695707 0.667910 0.047980 0.156716
2 0.301768 0.723881 0.032828 0.313433
2 0.366162 0.723881 0.025253 0.328358
2 0.468434 0.347015 0.042929 0.380597
2 0.496212 0.716418 0.022727 0.328358
10 0.530303 0.335821 0.065657 0.373134
6 0.544192 0.716418 0.058081 0.328358
9 0.415404 0.723881 0.063131 0.328358