11 0.371500 0.208029 0.073000 0.284672
0 0.819000 0.260949 0.038000 0.142336
11 0.044500 0.226277 0.071000 0.291971
11 0.116000 0.226277 0.074000 0.284672
11 0.184000 0.228102 0.066000 0.273723
11 0.245000 0.217153 0.082000 0.281022
11 0.441000 0.208029 0.078000 0.277372
11 0.649000 0.408759 0.040000 0.138686
11 0.690500 0.416058 0.049000 0.131387
11 0.434000 0.746350 0.034000 0.200730
10 0.699500 0.191606 0.071000 0.273723
9 0.526000 0.454380 0.066000 0.251825
7 0.314500 0.472628 0.069000 0.244526
6 0.566000 0.739051 0.080000 0.273723
3 0.385500 0.472628 0.069000 0.237226
3 0.299500 0.755474 0.075000 0.284672
3 0.769500 0.189781 0.065000 0.277372
5 0.596500 0.454380 0.069000 0.222628
2 0.265000 0.476277 0.034000 0.237226
2 0.508500 0.750000 0.031000 0.251825
1 0.376000 0.748175 0.082000 0.277372
1 0.041500 0.490876 0.075000 0.229927
4 0.455000 0.468978 0.066000 0.237226
1 0.898500 0.177007 0.073000 0.281022