8 0.412017 0.465347 0.060086 0.207921
7 0.603004 0.455446 0.064378 0.207921
7 0.476395 0.460396 0.060086 0.198020
6 0.502146 0.730198 0.068670 0.252475
4 0.581545 0.730198 0.064378 0.252475
3 0.345494 0.465347 0.064378 0.207921
3 0.199571 0.789604 0.047210 0.173267
2 0.156652 0.789604 0.030043 0.173267
10 0.540773 0.460396 0.060086 0.198020
10 0.405579 0.735149 0.081545 0.242574
11 0.693133 0.415842 0.047210 0.089109
11 0.652361 0.410891 0.025751 0.118812
11 0.761803 0.240099 0.064378 0.173267
11 0.703863 0.240099 0.060086 0.173267
11 0.641631 0.225248 0.064378 0.232673
11 0.345494 0.262376 0.064378 0.178218
11 0.283262 0.274752 0.060086 0.173267
11 0.221030 0.254950 0.064378 0.242574
7 0.521459 0.230198 0.064378 0.222772
11 0.268240 0.779703 0.047210 0.173267