6 0.528986 0.475904 0.062802 0.228916
7 0.594203 0.475904 0.067633 0.228916
2 0.144928 0.816265 0.019324 0.210843
2 0.456522 0.216867 0.053140 0.240964
1 0.188406 0.795181 0.048309 0.204819
4 0.497585 0.762048 0.067633 0.271084
10 0.388889 0.762048 0.072464 0.295181
5 0.521739 0.204819 0.067633 0.228916
11 0.763285 0.265060 0.067633 0.216867
11 0.642512 0.433735 0.028986 0.120482
11 0.681159 0.445783 0.048309 0.096386
11 0.260870 0.795181 0.048309 0.204819
3 0.335749 0.478916 0.062802 0.210843
3 0.565217 0.777108 0.067633 0.240964
9 0.396135 0.475904 0.057971 0.228916
6 0.468599 0.481928 0.067633 0.240964
11 0.338164 0.246988 0.067633 0.204819
11 0.277778 0.222892 0.053140 0.253012
11 0.217391 0.216867 0.067633 0.240964
11 0.630435 0.228916 0.062802 0.240964
11 0.695652 0.246988 0.067633 0.204819