11 0.217147 0.282787 0.059295 0.204918
11 0.699519 0.387295 0.043269 0.069672
11 0.274840 0.788934 0.046474 0.143443
3 0.467949 0.231557 0.060897 0.200820
2 0.167468 0.811475 0.017628 0.139344
2 0.366987 0.745902 0.022436 0.188525
4 0.093750 0.528689 0.056090 0.180328
2 0.306891 0.495902 0.017628 0.163934
2 0.374199 0.483607 0.017628 0.163934
4 0.594551 0.696721 0.067308 0.204918
4 0.616186 0.438525 0.056090 0.180328
5 0.517628 0.709016 0.070513 0.188525
6 0.550481 0.446721 0.059295 0.180328
6 0.419071 0.475410 0.059295 0.180328
7 0.529647 0.223361 0.056090 0.200820
9 0.486378 0.461066 0.059295 0.176230
10 0.416667 0.733607 0.067308 0.204918
11 0.282853 0.295082 0.056090 0.147541
11 0.346955 0.264344 0.059295 0.176230
11 0.649840 0.204918 0.062500 0.204918
11 0.713141 0.219262 0.054487 0.143443
11 0.773237 0.209016 0.056090 0.139344
11 0.661859 0.387295 0.025641 0.086066
2 0.221154 0.803279 0.016026 0.131148