2 0.412094 0.345214 0.033595 0.099796
11 0.667413 0.690428 0.033595 0.069246
1 0.568869 0.589613 0.206047 0.279022
11 0.613102 0.330957 0.039194 0.054990
11 0.576148 0.327902 0.030235 0.057026
3 0.526876 0.351324 0.057111 0.112016
1 0.465845 0.348269 0.062710 0.118126
1 0.680851 0.821792 0.055991 0.083503
1 0.734043 0.824847 0.050392 0.081466
0 0.701008 0.854379 0.011198 0.014257
11 0.277156 0.811609 0.027996 0.038697
11 0.310190 0.813646 0.035834 0.034623
11 0.336506 0.813646 0.012318 0.038697
11 0.359462 0.816701 0.029115 0.040733
2 0.384099 0.820774 0.015677 0.040733
11 0.709406 0.699593 0.050392 0.054990
11 0.749720 0.694501 0.025756 0.065173
11 0.765398 0.842159 0.021277 0.038697
11 0.770997 0.699593 0.027996 0.054990
11 0.794513 0.848269 0.030235 0.030550