5 0.578853 0.726776 0.075269 0.207650
2 0.299283 0.502732 0.025090 0.185792
5 0.471326 0.478142 0.060932 0.180328
10 0.405018 0.483607 0.064516 0.202186
9 0.342294 0.494536 0.060932 0.191257
1 0.406810 0.748634 0.075269 0.229508
2 0.356631 0.762295 0.025090 0.202186
11 0.275986 0.297814 0.064516 0.169399
11 0.213262 0.278689 0.060932 0.229508
8 0.534050 0.467213 0.057348 0.180328
6 0.596774 0.461749 0.060932 0.202186
6 0.505376 0.743169 0.071685 0.229508
3 0.510753 0.234973 0.060932 0.218579
3 0.449821 0.248634 0.068100 0.213115
11 0.679211 0.418033 0.053763 0.081967
11 0.643369 0.412568 0.032258 0.103825
11 0.750896 0.237705 0.060932 0.158470
11 0.689964 0.240437 0.060932 0.163934
11 0.629032 0.224044 0.068100 0.229508
11 0.333333 0.289617 0.064516 0.163934