11 0.654959 0.432489 0.031680 0.122363
11 0.696281 0.443038 0.048209 0.092827
11 0.248623 0.822785 0.053719 0.185654
6 0.649449 0.210970 0.064738 0.253165
6 0.588154 0.210970 0.063361 0.253165
7 0.573003 0.789030 0.077135 0.261603
7 0.393251 0.791139 0.078512 0.265823
8 0.410468 0.478903 0.057851 0.215190
3 0.272039 0.476793 0.067493 0.227848
2 0.521350 0.795359 0.028926 0.240506
4 0.473829 0.483122 0.066116 0.223629
5 0.539945 0.483122 0.068871 0.206751
9 0.605372 0.483122 0.067493 0.223629
0 0.697658 0.289030 0.034435 0.097046
0 0.263774 0.289030 0.037190 0.097046
11 0.898760 0.242616 0.067493 0.189873
11 0.829890 0.213080 0.056474 0.257384
11 0.216253 0.238397 0.063361 0.189873
11 0.092287 0.210970 0.068871 0.261603
11 0.446970 0.786920 0.028926 0.172996
4 0.340909 0.483122 0.064738 0.223629
8 0.181129 0.824895 0.050964 0.181435
2 0.526860 0.208861 0.045455 0.257384
2 0.772727 0.213080 0.044077 0.257384