10 0.724396 0.833052 0.063291 0.091062
1 0.606444 0.591906 0.246260 0.276560
11 0.674338 0.363406 0.046030 0.045531
11 0.634062 0.359191 0.034522 0.053963
11 0.482163 0.372681 0.018412 0.050590
11 0.348677 0.798482 0.036824 0.048904
11 0.318182 0.802698 0.017261 0.050590
11 0.291139 0.793423 0.036824 0.045531
11 0.256617 0.784992 0.032221 0.042159
11 0.852129 0.877740 0.042578 0.038786
11 0.819333 0.869309 0.023015 0.042159
11 0.833717 0.719224 0.044879 0.075885
11 0.804373 0.709106 0.039125 0.062395
11 0.756041 0.713322 0.057537 0.053963
11 0.709436 0.700675 0.035673 0.072513
5 0.663982 0.827150 0.062140 0.069140
7 0.579977 0.373524 0.062140 0.096121
3 0.441887 0.356661 0.069045 0.102867
2 0.536824 0.371838 0.024166 0.089376
2 0.378021 0.806071 0.017261 0.037099
2 0.799194 0.845700 0.024166 0.069140
0 0.741657 0.876054 0.012658 0.021922