8 0.406977 0.751397 0.085271 0.273743
11 0.695736 0.458101 0.054264 0.111732
11 0.654070 0.441341 0.029070 0.145251
11 0.890504 0.273743 0.067829 0.212291
11 0.824612 0.240223 0.056202 0.279330
11 0.226744 0.259777 0.077519 0.229050
11 0.110465 0.217877 0.077519 0.268156
5 0.765504 0.245810 0.065891 0.256983
1 0.097868 0.477654 0.075581 0.240223
2 0.528101 0.234637 0.056202 0.256983
3 0.281977 0.483240 0.075581 0.240223
10 0.590116 0.237430 0.067829 0.273743
4 0.653101 0.234637 0.058140 0.256983
0 0.701550 0.315642 0.038760 0.117318
4 0.354651 0.480447 0.058140 0.245810
4 0.416667 0.480447 0.065891 0.245810
0 0.283915 0.301676 0.032946 0.122905
4 0.193798 0.796089 0.058140 0.217877
9 0.479651 0.483240 0.060078 0.240223
9 0.575581 0.765363 0.077519 0.279330
11 0.262597 0.787709 0.048450 0.201117
7 0.542636 0.483240 0.065891 0.240223
6 0.606589 0.488827 0.065891 0.229050
6 0.495155 0.768156 0.075581 0.273743