2 0.286533 0.245478 0.028653 0.155039
11 0.249284 0.414729 0.045845 0.090439
11 0.296562 0.414729 0.048711 0.090439
11 0.339542 0.408269 0.042980 0.093023
11 0.381089 0.408269 0.045845 0.093023
11 0.421203 0.403101 0.040115 0.093023
11 0.626074 0.388889 0.037249 0.085271
8 0.597421 0.210594 0.060172 0.167959
9 0.348138 0.236434 0.071633 0.173127
1 0.540115 0.661499 0.083095 0.206718
1 0.098854 0.696382 0.077364 0.193798
3 0.330946 0.677003 0.083095 0.211886
8 0.627507 0.649871 0.074499 0.193798
4 0.418338 0.671835 0.080229 0.211886
3 0.671920 0.213178 0.065903 0.173127
11 0.673352 0.396641 0.057307 0.069767
11 0.477077 0.661499 0.031519 0.139535
10 0.510029 0.224806 0.074499 0.170543
5 0.428367 0.235142 0.071633 0.155039