3 0.361406 0.706612 0.096817 0.256198
6 0.641910 0.252066 0.079576 0.223140
10 0.728117 0.252066 0.087533 0.231405
10 0.557029 0.254132 0.076923 0.227273
2 0.468833 0.706612 0.046419 0.272727
2 0.496684 0.245868 0.043767 0.227273
0 0.689655 0.328512 0.018568 0.070248
11 0.511273 0.704545 0.033156 0.202479
11 0.236074 0.431818 0.053050 0.144628
11 0.193634 0.442149 0.026525 0.148760
11 0.162467 0.438017 0.035809 0.140496
11 0.121353 0.431818 0.041114 0.144628
11 0.716844 0.448347 0.064987 0.111570
11 0.657825 0.438017 0.053050 0.140496
1 0.139920 0.704545 0.091512 0.243802
5 0.659151 0.706612 0.098143 0.239669
3 0.567639 0.706612 0.079576 0.256198