11 0.224038 0.209945 0.063462 0.254144
11 0.289423 0.243094 0.067308 0.198895
11 0.350962 0.240331 0.059615 0.204420
11 0.653846 0.215470 0.069231 0.254144
11 0.716346 0.243094 0.059615 0.187845
11 0.781731 0.243094 0.063462 0.198895
11 0.659615 0.417127 0.030769 0.127072
11 0.700962 0.425414 0.048077 0.110497
5 0.533654 0.215470 0.075000 0.243094
5 0.350962 0.461326 0.067308 0.204420
4 0.089423 0.464088 0.071154 0.220994
3 0.283654 0.469613 0.067308 0.220994
3 0.327885 0.743094 0.078846 0.248619
1 0.413462 0.464088 0.065385 0.220994
1 0.404808 0.743094 0.075000 0.259669
1 0.580769 0.743094 0.076923 0.248619
10 0.480769 0.466851 0.065385 0.226519
10 0.548077 0.466851 0.065385 0.226519
5 0.610577 0.461326 0.059615 0.204420
4 0.500962 0.745856 0.078846 0.254144