11 0.663609 0.428241 0.027523 0.125000
8 0.482416 0.479167 0.053517 0.217593
8 0.613150 0.483796 0.064220 0.226852
1 0.505352 0.791667 0.074924 0.268519
2 0.151376 0.849537 0.021407 0.189815
2 0.428135 0.805556 0.030581 0.277778
2 0.303517 0.513889 0.032110 0.240741
2 0.368502 0.493056 0.024465 0.236111
3 0.189602 0.837963 0.045872 0.185185
3 0.332569 0.807870 0.071865 0.273148
4 0.587920 0.777778 0.068807 0.259259
4 0.592508 0.212963 0.059633 0.250000
4 0.086391 0.511574 0.059633 0.236111
7 0.545872 0.490741 0.058104 0.231481
9 0.717125 0.215278 0.061162 0.254630
5 0.530581 0.215278 0.061162 0.254630
0 0.642966 0.291667 0.038226 0.111111
0 0.269878 0.307870 0.032110 0.097222
11 0.262232 0.837963 0.047401 0.185185
11 0.101682 0.243056 0.074924 0.263889
11 0.221713 0.263889 0.064220 0.212963
11 0.837156 0.206019 0.056575 0.291667
11 0.899847 0.229167 0.065749 0.208333
11 0.702599 0.442130 0.053517 0.097222
8 0.418196 0.493056 0.056575 0.226852