5 0.345714 0.500000 0.057143 0.184000
3 0.467143 0.280000 0.060000 0.208000
10 0.530000 0.268000 0.060000 0.216000
3 0.285714 0.492000 0.057143 0.184000
3 0.100000 0.480000 0.057143 0.176000
5 0.472857 0.508000 0.054286 0.168000
11 0.637143 0.280000 0.068571 0.224000
11 0.701429 0.312000 0.054286 0.160000
11 0.758571 0.308000 0.060000 0.168000
11 0.231429 0.260000 0.057143 0.216000
11 0.351429 0.296000 0.057143 0.160000
11 0.291429 0.284000 0.051429 0.168000
11 0.444286 0.756000 0.025714 0.152000
10 0.537143 0.504000 0.057143 0.192000
10 0.395714 0.760000 0.060000 0.208000
1 0.408571 0.500000 0.057143 0.184000
4 0.494286 0.760000 0.057143 0.224000
4 0.565714 0.772000 0.057143 0.216000
2 0.345714 0.748000 0.017143 0.200000
7 0.595714 0.508000 0.054286 0.200000
11 0.644286 0.468000 0.031429 0.104000
11 0.681429 0.480000 0.042857 0.080000