3 0.344136 0.300310 0.243827 0.111455
1 0.311728 0.580495 0.246914 0.108359
7 0.766975 0.427245 0.200617 0.092879
7 0.780864 0.329721 0.191358 0.089783
6 0.746914 0.623839 0.216049 0.083591
6 0.746914 0.530960 0.203704 0.089783
4 0.328704 0.421053 0.250000 0.111455
8 0.729938 0.704334 0.200617 0.071207
11 0.327160 0.501548 0.123457 0.043344
11 0.567901 0.145511 0.104938 0.061920
11 0.483025 0.767802 0.095679 0.061920
11 0.574074 0.876161 0.061728 0.030960
11 0.581790 0.840557 0.077160 0.040248
11 0.583333 0.803406 0.061728 0.034056
11 0.592593 0.777090 0.061728 0.030960
11 0.595679 0.746130 0.067901 0.030960
11 0.854938 0.256966 0.074074 0.030960
11 0.867284 0.219814 0.061728 0.043344
2 0.297840 0.670279 0.243827 0.065015