1 0.712166 0.194118 0.059347 0.247059
2 0.360534 0.758824 0.038576 0.247059
2 0.433234 0.758824 0.029674 0.294118
2 0.305638 0.494118 0.029674 0.235294
2 0.651335 0.217647 0.044510 0.247059
1 0.894659 0.200000 0.068249 0.305882
8 0.770030 0.205882 0.056380 0.247059
7 0.347181 0.464706 0.053412 0.223529
5 0.415430 0.476471 0.065282 0.200000
4 0.547478 0.464706 0.050445 0.223529
3 0.477745 0.464706 0.053412 0.223529
3 0.501484 0.782353 0.059347 0.270588
0 0.818991 0.276471 0.041543 0.129412
11 0.106825 0.217647 0.053412 0.247059
11 0.166172 0.223529 0.053412 0.258824
11 0.227003 0.217647 0.050445 0.247059
11 0.287834 0.217647 0.053412 0.247059
11 0.342730 0.217647 0.056380 0.270588
11 0.409496 0.211765 0.059347 0.235294
11 0.698813 0.435294 0.056380 0.094118
11 0.654303 0.417647 0.032641 0.105882
10 0.609792 0.476471 0.056380 0.223529
10 0.577151 0.776471 0.074184 0.258824