1 0.441261 0.672249 0.091691 0.215311
7 0.364613 0.279904 0.084527 0.177033
7 0.525072 0.263158 0.075931 0.172249
1 0.687679 0.239234 0.080229 0.172249
6 0.446275 0.275120 0.073066 0.186603
11 0.270774 0.454545 0.048711 0.124402
11 0.320201 0.447368 0.050143 0.100478
11 0.362464 0.442584 0.034384 0.110048
11 0.636103 0.413876 0.037249 0.110048
11 0.396848 0.444976 0.034384 0.095694
11 0.436963 0.440191 0.054441 0.095694
9 0.642550 0.653110 0.095989 0.215311
3 0.346705 0.684211 0.088825 0.220096
3 0.605301 0.246411 0.075931 0.177033
11 0.687679 0.418660 0.065903 0.100478
4 0.556590 0.655502 0.084527 0.220096