4 0.614833 0.262887 0.062201 0.216495
9 0.494019 0.515464 0.059809 0.206186
9 0.431818 0.500000 0.059809 0.216495
8 0.217703 0.778351 0.043062 0.175258
6 0.563397 0.510309 0.055024 0.237113
5 0.586124 0.788660 0.071770 0.237113
3 0.344498 0.783505 0.071770 0.268041
3 0.551435 0.268041 0.055024 0.226804
3 0.369617 0.500000 0.059809 0.216495
2 0.437799 0.788660 0.038278 0.237113
1 0.131579 0.469072 0.062201 0.195876
1 0.517943 0.778351 0.064593 0.237113
11 0.700957 0.500000 0.043062 0.092784
11 0.663876 0.489691 0.031100 0.134021
11 0.838517 0.335052 0.055024 0.175258
11 0.901914 0.319588 0.062201 0.247423
11 0.778708 0.329897 0.059809 0.206186
11 0.717703 0.288660 0.047847 0.268041
11 0.282297 0.793814 0.047847 0.206186
11 0.466507 0.778351 0.023923 0.195876
11 0.145933 0.221649 0.062201 0.237113
11 0.206938 0.262887 0.059809 0.175258
11 0.267943 0.252577 0.062201 0.237113
11 0.320574 0.283505 0.043062 0.195876
11 0.381579 0.278351 0.059809 0.185567