11 0.285714 0.236559 0.060714 0.182796
11 0.713393 0.239247 0.062500 0.188172
11 0.774107 0.244624 0.066071 0.188172
11 0.656250 0.427419 0.026786 0.102151
11 0.695536 0.440860 0.051786 0.086022
11 0.223214 0.209677 0.060714 0.236559
11 0.651786 0.225806 0.060714 0.247312
11 0.348214 0.225806 0.064286 0.193548
4 0.089286 0.459677 0.060714 0.231183
2 0.348214 0.768817 0.028571 0.247312
2 0.431250 0.478495 0.026786 0.215054
2 0.562500 0.475806 0.025000 0.198925
3 0.279464 0.470430 0.062500 0.220430
3 0.400893 0.766129 0.069643 0.241935
1 0.499107 0.768817 0.073214 0.247312
7 0.575000 0.768817 0.071429 0.247312
6 0.476786 0.478495 0.060714 0.215054
5 0.611607 0.475806 0.062500 0.198925
5 0.348214 0.470430 0.064286 0.209677
10 0.535714 0.215054 0.064286 0.236559