2 0.395985 0.689655 0.054745 0.229885
2 0.343066 0.201149 0.051095 0.195402
2 0.602190 0.206897 0.051095 0.183908
7 0.408759 0.206897 0.080292 0.229885
8 0.496350 0.189655 0.080292 0.218391
1 0.463504 0.683908 0.094891 0.241379
3 0.755474 0.218391 0.094891 0.229885
5 0.667883 0.212644 0.080292 0.195402
5 0.678832 0.689655 0.087591 0.229885
2 0.609489 0.695402 0.051095 0.218391
11 0.691606 0.408046 0.047445 0.126437
11 0.297445 0.396552 0.040146 0.126437
11 0.744526 0.413793 0.058394 0.114943
11 0.343066 0.396552 0.051095 0.126437
11 0.388686 0.396552 0.040146 0.149425
11 0.428832 0.396552 0.040146 0.126437
11 0.472628 0.396552 0.047445 0.149425