10 0.524631 0.221106 0.073892 0.251256
2 0.460591 0.231156 0.044335 0.251256
1 0.408867 0.791457 0.078818 0.266332
1 0.086207 0.512563 0.073892 0.241206
1 0.475369 0.487437 0.064039 0.241206
9 0.541872 0.484925 0.059113 0.226131
3 0.334975 0.801508 0.059113 0.266332
3 0.605911 0.482412 0.059113 0.231156
3 0.342365 0.507538 0.064039 0.231156
11 0.460591 0.778894 0.034483 0.190955
2 0.529557 0.796482 0.044335 0.256281
10 0.192118 0.851759 0.049261 0.185930
10 0.413793 0.492462 0.059113 0.241206
11 0.280788 0.243719 0.059113 0.276382
11 0.263547 0.831658 0.044335 0.206030
11 0.219212 0.248744 0.064039 0.286432
8 0.586207 0.773869 0.068966 0.231156
11 0.697044 0.439698 0.054187 0.115578
11 0.655172 0.429648 0.029557 0.135678
11 0.775862 0.238693 0.064039 0.195980
11 0.706897 0.228643 0.064039 0.195980
11 0.642857 0.208543 0.064039 0.256281
11 0.342365 0.263819 0.064039 0.206030