2 0.588972 0.771605 0.035088 0.209877
2 0.204261 0.790123 0.027569 0.172840
2 0.156642 0.790123 0.027569 0.172840
2 0.459900 0.222222 0.047619 0.246914
2 0.615288 0.481481 0.032581 0.197531
3 0.342105 0.475309 0.067669 0.209877
1 0.398496 0.759259 0.075188 0.259259
1 0.493734 0.759259 0.075188 0.259259
3 0.323308 0.753086 0.075188 0.246914
8 0.520050 0.222222 0.062657 0.246914
7 0.404762 0.475309 0.062657 0.209877
4 0.469925 0.475309 0.052632 0.209877
6 0.533835 0.475309 0.060150 0.209877
11 0.221805 0.203704 0.062657 0.234568
11 0.283208 0.240741 0.060150 0.185185
11 0.343358 0.240741 0.060150 0.185185
11 0.636591 0.222222 0.060150 0.246914
11 0.696742 0.240741 0.060150 0.185185
11 0.758145 0.240741 0.062657 0.185185
11 0.647870 0.425926 0.027569 0.111111
11 0.677945 0.444444 0.047619 0.074074
11 0.259398 0.796296 0.052632 0.185185