7 0.363946 0.237931 0.083900 0.213793
6 0.546485 0.713793 0.099773 0.241379
2 0.451247 0.720690 0.045351 0.227586
3 0.329932 0.724138 0.106576 0.248276
11 0.435374 0.431034 0.045351 0.103448
11 0.392290 0.431034 0.054422 0.103448
11 0.352608 0.431034 0.047619 0.103448
11 0.304989 0.431034 0.056689 0.103448
11 0.261905 0.431034 0.052154 0.103448
11 0.705215 0.431034 0.068027 0.089655
11 0.651927 0.424138 0.034014 0.117241
9 0.713152 0.231034 0.083900 0.213793
4 0.628118 0.231034 0.077098 0.213793
4 0.539683 0.231034 0.081633 0.213793
8 0.453515 0.231034 0.077098 0.200000
5 0.640590 0.710345 0.097506 0.220690