11 0.643460 0.407317 0.029536 0.121951
11 0.681435 0.419512 0.046414 0.097561
11 0.272152 0.792683 0.054852 0.170732
3 0.345992 0.487805 0.067511 0.204878
3 0.537975 0.468293 0.063291 0.195122
9 0.518987 0.234146 0.067511 0.224390
8 0.411392 0.478049 0.054852 0.195122
10 0.472574 0.468293 0.059072 0.195122
10 0.400844 0.739024 0.084388 0.239024
2 0.164557 0.792683 0.042194 0.170732
2 0.213080 0.797561 0.037975 0.160976
2 0.609705 0.458537 0.037975 0.195122
5 0.500000 0.736585 0.071730 0.204878
1 0.573840 0.721951 0.075949 0.224390
11 0.453586 0.739024 0.021097 0.151220
11 0.221519 0.260976 0.071730 0.239024
11 0.286920 0.292683 0.059072 0.185366
11 0.341772 0.251220 0.050633 0.239024
11 0.628692 0.224390 0.067511 0.224390
11 0.691983 0.241463 0.059072 0.170732
11 0.753165 0.234146 0.063291 0.165854