7 0.378963 0.245370 0.077810 0.231481
1 0.547550 0.736111 0.097983 0.268519
10 0.644092 0.745370 0.095101 0.268519
11 0.409222 0.439815 0.040346 0.138889
11 0.370317 0.435185 0.037464 0.148148
11 0.649856 0.449074 0.048991 0.138889
11 0.446686 0.439815 0.040346 0.138889
11 0.270893 0.444444 0.057637 0.148148
11 0.324207 0.439815 0.048991 0.138889
11 0.703170 0.458333 0.057637 0.101852
1 0.109510 0.726852 0.092219 0.268519
8 0.721902 0.245370 0.077810 0.231481
4 0.634006 0.254630 0.080692 0.250000
6 0.546110 0.245370 0.077810 0.231481
9 0.461095 0.245370 0.080692 0.250000
1 0.427954 0.726852 0.077810 0.268519
2 0.361671 0.722222 0.037464 0.259259