11 0.651181 0.400641 0.026772 0.121795
11 0.644882 0.195513 0.061417 0.250000
11 0.216535 0.192308 0.061417 0.256410
11 0.277953 0.217949 0.058268 0.192308
11 0.343307 0.205128 0.066142 0.230769
11 0.451969 0.753205 0.031496 0.173077
11 0.688189 0.413462 0.044094 0.096154
1 0.398425 0.753205 0.069291 0.262821
11 0.772441 0.224359 0.061417 0.192308
11 0.705512 0.211538 0.056693 0.192308
2 0.296850 0.458333 0.033071 0.224359
2 0.362205 0.455128 0.031496 0.217949
2 0.346457 0.753205 0.031496 0.262821
2 0.517323 0.753205 0.029921 0.262821
3 0.464567 0.189103 0.062992 0.262821
5 0.528346 0.182692 0.061417 0.250000
5 0.474016 0.448718 0.066142 0.217949
5 0.539370 0.455128 0.061417 0.217949
5 0.604724 0.451923 0.069291 0.211538
9 0.570866 0.750000 0.074016 0.269231
9 0.408661 0.451923 0.058268 0.224359