7 0.408563 0.471366 0.065312 0.237885
1 0.399129 0.766520 0.075472 0.264317
11 0.097968 0.213656 0.071118 0.259912
11 0.219884 0.242291 0.071118 0.202643
2 0.359216 0.473568 0.033382 0.215859
2 0.298258 0.475771 0.036284 0.220264
1 0.500726 0.770925 0.072569 0.264317
1 0.709724 0.200441 0.075472 0.259912
1 0.584906 0.200441 0.072569 0.259912
2 0.146589 0.808370 0.026125 0.180617
2 0.345428 0.777533 0.031930 0.242291
11 0.256894 0.806167 0.049347 0.202643
11 0.691582 0.429515 0.047896 0.101322
11 0.653120 0.416300 0.029028 0.127753
11 0.894049 0.229075 0.075472 0.202643
11 0.823657 0.198238 0.065312 0.273128
0 0.636430 0.281938 0.030479 0.088106
11 0.448476 0.770925 0.023222 0.185022
3 0.576197 0.768722 0.075472 0.268722
3 0.186502 0.806167 0.047896 0.193833
9 0.540639 0.471366 0.062409 0.237885
9 0.475327 0.469163 0.065312 0.233480
7 0.605951 0.471366 0.065312 0.237885
0 0.267779 0.286344 0.030479 0.096916