10 0.397463 0.760671 0.071882 0.240854
11 0.105708 0.205793 0.076110 0.228659
11 0.654334 0.248476 0.063425 0.228659
11 0.831395 0.260671 0.049683 0.228659
11 0.896934 0.297256 0.060254 0.173780
11 0.228330 0.242378 0.061311 0.167683
11 0.255285 0.786585 0.051797 0.176829
11 0.656977 0.449695 0.030655 0.100610
11 0.693975 0.463415 0.049683 0.085366
3 0.281712 0.474085 0.062368 0.204268
3 0.606237 0.495427 0.062368 0.204268
4 0.345666 0.474085 0.061311 0.198171
1 0.411205 0.480183 0.061311 0.204268
1 0.773784 0.259146 0.063425 0.231707
0 0.698732 0.321646 0.031712 0.082317
0 0.274841 0.291159 0.031712 0.082317
10 0.542812 0.490854 0.058140 0.207317
6 0.475159 0.480183 0.060254 0.204268
6 0.498414 0.768293 0.068710 0.231707
4 0.573467 0.774390 0.068710 0.237805
11 0.447674 0.768293 0.028541 0.158537
5 0.184989 0.775915 0.050740 0.167683