4 0.518051 0.223529 0.083032 0.258824
9 0.568592 0.761765 0.083032 0.264706
4 0.496390 0.761765 0.061372 0.264706
5 0.597473 0.473529 0.068592 0.229412
7 0.536101 0.482353 0.068592 0.235294
3 0.467509 0.482353 0.061372 0.235294
1 0.406137 0.482353 0.061372 0.235294
10 0.395307 0.752941 0.068592 0.258824
10 0.341155 0.473529 0.068592 0.229412
2 0.344765 0.758824 0.032491 0.247059
2 0.292419 0.473529 0.036101 0.205882
1 0.090253 0.470588 0.072202 0.235294
11 0.449458 0.752941 0.032491 0.176471
11 0.684116 0.435294 0.054152 0.105882
11 0.644404 0.426471 0.032491 0.123529
11 0.761733 0.261765 0.072202 0.205882
11 0.698556 0.252941 0.061372 0.211765
11 0.633574 0.223529 0.068592 0.258824
11 0.344765 0.238235 0.068592 0.229412
11 0.279783 0.252941 0.061372 0.200000
11 0.212996 0.232353 0.072202 0.264706