0 0.294299 0.310241 0.033898 0.090361
3 0.489985 0.490964 0.061633 0.210843
1 0.613251 0.496988 0.061633 0.210843
11 0.127889 0.234940 0.070878 0.240964
11 0.246533 0.262048 0.061633 0.198795
11 0.822804 0.259036 0.058552 0.240964
11 0.891371 0.295181 0.072419 0.180723
11 0.659476 0.451807 0.030817 0.108434
11 0.698767 0.460843 0.047766 0.090361
11 0.459168 0.759036 0.027735 0.156627
4 0.118644 0.481928 0.064715 0.216867
2 0.315871 0.487952 0.036980 0.204819
2 0.377504 0.481928 0.036980 0.204819
6 0.551618 0.493976 0.061633 0.204819
2 0.360555 0.762048 0.030817 0.222892
8 0.427581 0.484940 0.053929 0.210843
9 0.410632 0.762048 0.069337 0.259036
5 0.506163 0.765060 0.069337 0.216867
3 0.580123 0.768072 0.072419 0.246988
6 0.536210 0.253012 0.064715 0.240964
6 0.712635 0.259036 0.075501 0.240964
10 0.599384 0.256024 0.061633 0.234940
0 0.641757 0.322289 0.038521 0.090361