2 0.441176 0.750000 0.026738 0.244186
1 0.141711 0.738372 0.080214 0.220930
9 0.745989 0.261628 0.080214 0.220930
1 0.647059 0.761628 0.096257 0.267442
10 0.516043 0.744186 0.090909 0.255814
8 0.767380 0.755814 0.090909 0.279070
8 0.652406 0.250000 0.074866 0.220930
6 0.556150 0.232558 0.074866 0.232558
4 0.459893 0.238372 0.074866 0.220930
3 0.363636 0.244186 0.085561 0.209302
11 0.831551 0.470930 0.069519 0.104651
11 0.772727 0.459302 0.037433 0.127907
11 0.532086 0.447674 0.037433 0.127907
11 0.483957 0.447674 0.048128 0.127907
11 0.438503 0.436047 0.042781 0.104651
11 0.387701 0.441860 0.058824 0.116279
11 0.331551 0.436047 0.042781 0.127907
5 0.852941 0.261628 0.090909 0.220930