2 0.352665 0.779141 0.028213 0.220859
11 0.109718 0.239264 0.059561 0.233129
11 0.172414 0.269939 0.059561 0.171779
11 0.235110 0.242331 0.059561 0.239264
11 0.713166 0.285276 0.065831 0.153374
11 0.653605 0.463190 0.031348 0.104294
11 0.693574 0.472393 0.048589 0.085890
11 0.264107 0.812883 0.045455 0.177914
2 0.307210 0.500000 0.028213 0.190184
2 0.369906 0.503067 0.028213 0.184049
6 0.414577 0.496933 0.054859 0.208589
6 0.501567 0.788344 0.068966 0.239264
1 0.405956 0.782209 0.072100 0.251534
1 0.833072 0.260736 0.054859 0.226994
1 0.531348 0.245399 0.072100 0.220859
1 0.891850 0.260736 0.062696 0.226994
2 0.773511 0.260736 0.042320 0.239264
2 0.159091 0.809816 0.017241 0.159509
3 0.193574 0.809816 0.045455 0.159509
3 0.477273 0.503067 0.054859 0.208589
7 0.575235 0.782209 0.068966 0.239264
7 0.542320 0.503067 0.059561 0.208589
7 0.608150 0.503067 0.059561 0.208589
8 0.412226 0.251534 0.062696 0.245399
0 0.459248 0.319018 0.031348 0.085890
11 0.649687 0.251534 0.045455 0.220859