3 0.094418 0.473776 0.065321 0.241259
11 0.770784 0.250000 0.059382 0.185315
11 0.709620 0.253497 0.053444 0.178322
11 0.649644 0.227273 0.059382 0.244755
11 0.451306 0.751748 0.028504 0.174825
7 0.538599 0.477273 0.055819 0.199301
6 0.474466 0.466783 0.058195 0.206294
4 0.467933 0.218531 0.059382 0.241259
5 0.345606 0.468531 0.061758 0.195804
5 0.604513 0.472028 0.059382 0.195804
5 0.571259 0.756993 0.068884 0.213287
1 0.531473 0.220280 0.060570 0.237762
1 0.409739 0.473776 0.064133 0.213287
3 0.279097 0.466783 0.064133 0.241259
2 0.516033 0.767483 0.029691 0.234266
2 0.418646 0.760490 0.029691 0.241259
2 0.346793 0.756993 0.040380 0.241259
11 0.347387 0.248252 0.065321 0.174825
11 0.285036 0.222028 0.059382 0.241259
11 0.226841 0.211538 0.061758 0.241259
11 0.690024 0.447552 0.045131 0.090909
11 0.652613 0.431818 0.024941 0.108392