6 0.476562 0.474006 0.057292 0.220183
3 0.279687 0.481651 0.061458 0.229358
3 0.499479 0.758410 0.076042 0.262997
2 0.529167 0.221713 0.041667 0.259939
2 0.561979 0.483180 0.038542 0.214067
6 0.396354 0.772171 0.078125 0.259939
11 0.695312 0.444954 0.046875 0.094801
11 0.099479 0.214067 0.067708 0.238532
11 0.221875 0.240061 0.062500 0.174312
7 0.589583 0.223242 0.062500 0.244648
11 0.257292 0.802752 0.050000 0.180428
6 0.653125 0.224771 0.060417 0.247706
11 0.656771 0.432722 0.030208 0.113150
11 0.897917 0.261468 0.064583 0.186544
11 0.833854 0.233945 0.053125 0.253823
0 0.271875 0.288991 0.037500 0.094801
0 0.701562 0.305810 0.036458 0.110092
4 0.346875 0.475535 0.056250 0.229358
8 0.613021 0.483180 0.046875 0.214067
9 0.183333 0.795107 0.058333 0.189602
5 0.577604 0.770642 0.076042 0.256881
5 0.411458 0.469419 0.062500 0.217125
5 0.773438 0.230887 0.057292 0.272171
1 0.086458 0.466361 0.066667 0.223242