2 0.280000 0.381188 0.071111 0.326733
2 0.380000 0.381188 0.048889 0.326733
8 0.457778 0.361386 0.106667 0.306931
10 0.568889 0.371287 0.133333 0.306931
0 0.513333 0.519802 0.048889 0.108911
11 0.875556 0.762376 0.088889 0.198020
11 0.513333 0.767327 0.084444 0.188119
11 0.700000 0.470297 0.048889 0.188119
11 0.757778 0.460396 0.066667 0.207921
11 0.817778 0.470297 0.035556 0.207921
11 0.873333 0.470297 0.075556 0.207921
11 0.744444 0.277228 0.048889 0.158416
11 0.813333 0.301980 0.062222 0.108911