2 0.161058 0.798643 0.024038 0.158371
2 0.430288 0.742081 0.033654 0.226244
2 0.600962 0.737557 0.028846 0.226244
1 0.473558 0.470588 0.062500 0.208145
1 0.411058 0.475113 0.062500 0.217195
1 0.091346 0.493213 0.067308 0.208145
11 0.651442 0.411765 0.043269 0.099548
11 0.687500 0.416290 0.048077 0.090498
11 0.098558 0.255656 0.062500 0.230769
11 0.163462 0.282805 0.057692 0.185520
11 0.223558 0.278281 0.062500 0.176471
11 0.281250 0.273756 0.062500 0.185520
2 0.526442 0.737557 0.043269 0.235294
5 0.581731 0.214932 0.057692 0.230769
5 0.704327 0.208145 0.062500 0.235294
10 0.540865 0.466063 0.062500 0.217195
4 0.608173 0.461538 0.052885 0.208145
4 0.346154 0.479638 0.057692 0.226244
3 0.329327 0.753394 0.062500 0.248869
6 0.201923 0.789593 0.057692 0.176471
11 0.346154 0.230769 0.048077 0.235294
11 0.401442 0.230769 0.052885 0.235294
11 0.814904 0.199095 0.062500 0.235294
11 0.887019 0.228507 0.072115 0.176471
11 0.264423 0.789593 0.048077 0.185520
7 0.641827 0.210407 0.062500 0.239819