11 0.692241 0.725434 0.043103 0.144509
3 0.471552 0.786127 0.060345 0.381503
3 0.462069 0.352601 0.068966 0.473988
9 0.407759 0.786127 0.056897 0.404624
11 0.214655 0.352601 0.074138 0.473988
11 0.651724 0.708092 0.031034 0.225434
1 0.526724 0.323699 0.063793 0.439306
2 0.297414 0.777457 0.039655 0.387283
9 0.537931 0.789017 0.058621 0.398844
2 0.361207 0.789017 0.036207 0.410405
9 0.604310 0.777457 0.060345 0.398844
11 0.280172 0.381503 0.063793 0.369942
11 0.343966 0.393064 0.067241 0.358382
11 0.776724 0.387283 0.067241 0.381503
11 0.706034 0.369942 0.056897 0.335260
11 0.643966 0.315029 0.063793 0.433526