11 0.638546 0.229958 0.058985 0.232068
2 0.455418 0.245781 0.041152 0.242616
2 0.611111 0.477848 0.020576 0.187764
11 0.640604 0.425105 0.027435 0.103376
11 0.436900 0.753165 0.023320 0.160338
11 0.268176 0.260549 0.061728 0.221519
11 0.331962 0.275316 0.057613 0.175105
3 0.515775 0.238397 0.068587 0.227848
3 0.486968 0.742616 0.068587 0.219409
9 0.558985 0.739451 0.067215 0.217300
9 0.462963 0.481013 0.061728 0.194093
1 0.397805 0.483122 0.060357 0.198312
1 0.386831 0.750000 0.065844 0.217300
7 0.332647 0.492616 0.061728 0.200422
6 0.530864 0.477848 0.063100 0.200422
11 0.205761 0.261603 0.063100 0.232068
11 0.679698 0.431435 0.042524 0.082278
11 0.698903 0.252110 0.058985 0.158228
11 0.764060 0.252110 0.063100 0.166667
2 0.283951 0.489451 0.024691 0.181435
2 0.338134 0.758439 0.026063 0.200422