2 0.306011 0.714286 0.043716 0.315789
11 0.688525 0.650376 0.043716 0.142857
2 0.463115 0.353383 0.051913 0.390977
11 0.228142 0.342105 0.062842 0.383459
10 0.476776 0.706767 0.057377 0.330827
8 0.422131 0.695489 0.057377 0.308271
6 0.603825 0.699248 0.060109 0.345865
6 0.540984 0.706767 0.054645 0.330827
6 0.531421 0.342105 0.068306 0.368421
2 0.364754 0.714286 0.035519 0.315789
11 0.653005 0.642857 0.027322 0.172932
11 0.767760 0.402256 0.054645 0.263158
11 0.709016 0.398496 0.057377 0.270677
11 0.647541 0.357143 0.065574 0.338346
11 0.349727 0.338346 0.043716 0.345865
11 0.297814 0.379699 0.054645 0.278195