3 0.406486 0.493207 0.058824 0.230978
2 0.345400 0.811141 0.024133 0.241848
2 0.298643 0.500000 0.024133 0.228261
1 0.395173 0.816576 0.069382 0.258152
1 0.473605 0.494565 0.063348 0.211957
1 0.602564 0.495924 0.058824 0.230978
11 0.219457 0.217391 0.067873 0.260870
11 0.278281 0.250000 0.061840 0.184783
11 0.344646 0.250000 0.064857 0.195652
11 0.652338 0.442935 0.031674 0.125000
11 0.693062 0.456522 0.046757 0.103261
11 0.653092 0.213315 0.066365 0.258152
11 0.712670 0.235054 0.064857 0.209239
11 0.780543 0.241848 0.067873 0.211957
11 0.445701 0.805707 0.034691 0.182065
4 0.500000 0.807065 0.064857 0.255435
7 0.344646 0.498641 0.055807 0.230978
8 0.533183 0.214674 0.067873 0.277174
3 0.466817 0.211957 0.067873 0.282609
3 0.568627 0.801630 0.063348 0.255435
2 0.557315 0.498641 0.022624 0.225543