6 0.531737 0.202899 0.069461 0.253623
5 0.604790 0.458333 0.059880 0.213768
5 0.541916 0.458333 0.058683 0.213768
3 0.280838 0.467391 0.065868 0.231884
3 0.411976 0.460145 0.062275 0.217391
3 0.502994 0.762681 0.067066 0.264493
4 0.580240 0.760870 0.065868 0.253623
4 0.093413 0.471014 0.055090 0.231884
2 0.350898 0.764493 0.028743 0.253623
2 0.497006 0.469203 0.028743 0.235507
5 0.346108 0.458333 0.062275 0.206522
2 0.464671 0.211957 0.047904 0.286232
11 0.710180 0.226449 0.059880 0.184783
11 0.452695 0.757246 0.028743 0.195652
11 0.347904 0.204710 0.049102 0.264493
11 0.649701 0.199275 0.061078 0.239130
9 0.401198 0.764493 0.067066 0.253623
11 0.654491 0.413043 0.027545 0.123188
11 0.694611 0.425725 0.047904 0.105072
11 0.773054 0.230072 0.061078 0.184783
11 0.223952 0.210145 0.059880 0.260870
11 0.288024 0.230072 0.058683 0.184783