8 0.482412 0.470930 0.055276 0.197674
6 0.410804 0.470930 0.062814 0.197674
6 0.503769 0.755814 0.067839 0.232558
2 0.767588 0.197674 0.047739 0.232558
2 0.209799 0.796512 0.027638 0.174419
2 0.160804 0.796512 0.020101 0.174419
1 0.605528 0.459302 0.055276 0.197674
1 0.826633 0.197674 0.060302 0.232558
1 0.895729 0.186047 0.062814 0.232558
11 0.639447 0.197674 0.042714 0.232558
9 0.400754 0.232558 0.067839 0.232558
11 0.654523 0.412791 0.027638 0.104651
11 0.692211 0.412791 0.047739 0.081395
11 0.456030 0.744186 0.027638 0.162791
11 0.262563 0.796512 0.047739 0.174419
0 0.452261 0.296512 0.035176 0.081395
10 0.541457 0.459302 0.062814 0.197674
9 0.579146 0.732558 0.067839 0.232558
10 0.408291 0.738372 0.067839 0.244186
11 0.097990 0.255814 0.060302 0.232558
11 0.164573 0.279070 0.067839 0.186047
11 0.227387 0.238372 0.062814 0.244186
11 0.707286 0.226744 0.052764 0.174419
3 0.523869 0.209302 0.067839 0.232558
3 0.347990 0.482558 0.067839 0.220930