11 0.467480 0.260204 0.062331 0.234694
11 0.222222 0.285714 0.054201 0.224490
11 0.166667 0.285714 0.056911 0.224490
11 0.107046 0.295918 0.062331 0.224490
11 0.691057 0.428571 0.054201 0.081633
11 0.650407 0.423469 0.027100 0.091837
11 0.462060 0.760204 0.029810 0.153061
0 0.810298 0.280612 0.037940 0.091837
10 0.540650 0.484694 0.056911 0.193878
4 0.761518 0.219388 0.065041 0.234694
10 0.696477 0.229592 0.065041 0.214286
9 0.581301 0.744898 0.067751 0.224490
7 0.352304 0.505102 0.059621 0.193878
5 0.413279 0.500000 0.062331 0.183673
5 0.878049 0.209184 0.070461 0.234694
3 0.602981 0.474490 0.056911 0.193878
1 0.479675 0.484694 0.065041 0.193878
1 0.411924 0.760204 0.070461 0.214286
2 0.531165 0.760204 0.021680 0.214286
2 0.361789 0.770408 0.029810 0.214286
2 0.306233 0.510204 0.027100 0.183673
11 0.403794 0.260204 0.054201 0.071429
11 0.344173 0.260204 0.065041 0.214286
11 0.281843 0.270408 0.054201 0.214286