7 0.352970 0.487637 0.063291 0.222527
4 0.547712 0.471154 0.057449 0.217033
7 0.587634 0.745879 0.074976 0.260989
4 0.418695 0.482143 0.062317 0.228022
4 0.770204 0.204670 0.066212 0.250000
4 0.517040 0.748626 0.066212 0.250000
10 0.420156 0.759615 0.073028 0.260989
2 0.364654 0.762363 0.030185 0.244505
0 0.818890 0.271978 0.040896 0.137363
2 0.307692 0.490385 0.027264 0.222527
6 0.481500 0.472527 0.063291 0.230769
11 0.698150 0.425824 0.052580 0.098901
11 0.654333 0.418956 0.033106 0.140110
11 0.466894 0.767857 0.028238 0.189560
11 0.109542 0.263736 0.082765 0.258242
5 0.890944 0.192308 0.064265 0.258242
10 0.707400 0.210165 0.063291 0.260989
1 0.106621 0.509615 0.059396 0.206044
7 0.610516 0.464286 0.062317 0.225275