3 0.491166 0.772727 0.070671 0.248485
6 0.517668 0.200000 0.060071 0.242424
7 0.466431 0.463636 0.056537 0.200000
8 0.533569 0.463636 0.056537 0.200000
9 0.330389 0.469697 0.060071 0.212121
1 0.388693 0.772727 0.070671 0.248485
2 0.344523 0.775758 0.031802 0.218182
2 0.287986 0.469697 0.024735 0.187879
3 0.452297 0.200000 0.056537 0.242424
5 0.593640 0.469697 0.056537 0.187879
5 0.565371 0.772727 0.070671 0.236364
10 0.397527 0.469697 0.060071 0.212121
11 0.441696 0.772727 0.035336 0.175758
11 0.644876 0.424242 0.024735 0.121212
11 0.681979 0.427273 0.049470 0.090909
11 0.636042 0.206061 0.063604 0.254545
11 0.699647 0.230303 0.056537 0.181818
11 0.759717 0.230303 0.063604 0.181818
11 0.212014 0.200000 0.056537 0.242424
11 0.272085 0.236364 0.056537 0.169697
11 0.335689 0.215152 0.063604 0.212121