11 0.852768 0.160934 0.035336 0.056511
1 0.546525 0.312039 0.244994 0.343980
1 0.774441 0.285012 0.074205 0.098280
1 0.801531 0.221130 0.071849 0.098280
0 0.812721 0.277641 0.014134 0.019656
11 0.833922 0.192875 0.035336 0.041769
11 0.662544 0.245700 0.048292 0.058968
11 0.689046 0.195332 0.047114 0.081081
11 0.701413 0.144963 0.038869 0.063882
11 0.718492 0.121622 0.051826 0.056511
10 0.300353 0.390663 0.077739 0.098280
5 0.336278 0.300983 0.071849 0.071253
5 0.358657 0.239558 0.074205 0.071253
11 0.390459 0.216216 0.036514 0.049140
11 0.409894 0.175676 0.042403 0.066339
11 0.190224 0.563882 0.031802 0.036855
11 0.202002 0.539312 0.027091 0.027027
11 0.212603 0.515971 0.031802 0.039312
11 0.227326 0.481572 0.035336 0.039312
11 0.222026 0.616708 0.031802 0.039312
11 0.237338 0.581081 0.031802 0.031941
11 0.251472 0.558968 0.034158 0.036855
11 0.265607 0.518428 0.031802 0.044226
11 0.281508 0.480344 0.030624 0.046683
11 0.587161 0.749386 0.031802 0.044226
11 0.606596 0.718673 0.035336 0.051597
11 0.618375 0.689189 0.028269 0.031941
11 0.624853 0.664619 0.027091 0.051597
2 0.640754 0.632678 0.025913 0.031941