11 0.275051 0.238176 0.059305 0.172297
4 0.516360 0.219595 0.067485 0.236486
9 0.589980 0.469595 0.063395 0.209459
3 0.555215 0.753378 0.071575 0.236486
5 0.479550 0.753378 0.067485 0.222973
1 0.383436 0.750000 0.071575 0.236486
1 0.461145 0.466216 0.059305 0.202703
1 0.396728 0.466216 0.061350 0.202703
7 0.524540 0.466216 0.063395 0.202703
7 0.333333 0.464527 0.061350 0.199324
2 0.332311 0.748311 0.026585 0.212838
2 0.285276 0.457770 0.026585 0.185811
11 0.431493 0.748311 0.020450 0.158784
11 0.676892 0.440878 0.049080 0.084459
11 0.638037 0.423986 0.028630 0.104730
11 0.755624 0.260135 0.055215 0.168919
11 0.697342 0.253378 0.057260 0.168919
11 0.634969 0.226351 0.063395 0.236486
11 0.336401 0.226351 0.059305 0.202703
11 0.213701 0.211149 0.063395 0.233108