0 0.266454 0.305310 0.040340 0.120944
0 0.692675 0.305310 0.041401 0.115044
3 0.521231 0.235988 0.061571 0.253687
11 0.690021 0.443953 0.046709 0.103245
11 0.650212 0.433628 0.032909 0.129794
11 0.254777 0.783186 0.057325 0.191740
11 0.216561 0.261062 0.063694 0.185841
11 0.097134 0.231563 0.079618 0.250737
11 0.822187 0.233038 0.054140 0.235988
11 0.888535 0.261062 0.059448 0.185841
5 0.403397 0.479351 0.063694 0.203540
5 0.599788 0.479351 0.063694 0.197640
4 0.583333 0.230088 0.058386 0.247788
2 0.763800 0.234513 0.047771 0.268437
4 0.341295 0.474926 0.058386 0.224189
1 0.536093 0.480826 0.059448 0.218289
1 0.082272 0.477876 0.062633 0.206490
7 0.179406 0.789086 0.053079 0.191740
8 0.575372 0.752212 0.063694 0.253687
6 0.493631 0.756637 0.074310 0.244838
10 0.473992 0.479351 0.058386 0.221239
10 0.395435 0.756637 0.075372 0.244838
3 0.272824 0.486726 0.063694 0.235988
3 0.647028 0.235988 0.054140 0.247788