11 0.654428 0.420266 0.025918 0.122924
11 0.693305 0.431894 0.045356 0.106312
11 0.448164 0.780731 0.025918 0.186047
11 0.257019 0.825581 0.047516 0.182724
2 0.467603 0.217608 0.043197 0.262458
2 0.298056 0.488372 0.034557 0.232558
11 0.348812 0.232558 0.064795 0.225914
11 0.282937 0.240864 0.058315 0.202658
11 0.216523 0.212625 0.057235 0.252492
2 0.362851 0.485050 0.021598 0.232558
2 0.348812 0.790698 0.028078 0.252492
4 0.085853 0.496678 0.061555 0.242525
4 0.542117 0.480066 0.051836 0.235880
5 0.501620 0.774086 0.068035 0.225914
5 0.577754 0.775748 0.069114 0.235880
8 0.529698 0.207641 0.063715 0.249169
8 0.403348 0.770764 0.057235 0.232558
2 0.149568 0.828904 0.020518 0.162791
1 0.186825 0.832226 0.047516 0.176080
1 0.476242 0.476744 0.060475 0.222591
9 0.411447 0.475083 0.058315 0.212625
3 0.606371 0.475083 0.052916 0.232558
11 0.771598 0.239203 0.057235 0.192691
11 0.649568 0.205980 0.061555 0.239203
11 0.708423 0.229236 0.056156 0.179402