9 0.601432 0.482353 0.066826 0.235294
3 0.457041 0.194118 0.069212 0.270588
11 0.695704 0.429412 0.050119 0.105882
11 0.773270 0.229412 0.057279 0.176471
11 0.341289 0.235294 0.071599 0.188235
4 0.405728 0.470588 0.057279 0.235294
3 0.315036 0.770588 0.066826 0.270588
6 0.336516 0.476471 0.062053 0.247059
11 0.208831 0.200000 0.069212 0.258824
11 0.273270 0.229412 0.059666 0.200000
11 0.707637 0.223529 0.059666 0.188235
11 0.644391 0.194118 0.062053 0.270588
11 0.651551 0.411765 0.038186 0.117647
1 0.390215 0.776471 0.073986 0.282353
10 0.573986 0.776471 0.078759 0.258824
10 0.534606 0.482353 0.066826 0.235294
2 0.288783 0.482353 0.028640 0.258824
2 0.097852 0.476471 0.028640 0.247059
1 0.467780 0.470588 0.057279 0.258824
1 0.520286 0.194118 0.062053 0.247059
5 0.492840 0.770588 0.073986 0.247059