11 0.658192 0.416667 0.028249 0.132184
11 0.697740 0.431034 0.047081 0.103448
7 0.531073 0.206897 0.075330 0.264368
4 0.094162 0.479885 0.056497 0.224138
3 0.281544 0.479885 0.065913 0.235632
3 0.476460 0.477011 0.064030 0.229885
3 0.542373 0.471264 0.064030 0.229885
5 0.351224 0.474138 0.069680 0.212644
5 0.501883 0.775862 0.080979 0.252874
5 0.580038 0.767241 0.075330 0.247126
2 0.429379 0.474138 0.037665 0.212644
2 0.348399 0.767241 0.037665 0.247126
10 0.611111 0.474138 0.065913 0.235632
8 0.405838 0.761494 0.073446 0.258621
11 0.222222 0.209770 0.067797 0.258621
11 0.287194 0.241379 0.058380 0.195402
11 0.351224 0.241379 0.069680 0.195402
11 0.650659 0.206897 0.065913 0.264368
11 0.716573 0.232759 0.058380 0.201149
11 0.777778 0.235632 0.064030 0.195402