9 0.565282 0.745763 0.115727 0.214689
7 0.458457 0.740113 0.103858 0.203390
6 0.348665 0.728814 0.097923 0.214689
8 0.261128 0.717514 0.083086 0.203390
2 0.820475 0.505650 0.038576 0.152542
11 0.471810 0.265537 0.047478 0.135593
4 0.563798 0.268362 0.130564 0.254237
2 0.293769 0.257062 0.065282 0.220339
1 0.390208 0.251412 0.133531 0.254237
4 0.678042 0.751412 0.103858 0.214689
5 0.700297 0.288136 0.118694 0.237288
11 0.870920 0.525424 0.068249 0.101695
11 0.219585 0.576271 0.035608 0.067797
11 0.182493 0.579096 0.032641 0.050847
11 0.152819 0.570621 0.038576 0.067797
11 0.114243 0.567797 0.038576 0.062147
11 0.072700 0.564972 0.038576 0.067797
11 0.186944 0.457627 0.047478 0.101695