9 0.670984 0.284946 0.088083 0.204301
3 0.375648 0.284946 0.098446 0.225806
3 0.430052 0.752688 0.124352 0.236559
1 0.168394 0.747312 0.098446 0.225806
1 0.774611 0.768817 0.108808 0.247312
2 0.567358 0.758065 0.056995 0.247312
2 0.886010 0.295699 0.072539 0.182796
4 0.471503 0.290323 0.093264 0.215054
6 0.575130 0.290323 0.093264 0.215054
10 0.766839 0.290323 0.093264 0.215054
2 0.691710 0.758065 0.056995 0.225806
11 0.357513 0.462366 0.051813 0.107527
11 0.409326 0.467742 0.051813 0.096774
11 0.458549 0.467742 0.046632 0.096774
11 0.502591 0.478495 0.041451 0.096774
11 0.551813 0.473118 0.046632 0.107527
11 0.787565 0.478495 0.051813 0.096774
11 0.849741 0.494624 0.072539 0.086022