11 0.681250 0.439394 0.054167 0.090909
6 0.500000 0.759740 0.066667 0.264069
6 0.350000 0.495671 0.066667 0.220779
9 0.572917 0.764069 0.079167 0.255411
9 0.533333 0.482684 0.066667 0.220779
11 0.454167 0.768398 0.025000 0.177489
2 0.112500 0.504329 0.033333 0.194805
1 0.868750 0.214286 0.070833 0.255411
11 0.106250 0.268398 0.062500 0.251082
11 0.166667 0.257576 0.058333 0.255411
11 0.225000 0.264069 0.058333 0.242424
8 0.402083 0.764069 0.079167 0.255411
0 0.800000 0.300866 0.033333 0.099567
9 0.685417 0.229437 0.062500 0.242424
5 0.597917 0.482684 0.062500 0.194805
10 0.750000 0.225108 0.066667 0.233766
11 0.283333 0.255411 0.058333 0.242424
11 0.341667 0.246753 0.058333 0.233766
11 0.397917 0.246753 0.062500 0.233766
2 0.422917 0.482684 0.037500 0.220779
2 0.295833 0.500000 0.041667 0.212121
11 0.466667 0.242424 0.066667 0.242424
3 0.470833 0.489177 0.058333 0.207792
11 0.641667 0.428571 0.025000 0.129870