11 0.270690 0.237569 0.065517 0.220994
11 0.331034 0.270718 0.055172 0.176796
11 0.625862 0.215470 0.065517 0.232044
11 0.691379 0.234807 0.065517 0.171271
11 0.751724 0.234807 0.062069 0.171271
11 0.639655 0.408840 0.031034 0.121547
11 0.682759 0.417127 0.048276 0.082873
8 0.508621 0.229282 0.072414 0.237569
8 0.532759 0.464088 0.058621 0.209945
2 0.293103 0.477901 0.034483 0.204420
2 0.346552 0.759669 0.037931 0.226519
1 0.401724 0.477901 0.065517 0.204420
1 0.400000 0.754144 0.068966 0.237569
1 0.494828 0.745856 0.072414 0.243094
10 0.337931 0.483425 0.062069 0.215470
5 0.467241 0.469613 0.058621 0.187845
6 0.591379 0.458564 0.058621 0.198895
6 0.570690 0.743094 0.072414 0.248619
11 0.208621 0.243094 0.058621 0.232044