2 0.108852 0.500000 0.021531 0.209302
3 0.326555 0.796512 0.074163 0.267442
3 0.409091 0.494186 0.057416 0.220930
2 0.221292 0.238372 0.055024 0.244186
10 0.602871 0.488372 0.062201 0.209302
10 0.471292 0.494186 0.066986 0.220930
10 0.705742 0.238372 0.062201 0.220930
6 0.498804 0.790698 0.069378 0.255814
6 0.346890 0.505814 0.062201 0.220930
8 0.578947 0.784884 0.062201 0.244186
0 0.814593 0.302326 0.035885 0.116279
9 0.767943 0.220930 0.062201 0.255814
7 0.888756 0.226744 0.069378 0.244186
11 0.448565 0.784884 0.021531 0.174419
11 0.650718 0.441860 0.023923 0.116279
11 0.690191 0.447674 0.045455 0.081395
11 0.098086 0.232558 0.057416 0.255814
11 0.160287 0.238372 0.057416 0.244186
11 0.400718 0.238372 0.059809 0.244186
11 0.338517 0.238372 0.059809 0.244186
11 0.466507 0.226744 0.062201 0.244186
11 0.528708 0.226744 0.062201 0.244186
4 0.538278 0.494186 0.057416 0.220930
2 0.421053 0.790698 0.028708 0.232558
2 0.296651 0.511628 0.028708 0.232558