4 0.558917 0.646714 0.079618 0.223005
11 0.493631 0.657277 0.031847 0.154930
11 0.262739 0.416667 0.041401 0.100939
11 0.310510 0.414319 0.047771 0.105634
11 0.356688 0.407277 0.044586 0.091549
11 0.393312 0.407277 0.041401 0.105634
11 0.437898 0.397887 0.047771 0.100939
11 0.644904 0.379108 0.035032 0.100939
11 0.694268 0.386150 0.063694 0.086854
2 0.302548 0.237089 0.031847 0.187793
9 0.359873 0.234742 0.076433 0.192488
9 0.527070 0.220657 0.079618 0.192488
8 0.702229 0.197183 0.079618 0.192488
8 0.445860 0.220657 0.070064 0.178404
4 0.611465 0.213615 0.076433 0.173709
4 0.644904 0.643192 0.085987 0.230047
3 0.340764 0.661972 0.082803 0.215962
3 0.433121 0.658451 0.076433 0.223005