0 0.277778 0.284884 0.037037 0.098837
11 0.692432 0.465116 0.048309 0.098837
11 0.652174 0.452035 0.032206 0.113372
2 0.346216 0.739826 0.035427 0.212209
2 0.620773 0.500000 0.030596 0.191860
2 0.496779 0.482558 0.030596 0.191860
2 0.367955 0.468023 0.033816 0.191860
2 0.303543 0.462209 0.033816 0.197674
1 0.712560 0.254360 0.072464 0.252907
1 0.590982 0.241279 0.070853 0.244186
0 0.636071 0.319767 0.032206 0.098837
11 0.446055 0.751453 0.025765 0.159884
3 0.495169 0.752907 0.072464 0.244186
9 0.569243 0.758721 0.075684 0.244186
10 0.545089 0.485465 0.062802 0.209302
8 0.418680 0.468023 0.064412 0.209302
11 0.112721 0.194767 0.074074 0.244186
11 0.231079 0.238372 0.066023 0.191860
11 0.826892 0.277616 0.062802 0.247093
11 0.893720 0.306686 0.067633 0.183140
2 0.417069 0.752907 0.032206 0.220930