11 0.455607 0.421053 0.042056 0.105263
11 0.413551 0.415789 0.032710 0.115789
11 0.721963 0.442105 0.070093 0.105263
11 0.670561 0.426316 0.042056 0.115789
11 0.282710 0.415789 0.051402 0.115789
11 0.329439 0.415789 0.042056 0.115789
11 0.373832 0.415789 0.046729 0.115789
11 0.507009 0.694737 0.042056 0.189474
9 0.647196 0.242105 0.079439 0.210526
9 0.731308 0.236842 0.079439 0.200000
7 0.478972 0.226316 0.079439 0.221053
4 0.397196 0.226316 0.074766 0.221053
6 0.565421 0.242105 0.074766 0.210526
3 0.303738 0.221053 0.084112 0.231579
3 0.661215 0.694737 0.088785 0.231579
1 0.441589 0.689474 0.088785 0.242105
2 0.373832 0.694737 0.037383 0.231579
2 0.591121 0.700000 0.042056 0.221053