2 0.429674 0.492500 0.032590 0.205000
11 0.253859 0.812500 0.051458 0.185000
0 0.699828 0.317500 0.034305 0.105000
9 0.543739 0.492500 0.068611 0.225000
7 0.395369 0.780000 0.077187 0.250000
7 0.182676 0.810000 0.056604 0.180000
7 0.778731 0.245000 0.065180 0.250000
2 0.530017 0.227500 0.048027 0.255000
3 0.592624 0.232500 0.066895 0.245000
1 0.085763 0.472500 0.061750 0.215000
1 0.575472 0.795000 0.077187 0.250000
1 0.500000 0.782500 0.073756 0.245000
2 0.628645 0.505000 0.029160 0.210000
11 0.221269 0.247500 0.065180 0.185000
11 0.836192 0.247500 0.053173 0.255000
11 0.900515 0.277500 0.068611 0.195000
11 0.656947 0.452500 0.027444 0.105000
3 0.475986 0.490000 0.060034 0.220000
11 0.698113 0.467500 0.051458 0.095000
0 0.266724 0.297500 0.032590 0.095000
3 0.277873 0.487500 0.068611 0.225000
4 0.656089 0.240000 0.066895 0.250000
4 0.345626 0.480000 0.063465 0.210000
11 0.095197 0.215000 0.070326 0.250000