11 0.078661 0.234921 0.065272 0.234921
11 0.142678 0.230159 0.062762 0.231746
5 0.471130 0.471429 0.065272 0.193651
9 0.397071 0.758730 0.076151 0.241270
11 0.207531 0.230159 0.065272 0.238095
11 0.271130 0.230159 0.063598 0.238095
11 0.392887 0.217460 0.061088 0.238095
11 0.458577 0.215873 0.068619 0.234921
11 0.447699 0.757143 0.030126 0.168254
11 0.695397 0.419048 0.048536 0.082540
11 0.656904 0.406349 0.031799 0.107937
5 0.605858 0.463492 0.066946 0.190476
0 0.824268 0.266667 0.035146 0.082540
10 0.711715 0.200000 0.062762 0.234921
7 0.538075 0.465079 0.065272 0.206349
7 0.577824 0.752381 0.077824 0.241270
7 0.335565 0.474603 0.065272 0.206349
2 0.288285 0.479365 0.025941 0.190476
2 0.523013 0.758730 0.028452 0.222222
2 0.344351 0.765079 0.027615 0.215873
3 0.402929 0.471429 0.062762 0.206349
3 0.776569 0.196825 0.065272 0.234921
1 0.902929 0.185714 0.068619 0.231746
1 0.071130 0.490476 0.061925 0.200000