11 0.648459 0.224719 0.053221 0.269663
11 0.105042 0.224719 0.064426 0.269663
11 0.715686 0.264045 0.064426 0.191011
11 0.229692 0.224719 0.067227 0.269663
11 0.682073 0.438202 0.086835 0.134831
11 0.260504 0.803371 0.056022 0.191011
8 0.404762 0.230337 0.075630 0.258427
0 0.456583 0.297753 0.039216 0.123596
9 0.529412 0.230337 0.067227 0.258427
9 0.542017 0.483146 0.064426 0.224719
2 0.774510 0.230337 0.047619 0.280899
2 0.348739 0.775281 0.036415 0.247191
2 0.522409 0.775281 0.030812 0.247191
2 0.155462 0.814607 0.019608 0.168539
1 0.190476 0.814607 0.050420 0.191011
1 0.404762 0.769663 0.075630 0.258427
1 0.830532 0.235955 0.058824 0.269663
1 0.897759 0.235955 0.064426 0.247191
3 0.348739 0.483146 0.064426 0.224719
6 0.408964 0.483146 0.067227 0.224719
3 0.474790 0.483146 0.064426 0.224719
8 0.607843 0.483146 0.061625 0.224719
11 0.169468 0.247191 0.064426 0.202247
10 0.575630 0.780899 0.075630 0.258427