3 0.483871 0.247253 0.070381 0.252747
11 0.664223 0.478022 0.032258 0.098901
11 0.708211 0.494505 0.049853 0.087912
11 0.359238 0.258242 0.067449 0.186813
11 0.294721 0.241758 0.055718 0.197802
11 0.225806 0.203297 0.076246 0.252747
11 0.442815 0.774725 0.023460 0.164835
11 0.668622 0.285714 0.070381 0.219780
11 0.733138 0.318681 0.064516 0.175824
11 0.797654 0.335165 0.058651 0.186813
8 0.552786 0.258242 0.067449 0.230769
7 0.348974 0.478022 0.064516 0.208791
7 0.480938 0.500000 0.058651 0.208791
6 0.548387 0.505495 0.058651 0.219780
5 0.505865 0.780220 0.085044 0.219780
5 0.617302 0.527473 0.061584 0.219780
5 0.416422 0.483516 0.064516 0.197802
2 0.304985 0.467033 0.029326 0.208791
2 0.343109 0.763736 0.035191 0.252747
2 0.595308 0.807692 0.046921 0.230769
1 0.395894 0.763736 0.070381 0.252747