11 0.688406 0.408971 0.060870 0.079156
2 0.301449 0.250660 0.028986 0.163588
2 0.549275 0.237467 0.026087 0.153034
3 0.362319 0.246702 0.069565 0.171504
3 0.444928 0.242744 0.072464 0.179420
6 0.608696 0.228232 0.069565 0.176781
7 0.695652 0.224274 0.069565 0.174142
3 0.334783 0.684697 0.084058 0.208443
3 0.423188 0.680739 0.081159 0.205805
11 0.482609 0.674142 0.031884 0.145119
5 0.546377 0.670185 0.084058 0.189974
5 0.633333 0.668865 0.084058 0.187335
11 0.263768 0.427441 0.040580 0.089710
11 0.308696 0.427441 0.049275 0.089710
11 0.349275 0.424802 0.043478 0.089710
11 0.391304 0.424802 0.046377 0.089710
11 0.428986 0.416887 0.040580 0.089710
11 0.639130 0.402375 0.037681 0.092348