3 0.559633 0.700000 0.091743 0.226667
11 0.256881 0.413333 0.064220 0.133333
11 0.314220 0.420000 0.050459 0.120000
11 0.360092 0.420000 0.041284 0.120000
11 0.401376 0.420000 0.041284 0.120000
11 0.442661 0.420000 0.041284 0.120000
11 0.658257 0.413333 0.050459 0.106667
11 0.708716 0.433333 0.050459 0.066667
11 0.493119 0.700000 0.041284 0.173333
7 0.371560 0.233333 0.082569 0.200000
7 0.454128 0.233333 0.091743 0.200000
3 0.541284 0.233333 0.082569 0.200000
3 0.628440 0.233333 0.091743 0.200000
10 0.720183 0.233333 0.091743 0.200000
2 0.360092 0.700000 0.041284 0.200000
2 0.674312 0.700000 0.064220 0.226667
1 0.426606 0.700000 0.091743 0.226667