11 0.659722 0.399038 0.041667 0.086538
4 0.567130 0.663462 0.087963 0.230769
2 0.474537 0.668269 0.041667 0.201923
8 0.657407 0.639423 0.092593 0.221154
8 0.636574 0.230769 0.069444 0.153846
10 0.546296 0.235577 0.074074 0.182692
5 0.465278 0.250000 0.087963 0.153846
7 0.381944 0.259615 0.087963 0.192308
3 0.715278 0.225962 0.069444 0.182692
3 0.358796 0.682692 0.097222 0.230769
11 0.504630 0.668269 0.037037 0.144231
11 0.708333 0.399038 0.064815 0.067308
11 0.453704 0.423077 0.046296 0.096154
11 0.412037 0.427885 0.037037 0.086538
11 0.370370 0.427885 0.046296 0.086538
11 0.333333 0.442308 0.046296 0.096154
11 0.280093 0.447115 0.041667 0.086538