11 0.717347 0.245370 0.059184 0.194444
11 0.655102 0.212963 0.065306 0.240741
11 0.350000 0.226852 0.059184 0.231481
11 0.288776 0.226852 0.059184 0.194444
11 0.217347 0.194444 0.063265 0.277778
11 0.702041 0.449074 0.053061 0.101852
11 0.658163 0.430556 0.026531 0.120370
11 0.454082 0.777778 0.030612 0.185185
6 0.506122 0.782407 0.065306 0.250000
6 0.581633 0.777778 0.069388 0.259259
10 0.545918 0.481481 0.067347 0.222222
9 0.413265 0.476852 0.067347 0.231481
8 0.535714 0.208333 0.067347 0.250000
2 0.467347 0.208333 0.048980 0.268519
2 0.365306 0.481481 0.028571 0.240741
2 0.302041 0.486111 0.032653 0.231481
2 0.106122 0.476852 0.032653 0.231481
1 0.402041 0.782407 0.077551 0.250000
1 0.478571 0.476852 0.063265 0.231481
3 0.328571 0.777778 0.069388 0.277778
4 0.613265 0.476852 0.059184 0.231481
11 0.782653 0.245370 0.063265 0.194444