11 0.262755 0.811170 0.045918 0.218085
11 0.668367 0.390957 0.040816 0.132979
11 0.711735 0.412234 0.056122 0.101064
2 0.153061 0.808511 0.030612 0.180851
11 0.653061 0.170213 0.071429 0.265957
11 0.719388 0.199468 0.061224 0.186170
1 0.584184 0.760638 0.076531 0.276596
1 0.505102 0.755319 0.071429 0.265957
1 0.089286 0.462766 0.066327 0.223404
3 0.408163 0.765957 0.071429 0.265957
3 0.331633 0.771277 0.071429 0.276596
3 0.471939 0.183511 0.066327 0.271277
3 0.344388 0.462766 0.076531 0.223404
9 0.617347 0.449468 0.061224 0.239362
9 0.548469 0.449468 0.066327 0.239362
9 0.479592 0.454787 0.061224 0.228723
9 0.193878 0.808511 0.051020 0.202128
11 0.783163 0.202128 0.066327 0.202128
11 0.352041 0.207447 0.061224 0.223404
11 0.290816 0.194149 0.061224 0.271277
11 0.221939 0.196809 0.066327 0.255319
10 0.413265 0.457447 0.071429 0.244681
7 0.535714 0.175532 0.071429 0.276596