11 0.134569 0.272676 0.038678 0.043673
2 0.116438 0.284434 0.058824 0.062710
6 0.153505 0.232363 0.092667 0.110862
10 0.193795 0.173012 0.092667 0.115342
11 0.018131 0.463046 0.036261 0.034714
11 0.038678 0.426092 0.043513 0.045913
11 0.062047 0.392497 0.041902 0.041433
1 0.419017 0.271557 0.282031 0.359462
11 0.580983 0.225084 0.061241 0.062710
11 0.621273 0.178611 0.064464 0.083987
11 0.649476 0.126540 0.032232 0.076148
11 0.673247 0.103583 0.063658 0.066069
11 0.807413 0.203247 0.041902 0.041433
11 0.838437 0.170773 0.044319 0.054871
0 0.762288 0.287234 0.012893 0.019037
5 0.666398 0.331467 0.078969 0.073908
6 0.711523 0.287234 0.083803 0.104143
2 0.477438 0.618701 0.028203 0.032475
10 0.759871 0.227884 0.085415 0.101904
11 0.387591 0.720045 0.037067 0.042553
11 0.419823 0.693729 0.048348 0.050392
11 0.438759 0.666853 0.026591 0.030235
11 0.451249 0.645017 0.032232 0.049272
11 0.213940 0.108063 0.044319 0.052632
11 0.236100 0.064950 0.051571 0.067189