11 0.696944 0.242775 0.056027 0.167630
11 0.755518 0.242775 0.057725 0.167630
6 0.330221 0.485549 0.052632 0.190751
2 0.284380 0.488439 0.018676 0.179191
3 0.552632 0.763006 0.062818 0.225434
5 0.481324 0.771676 0.062818 0.202312
10 0.381154 0.767341 0.062818 0.228324
4 0.589983 0.476879 0.052632 0.202312
8 0.527165 0.469653 0.049236 0.187861
1 0.512733 0.221098 0.054329 0.222543
10 0.393888 0.481214 0.054329 0.193642
1 0.457555 0.476879 0.059423 0.190751
3 0.449915 0.221098 0.057725 0.222543
11 0.330221 0.258671 0.056027 0.158960
11 0.269100 0.260116 0.056027 0.161850
11 0.210526 0.231214 0.057725 0.219653
11 0.431239 0.765896 0.023769 0.156069
11 0.640068 0.426301 0.027165 0.089595
11 0.675722 0.437861 0.044143 0.078035
11 0.634975 0.213873 0.057725 0.236994