11 0.483471 0.664000 0.030303 0.165333
2 0.297521 0.208000 0.033058 0.213333
2 0.573003 0.664000 0.033058 0.224000
9 0.358127 0.204000 0.071625 0.194667
10 0.629477 0.652000 0.079890 0.226667
4 0.425620 0.666667 0.074380 0.229333
4 0.690083 0.184000 0.063361 0.202667
3 0.337466 0.676000 0.079890 0.226667
6 0.442149 0.201333 0.068871 0.189333
6 0.604683 0.192000 0.068871 0.197333
7 0.522039 0.190667 0.068871 0.189333
1 0.108815 0.690667 0.074380 0.208000
11 0.634986 0.366667 0.035813 0.093333
11 0.683196 0.378667 0.055096 0.069333
11 0.260331 0.390667 0.041322 0.120000
11 0.303030 0.394667 0.044077 0.101333
11 0.347107 0.392000 0.038567 0.106667
11 0.387052 0.397333 0.041322 0.106667
11 0.431129 0.392000 0.041322 0.106667