3 0.604585 0.209512 0.068768 0.167095
11 0.686246 0.392031 0.054441 0.074550
11 0.637536 0.380463 0.037249 0.097686
11 0.485673 0.658098 0.031519 0.143959
11 0.429799 0.392031 0.040115 0.089974
11 0.395415 0.393316 0.040115 0.087404
11 0.351003 0.395887 0.042980 0.092545
11 0.309456 0.393316 0.045845 0.087404
11 0.265043 0.398458 0.042980 0.087404
8 0.690544 0.203085 0.063037 0.164524
7 0.524355 0.210797 0.068768 0.169666
2 0.305158 0.223650 0.020057 0.154242
9 0.444126 0.214653 0.068768 0.172237
9 0.363897 0.221080 0.068768 0.174807