11 0.699115 0.256966 0.060177 0.173375
8 0.521239 0.224458 0.054867 0.244582
8 0.593805 0.489164 0.047788 0.204334
11 0.431858 0.789474 0.024779 0.154799
11 0.676106 0.456656 0.046018 0.077399
11 0.638053 0.442724 0.026549 0.111455
11 0.758407 0.255418 0.058407 0.182663
6 0.525664 0.492260 0.056637 0.210526
2 0.287611 0.496904 0.019469 0.188854
2 0.334513 0.795666 0.024779 0.216718
1 0.384071 0.794118 0.067257 0.238390
4 0.483186 0.794118 0.063717 0.226006
3 0.552212 0.791022 0.070796 0.244582
3 0.456637 0.224458 0.060177 0.244582
11 0.212389 0.224458 0.060177 0.244582
11 0.275221 0.255418 0.058407 0.182663
11 0.335398 0.256966 0.061947 0.173375
11 0.636283 0.222910 0.058407 0.247678
10 0.396460 0.495356 0.060177 0.204334
7 0.461062 0.492260 0.058407 0.210526
6 0.333628 0.492260 0.058407 0.210526