6 0.501269 0.791667 0.068528 0.250000
11 0.227157 0.223958 0.063452 0.260417
11 0.290609 0.223958 0.058376 0.239583
11 0.350254 0.250000 0.060914 0.187500
11 0.657360 0.229167 0.065990 0.250000
11 0.719543 0.255208 0.058376 0.177083
11 0.776650 0.260417 0.065990 0.187500
11 0.176396 0.484375 0.109137 0.260417
11 0.657360 0.442708 0.030457 0.114583
11 0.697970 0.458333 0.050761 0.083333
11 0.258883 0.817708 0.045685 0.177083
4 0.095178 0.489583 0.058376 0.208333
4 0.479695 0.494792 0.060914 0.218750
4 0.543147 0.494792 0.060914 0.218750
2 0.302030 0.494792 0.025381 0.197917
2 0.368020 0.494792 0.030457 0.197917
2 0.532995 0.229167 0.040609 0.250000
2 0.350254 0.786458 0.025381 0.218750
2 0.152284 0.817708 0.020305 0.156250
3 0.472081 0.223958 0.060914 0.239583
3 0.189086 0.817708 0.048223 0.177083
11 0.449239 0.791667 0.025381 0.166667
1 0.399746 0.786458 0.068528 0.239583
1 0.577411 0.786458 0.068528 0.239583
6 0.412437 0.494792 0.058376 0.218750
6 0.609137 0.494792 0.060914 0.218750