6 0.542500 0.468935 0.061000 0.227811
3 0.604500 0.465976 0.061000 0.227811
5 0.499500 0.758876 0.069000 0.233728
7 0.574500 0.752959 0.075000 0.257396
2 0.464500 0.214497 0.059000 0.257396
11 0.222000 0.215976 0.074000 0.266272
11 0.289500 0.247041 0.061000 0.198225
11 0.352500 0.242604 0.065000 0.195266
11 0.647500 0.211538 0.071000 0.251479
11 0.713000 0.236686 0.058000 0.195266
11 0.776500 0.242604 0.067000 0.201183
11 0.654500 0.415680 0.033000 0.121302
11 0.696500 0.427515 0.047000 0.097633
11 0.451000 0.758876 0.026000 0.162722
11 0.260000 0.792899 0.048000 0.189349
2 0.303500 0.476331 0.043000 0.207101
2 0.364000 0.470414 0.036000 0.213018
2 0.349000 0.760355 0.042000 0.242604
2 0.420000 0.757396 0.036000 0.248521
2 0.150500 0.794379 0.029000 0.174556
9 0.531500 0.211538 0.071000 0.251479
9 0.412000 0.468935 0.060000 0.227811
1 0.477000 0.470414 0.070000 0.218935
1 0.189500 0.794379 0.051000 0.180473