2 0.331081 0.192708 0.047297 0.197917
2 0.750000 0.218750 0.067568 0.208333
2 0.383446 0.671875 0.043919 0.239583
7 0.398649 0.208333 0.087838 0.208333
8 0.486486 0.203125 0.067568 0.239583
6 0.560811 0.213542 0.081081 0.218750
9 0.650338 0.213542 0.084459 0.239583
10 0.452703 0.677083 0.074324 0.250000
10 0.653716 0.677083 0.091216 0.250000
3 0.567568 0.677083 0.081081 0.250000
11 0.508446 0.677083 0.037162 0.166667
11 0.667230 0.395833 0.037162 0.125000
11 0.719595 0.416667 0.067568 0.104167
11 0.293919 0.390625 0.047297 0.114583
11 0.339527 0.390625 0.043919 0.114583
11 0.380068 0.390625 0.037162 0.114583
11 0.422297 0.390625 0.047297 0.114583
11 0.466216 0.401042 0.047297 0.114583