10 0.768061 0.295019 0.053232 0.245211
2 0.311787 0.457854 0.038023 0.195402
11 0.311787 0.231801 0.053232 0.233716
11 0.254753 0.224138 0.060837 0.233716
11 0.195817 0.218391 0.057034 0.222222
11 0.133080 0.206897 0.060837 0.245211
11 0.690114 0.480843 0.049430 0.088123
11 0.652091 0.465517 0.034221 0.118774
9 0.568441 0.756705 0.072243 0.233716
3 0.330798 0.727969 0.076046 0.252874
4 0.408745 0.733716 0.072243 0.241379
4 0.606464 0.500000 0.057034 0.203065
7 0.490494 0.486590 0.060837 0.214559
1 0.422053 0.475096 0.060837 0.214559
6 0.363118 0.467433 0.057034 0.214559
2 0.511407 0.758621 0.034221 0.214559
2 0.560837 0.490421 0.034221 0.206897
1 0.880228 0.314176 0.079848 0.245211
0 0.807985 0.373563 0.034221 0.088123
11 0.366920 0.237548 0.057034 0.222222
11 0.425856 0.247126 0.053232 0.226054
11 0.484791 0.262452 0.064639 0.233716
9 0.707224 0.285441 0.076046 0.241379
2 0.131179 0.438697 0.034221 0.195402