11 0.437673 0.426829 0.044321 0.105691
1 0.112188 0.707317 0.080332 0.227642
1 0.429363 0.695122 0.083102 0.235772
1 0.695291 0.231707 0.077562 0.203252
2 0.572022 0.695122 0.041551 0.219512
2 0.632964 0.239837 0.030471 0.186992
3 0.340720 0.703252 0.077562 0.252033
7 0.368421 0.256098 0.072022 0.203252
9 0.454294 0.252033 0.066482 0.195122
5 0.637119 0.682927 0.088643 0.211382
4 0.538781 0.239837 0.069252 0.186992
11 0.268698 0.426829 0.044321 0.138211
11 0.642659 0.414634 0.038781 0.113821
11 0.693906 0.414634 0.058172 0.097561
11 0.314404 0.426829 0.047091 0.105691
11 0.358726 0.426829 0.041551 0.105691
11 0.400277 0.426829 0.036011 0.105691