7 0.347541 0.277778 0.078689 0.200000
11 0.421311 0.438889 0.036066 0.100000
11 0.303279 0.444444 0.042623 0.111111
11 0.255738 0.438889 0.052459 0.100000
1 0.416393 0.672222 0.078689 0.211111
6 0.619672 0.661111 0.078689 0.211111
8 0.681967 0.238889 0.078689 0.166667
11 0.613115 0.427778 0.032787 0.122222
6 0.593443 0.250000 0.078689 0.188889
6 0.508197 0.261111 0.072131 0.188889
6 0.429508 0.261111 0.072131 0.188889
2 0.560656 0.666667 0.032787 0.222222
2 0.359016 0.683333 0.036066 0.188889
11 0.670492 0.427778 0.062295 0.100000
11 0.386885 0.438889 0.032787 0.100000
11 0.342623 0.427778 0.036066 0.077778