5 0.746469 0.225322 0.086158 0.193133
0 0.704096 0.302575 0.029661 0.055794
1 0.657486 0.225322 0.083333 0.218884
1 0.122175 0.703863 0.088983 0.223176
2 0.510593 0.229614 0.032486 0.193133
2 0.391949 0.706009 0.035311 0.227468
9 0.454096 0.701717 0.088983 0.244635
11 0.107345 0.418455 0.050847 0.124464
11 0.151836 0.418455 0.049435 0.124464
11 0.185734 0.422747 0.021186 0.124464
11 0.218927 0.414163 0.048023 0.124464
11 0.516243 0.706009 0.040960 0.175966
11 0.686441 0.414163 0.042373 0.115880
11 0.739407 0.422747 0.063559 0.098712
3 0.580508 0.701717 0.096045 0.244635
4 0.575565 0.225322 0.077684 0.210300
8 0.678672 0.695279 0.083333 0.240343