11 0.709320 0.254386 0.060651 0.187970
2 0.501479 0.763158 0.038462 0.228070
3 0.311391 0.756892 0.078402 0.260652
4 0.595414 0.481203 0.057692 0.210526
6 0.557692 0.759398 0.071006 0.255639
6 0.531065 0.479950 0.068047 0.213033
6 0.465237 0.479950 0.057692 0.213033
7 0.333580 0.474937 0.060651 0.223058
2 0.405325 0.761905 0.029586 0.235589
2 0.284024 0.471178 0.026627 0.195489
1 0.398669 0.471178 0.066568 0.230576
1 0.082101 0.461153 0.069527 0.210526
9 0.521450 0.220551 0.066568 0.245614
11 0.434911 0.756892 0.029586 0.185464
11 0.683432 0.447368 0.056213 0.087719
11 0.642751 0.431078 0.028107 0.115288
11 0.775148 0.259398 0.065089 0.187970
11 0.644231 0.220551 0.060651 0.255639
11 0.342456 0.214286 0.042899 0.258145
11 0.283284 0.248120 0.057692 0.185464
11 0.217456 0.216792 0.062130 0.263158