2 0.143119 0.280151 0.025688 0.238693
2 0.792661 0.770101 0.029358 0.278894
1 0.857798 0.768844 0.075229 0.291457
1 0.723853 0.286432 0.075229 0.286432
7 0.189908 0.278894 0.056881 0.246231
6 0.254128 0.283920 0.056881 0.246231
6 0.381651 0.288945 0.055046 0.246231
6 0.826606 0.295226 0.071560 0.278894
8 0.322936 0.286432 0.047706 0.251256
3 0.636697 0.280151 0.080734 0.283920
5 0.915596 0.297739 0.073394 0.283920
11 0.166055 0.478643 0.034862 0.133166
11 0.208257 0.478643 0.049541 0.123116
11 0.931193 0.690955 0.027523 0.110553
11 0.775229 0.291457 0.023853 0.150754