9 0.539062 0.220721 0.065625 0.243243
11 0.242188 0.211712 0.065625 0.243243
11 0.301563 0.238739 0.059375 0.189189
11 0.364063 0.247748 0.059375 0.171171
11 0.651563 0.225225 0.065625 0.252252
11 0.714063 0.247748 0.059375 0.189189
11 0.775000 0.261261 0.068750 0.180180
11 0.656250 0.418919 0.031250 0.117117
11 0.696875 0.432432 0.050000 0.108108
2 0.476562 0.216216 0.053125 0.234234
2 0.359375 0.725225 0.043750 0.225225
9 0.548438 0.463964 0.059375 0.207207
4 0.117188 0.445946 0.065625 0.207207
3 0.293750 0.459459 0.062500 0.216216
3 0.423438 0.468468 0.065625 0.216216
5 0.360938 0.454955 0.059375 0.189189
5 0.482812 0.463964 0.065625 0.207207
6 0.612500 0.463964 0.056250 0.207207
8 0.415625 0.720721 0.068750 0.234234
2 0.523438 0.734234 0.046875 0.225225
1 0.581250 0.743243 0.075000 0.243243