6 0.721649 0.247423 0.082474 0.206186
2 0.328179 0.237113 0.030928 0.206186
2 0.575601 0.247423 0.037801 0.206186
5 0.388316 0.237113 0.075601 0.206186
7 0.472509 0.237113 0.079038 0.206186
3 0.553265 0.695876 0.082474 0.237113
10 0.434708 0.690722 0.092784 0.247423
11 0.749141 0.432990 0.013746 0.103093
11 0.281787 0.407216 0.048110 0.113402
11 0.369416 0.412371 0.037801 0.103093
11 0.414089 0.412371 0.030928 0.103093
11 0.457045 0.417526 0.048110 0.113402
11 0.328179 0.412371 0.044674 0.103093
11 0.491409 0.695876 0.020619 0.154639
11 0.711340 0.448454 0.061856 0.092784
6 0.646048 0.695876 0.082474 0.237113
6 0.637457 0.252577 0.085911 0.195876