10 0.198068 0.799550 0.067633 0.175676
11 0.649758 0.218468 0.053140 0.238739
11 0.101449 0.254505 0.067633 0.238739
11 0.169082 0.279279 0.057971 0.189189
11 0.227053 0.247748 0.067633 0.252252
11 0.268116 0.799550 0.053140 0.202703
11 0.714976 0.240991 0.067633 0.184685
11 0.661836 0.416667 0.028986 0.112613
11 0.702899 0.423423 0.053140 0.099099
0 0.456522 0.310811 0.043478 0.099099
9 0.410628 0.231982 0.077295 0.238739
5 0.536232 0.222973 0.077295 0.247748
5 0.485507 0.472973 0.072464 0.198198
2 0.772947 0.211712 0.048309 0.225225
2 0.434783 0.754505 0.038647 0.238739
1 0.833333 0.204955 0.072464 0.238739
1 0.898551 0.204955 0.067633 0.238739
3 0.347826 0.486486 0.067633 0.225225
3 0.338164 0.768018 0.086957 0.265766
3 0.512077 0.747748 0.077295 0.252252
7 0.417874 0.479730 0.072464 0.211712
7 0.615942 0.463964 0.072464 0.225225
6 0.545894 0.466216 0.067633 0.211712
6 0.586957 0.736486 0.082126 0.247748