11 0.299854 0.174312 0.058224 0.201835
3 0.336972 0.678899 0.071325 0.256881
1 0.413392 0.674312 0.081514 0.247706
2 0.525473 0.674312 0.040757 0.229358
2 0.501456 0.403670 0.027656 0.220183
2 0.372635 0.399083 0.034934 0.211009
2 0.311499 0.399083 0.040757 0.211009
2 0.125182 0.380734 0.034934 0.211009
2 0.478166 0.160550 0.053857 0.247706
11 0.699418 0.371560 0.050946 0.100917
11 0.660116 0.362385 0.030568 0.119266
11 0.781659 0.197248 0.064047 0.192661
11 0.719796 0.197248 0.056769 0.192661
11 0.656477 0.160550 0.064047 0.247706
11 0.360990 0.178899 0.064047 0.192661
11 0.237263 0.146789 0.066958 0.256881
2 0.626638 0.417431 0.033479 0.192661
5 0.584425 0.674312 0.077147 0.229358
6 0.551674 0.403670 0.064047 0.220183
9 0.425036 0.403670 0.064047 0.220183
9 0.542213 0.151376 0.068413 0.247706