1 0.814593 0.195402 0.055024 0.252874
3 0.593301 0.454023 0.057416 0.241379
7 0.526316 0.454023 0.066986 0.218391
5 0.563397 0.735632 0.074163 0.229885
6 0.337321 0.459770 0.062201 0.229885
6 0.394737 0.195402 0.066986 0.252874
11 0.696172 0.224138 0.062201 0.195402
0 0.446172 0.270115 0.035885 0.103448
10 0.519139 0.195402 0.066986 0.252874
1 0.881579 0.189655 0.069378 0.264368
1 0.489234 0.741379 0.074163 0.264368
1 0.389952 0.741379 0.081340 0.264368
2 0.289474 0.465517 0.033493 0.241379
2 0.764354 0.212644 0.050239 0.287356
4 0.464115 0.442529 0.057416 0.241379
4 0.398325 0.448276 0.059809 0.229885
11 0.641148 0.402299 0.028708 0.114943
11 0.681818 0.408046 0.052632 0.103448
11 0.090909 0.206897 0.066986 0.275862
11 0.155502 0.241379 0.062201 0.206897
11 0.220096 0.206897 0.066986 0.275862
11 0.639952 0.189655 0.050239 0.264368