2 0.777322 0.279762 0.057377 0.273810
1 0.065574 0.470238 0.060109 0.202381
10 0.469945 0.494048 0.065574 0.226190
10 0.532787 0.505952 0.060109 0.202381
1 0.903005 0.285714 0.057377 0.238095
1 0.840164 0.279762 0.051913 0.273810
10 0.528689 0.273810 0.068306 0.238095
8 0.396175 0.250000 0.065574 0.238095
8 0.403005 0.488095 0.068306 0.214286
8 0.392077 0.767857 0.057377 0.250000
5 0.490437 0.779762 0.073770 0.226190
3 0.329235 0.494048 0.068306 0.226190
3 0.168033 0.797619 0.051913 0.190476
11 0.084699 0.238095 0.065574 0.238095
11 0.214481 0.244048 0.073770 0.226190
11 0.241803 0.803571 0.051913 0.178571
11 0.147541 0.267857 0.060109 0.178571
11 0.651639 0.470238 0.030055 0.107143
11 0.437158 0.761905 0.016393 0.166667
11 0.695355 0.470238 0.057377 0.083333
11 0.648907 0.267857 0.051913 0.273810
11 0.710383 0.309524 0.060109 0.190476
0 0.450820 0.339286 0.043716 0.107143
7 0.565574 0.785714 0.065574 0.238095
7 0.603825 0.517857 0.065574 0.226190
2 0.127049 0.809524 0.030055 0.190476
2 0.334699 0.785714 0.030055 0.238095