11 0.272085 0.267677 0.060071 0.181818
11 0.759717 0.257576 0.063604 0.181818
11 0.637809 0.431818 0.028269 0.126263
11 0.694346 0.250000 0.056537 0.186869
11 0.635159 0.234848 0.061837 0.227273
11 0.340106 0.244949 0.068905 0.217172
11 0.436396 0.760101 0.028269 0.196970
11 0.205830 0.227273 0.065371 0.242424
6 0.488516 0.755051 0.072438 0.237374
6 0.591873 0.477273 0.056537 0.217172
9 0.385159 0.762626 0.067138 0.252525
4 0.078622 0.482323 0.058304 0.217172
4 0.402827 0.479798 0.060071 0.212121
5 0.520318 0.232323 0.065371 0.252525
5 0.333922 0.477273 0.063604 0.186869
3 0.265901 0.492424 0.061837 0.217172
3 0.454064 0.229798 0.063604 0.237374
8 0.565371 0.750000 0.063604 0.237374
2 0.546820 0.484848 0.026502 0.202020
2 0.335689 0.765152 0.028269 0.237374
2 0.485866 0.487374 0.035336 0.207071
11 0.681095 0.436869 0.054770 0.095960