11 0.829561 0.544118 0.018642 0.045455
11 0.776964 0.405080 0.027963 0.072193
11 0.808921 0.397059 0.033289 0.077540
11 0.738349 0.429144 0.049268 0.056150
11 0.695739 0.437166 0.033289 0.072193
11 0.393475 0.708556 0.033289 0.053476
11 0.366844 0.717914 0.014647 0.050802
11 0.340879 0.725936 0.034621 0.045455
11 0.304261 0.735294 0.033289 0.053476
8 0.740346 0.548128 0.039947 0.074866
8 0.342210 0.195187 0.063915 0.106952
5 0.415446 0.175134 0.063915 0.093583
5 0.478695 0.156417 0.057257 0.082888
1 0.791611 0.538770 0.043941 0.093583
6 0.683755 0.581551 0.054594 0.098930
11 0.529960 0.120321 0.031957 0.048128
2 0.420772 0.699198 0.013316 0.066845
0 0.763648 0.586898 0.006658 0.024064
11 0.859521 0.537433 0.038615 0.037433