5 0.410000 0.475904 0.060000 0.228916
9 0.578000 0.777108 0.076000 0.253012
11 0.104000 0.210843 0.072000 0.253012
11 0.228000 0.234940 0.064000 0.228916
11 0.834000 0.204819 0.052000 0.289157
11 0.894000 0.246988 0.068000 0.204819
11 0.658000 0.439759 0.036000 0.132530
11 0.698000 0.451807 0.044000 0.108434
11 0.260000 0.801205 0.056000 0.180723
11 0.450000 0.777108 0.020000 0.180723
0 0.698000 0.295181 0.036000 0.108434
1 0.650000 0.222892 0.076000 0.253012
1 0.774000 0.222892 0.068000 0.253012
1 0.404000 0.765060 0.072000 0.253012
2 0.350000 0.771084 0.036000 0.240964
3 0.284000 0.469880 0.072000 0.240964
3 0.606000 0.475904 0.060000 0.228916
3 0.500000 0.771084 0.064000 0.265060
0 0.278000 0.289157 0.036000 0.120482
4 0.350000 0.469880 0.060000 0.240964
4 0.478000 0.469880 0.060000 0.240964
6 0.546000 0.469880 0.060000 0.240964
8 0.190000 0.795181 0.044000 0.192771