11 0.417939 0.396610 0.041985 0.094915
11 0.671756 0.386441 0.061069 0.074576
7 0.585878 0.206780 0.072519 0.183051
2 0.284351 0.235593 0.026718 0.166102
9 0.343511 0.225424 0.076336 0.186441
9 0.423664 0.222034 0.076336 0.179661
8 0.509542 0.211864 0.072519 0.172881
1 0.664122 0.201695 0.076336 0.179661
11 0.250000 0.408475 0.049618 0.098305
11 0.299618 0.403390 0.049618 0.101695
11 0.337786 0.403390 0.041985 0.101695
11 0.377863 0.398305 0.045802 0.098305
11 0.482824 0.654237 0.034351 0.149153
11 0.625954 0.379661 0.038168 0.094915