11 0.646809 0.234375 0.068085 0.226562
11 0.710638 0.255859 0.059574 0.160156
11 0.776596 0.251953 0.063830 0.175781
11 0.348936 0.279297 0.059574 0.230469
11 0.289362 0.316406 0.059574 0.171875
11 0.225532 0.306641 0.068085 0.238281
5 0.482979 0.490234 0.063830 0.175781
8 0.421277 0.498047 0.059574 0.183594
9 0.610638 0.474609 0.063830 0.183594
6 0.589362 0.751953 0.072340 0.238281
7 0.210638 0.826172 0.046809 0.175781
3 0.344681 0.789062 0.068085 0.226562
3 0.355319 0.517578 0.063830 0.207031
2 0.525532 0.251953 0.055319 0.238281
1 0.514894 0.763672 0.076596 0.238281
1 0.417021 0.771484 0.068085 0.214844
1 0.102128 0.546875 0.059574 0.195312
1 0.546809 0.486328 0.063830 0.183594
11 0.463830 0.761719 0.025532 0.171875
11 0.278723 0.826172 0.046809 0.175781
11 0.700000 0.431641 0.046809 0.097656
11 0.657447 0.419922 0.029787 0.097656