11 0.459350 0.748366 0.027642 0.163399
11 0.119512 0.205882 0.056911 0.254902
11 0.179675 0.209150 0.053659 0.235294
11 0.240650 0.205882 0.055285 0.241830
11 0.297561 0.199346 0.058537 0.241830
11 0.656911 0.421569 0.029268 0.124183
11 0.695122 0.431373 0.047154 0.091503
0 0.818699 0.294118 0.034146 0.104575
6 0.773171 0.218954 0.060163 0.254902
7 0.892683 0.222222 0.068293 0.261438
7 0.356911 0.470588 0.060163 0.222222
2 0.600813 0.764706 0.034146 0.248366
2 0.356911 0.761438 0.027642 0.254902
2 0.313821 0.477124 0.022764 0.235294
2 0.650407 0.218954 0.045528 0.254902
1 0.711382 0.218954 0.060163 0.241830
1 0.406504 0.761438 0.061789 0.254902
5 0.417886 0.470588 0.058537 0.196078
4 0.483740 0.470588 0.060163 0.209150
4 0.508130 0.758170 0.063415 0.248366
3 0.606504 0.473856 0.052033 0.215686
8 0.551220 0.470588 0.048780 0.222222