5 0.480055 0.469613 0.060523 0.187845
7 0.350757 0.469613 0.057772 0.198895
11 0.226272 0.207182 0.061898 0.226519
11 0.286107 0.234807 0.057772 0.171271
11 0.348006 0.220994 0.057772 0.198895
11 0.655433 0.204420 0.064649 0.243094
11 0.716644 0.234807 0.057772 0.171271
11 0.777166 0.232044 0.055021 0.176796
11 0.661623 0.417127 0.027510 0.104972
11 0.698762 0.428177 0.046768 0.082873
4 0.613480 0.466851 0.057772 0.215470
4 0.547455 0.466851 0.055021 0.204420
2 0.303989 0.469613 0.022008 0.187845
1 0.406465 0.767956 0.067400 0.243094
6 0.533700 0.204420 0.063274 0.232044
2 0.354883 0.770718 0.024759 0.226519
2 0.603851 0.759669 0.027510 0.226519
1 0.094911 0.466851 0.060523 0.204420
4 0.508253 0.762431 0.067400 0.243094
3 0.469051 0.204420 0.057772 0.232044
3 0.414030 0.466851 0.057772 0.204420