2 0.345361 0.754098 0.044674 0.218579
10 0.407216 0.751366 0.079038 0.245902
4 0.467354 0.475410 0.068729 0.218579
3 0.530928 0.467213 0.058419 0.213115
6 0.591065 0.459016 0.061856 0.207650
5 0.500000 0.737705 0.072165 0.218579
7 0.573883 0.737705 0.075601 0.251366
2 0.290378 0.486339 0.044674 0.207650
10 0.338488 0.486339 0.058419 0.207650
11 0.209622 0.259563 0.068729 0.245902
11 0.271478 0.275956 0.054983 0.169399
11 0.333333 0.273224 0.068729 0.185792
11 0.627148 0.221311 0.065292 0.224044
11 0.689003 0.234973 0.058419 0.185792
11 0.754296 0.234973 0.065292 0.185792
11 0.637457 0.409836 0.024055 0.109290
11 0.676976 0.418033 0.048110 0.092896
5 0.505155 0.226776 0.068729 0.234973
1 0.091065 0.505464 0.065292 0.213115
1 0.402062 0.486339 0.068729 0.207650