11 0.691038 0.247126 0.051887 0.172414
11 0.757075 0.252874 0.061321 0.172414
11 0.344340 0.258621 0.056604 0.241379
11 0.287736 0.301724 0.056604 0.224138
11 0.219340 0.272989 0.061321 0.258621
11 0.264151 0.818966 0.047170 0.178161
11 0.641509 0.431034 0.028302 0.126437
11 0.632075 0.235632 0.066038 0.218391
3 0.521226 0.235632 0.070755 0.241379
3 0.462264 0.244253 0.056604 0.235632
11 0.679245 0.439655 0.047170 0.097701
6 0.500000 0.778736 0.075472 0.247126
3 0.349057 0.505747 0.056604 0.218391
4 0.474057 0.488506 0.051887 0.218391
10 0.596698 0.479885 0.061321 0.224138
10 0.410377 0.497126 0.066038 0.201149
10 0.403302 0.778736 0.061321 0.247126
7 0.537736 0.488506 0.056604 0.218391
8 0.577830 0.755747 0.070755 0.247126
8 0.200472 0.827586 0.042453 0.172414
1 0.101415 0.520115 0.061321 0.201149