2 0.426952 0.736111 0.037783 0.250000
2 0.356423 0.754630 0.042821 0.250000
7 0.575567 0.708333 0.078086 0.231481
2 0.523929 0.717593 0.025189 0.231481
3 0.600756 0.449074 0.057935 0.212963
0 0.629723 0.273148 0.035264 0.101852
0 0.272040 0.328704 0.035264 0.120370
11 0.646096 0.398148 0.032746 0.111111
11 0.685139 0.402778 0.055416 0.083333
11 0.459698 0.736111 0.032746 0.175926
11 0.220403 0.291667 0.073048 0.194444
11 0.100756 0.287037 0.075567 0.240741
11 0.809824 0.185185 0.057935 0.240741
11 0.875315 0.208333 0.068010 0.175926
10 0.348866 0.486111 0.057935 0.212963
4 0.540302 0.458333 0.057935 0.212963
2 0.299748 0.495370 0.035264 0.231481
1 0.697733 0.199074 0.065491 0.250000
1 0.574307 0.203704 0.075567 0.240741
1 0.096977 0.513889 0.068010 0.212963
5 0.474811 0.458333 0.062972 0.194444
3 0.408060 0.476852 0.060453 0.212963