11 0.217511 0.237458 0.064978 0.187291
5 0.537445 0.479933 0.061674 0.204013
5 0.178965 0.817726 0.056167 0.170569
8 0.398128 0.774247 0.069383 0.244147
8 0.772577 0.210702 0.062775 0.254181
6 0.651432 0.209030 0.062775 0.250836
6 0.603524 0.476589 0.061674 0.217391
6 0.494493 0.779264 0.074890 0.254181
1 0.079295 0.473244 0.066079 0.210702
11 0.249449 0.812709 0.051762 0.180602
4 0.341410 0.474916 0.059471 0.220736
11 0.090859 0.205686 0.067181 0.250836
10 0.473568 0.474916 0.061674 0.220736
11 0.895374 0.244147 0.066079 0.187291
11 0.830396 0.210702 0.057269 0.247492
11 0.654185 0.426421 0.030837 0.117057
11 0.693833 0.436455 0.048458 0.096990
0 0.696586 0.289298 0.034141 0.090301
0 0.263216 0.287625 0.035242 0.086957
9 0.571586 0.777592 0.074890 0.250836
9 0.587004 0.210702 0.061674 0.247492
2 0.523678 0.205686 0.049559 0.250836
2 0.426762 0.476589 0.023128 0.210702
3 0.273128 0.476589 0.061674 0.217391