9 0.661215 0.502247 0.070093 0.204494
3 0.427570 0.753933 0.085670 0.244944
4 0.616822 0.765169 0.080997 0.235955
3 0.590343 0.251685 0.087227 0.242697
11 0.712617 0.455056 0.035826 0.123596
11 0.759346 0.467416 0.054517 0.098876
2 0.320872 0.482022 0.046729 0.195506
7 0.379283 0.478652 0.070093 0.202247
7 0.590343 0.495506 0.071651 0.200000
1 0.448598 0.485393 0.068536 0.211236
3 0.345016 0.746067 0.085670 0.242697
1 0.516355 0.485393 0.070093 0.211236
1 0.531931 0.758427 0.091900 0.235955
11 0.253115 0.231461 0.073209 0.247191
11 0.323209 0.259551 0.066978 0.177528
11 0.388629 0.246067 0.060748 0.208989
11 0.721184 0.259551 0.071651 0.244944
11 0.791277 0.297753 0.062305 0.168539
11 0.856698 0.303371 0.077882 0.179775