8 0.401060 0.755814 0.067138 0.255814
7 0.517668 0.209302 0.067138 0.244186
2 0.287986 0.473837 0.038869 0.203488
2 0.344523 0.761628 0.045936 0.244186
10 0.340989 0.476744 0.067138 0.209302
1 0.402827 0.465116 0.063604 0.209302
5 0.468198 0.473837 0.060071 0.203488
5 0.500000 0.752907 0.074205 0.238372
7 0.535336 0.462209 0.060071 0.226744
6 0.598940 0.462209 0.067138 0.226744
6 0.574205 0.755814 0.074205 0.255814
11 0.446996 0.761628 0.024735 0.186047
11 0.648410 0.406977 0.031802 0.116279
11 0.685512 0.418605 0.042403 0.093023
11 0.210247 0.223837 0.067138 0.250000
11 0.279152 0.247093 0.056537 0.180233
11 0.340989 0.247093 0.067138 0.180233
11 0.637809 0.209302 0.060071 0.244186
11 0.703180 0.229651 0.056537 0.180233
11 0.768551 0.232558 0.067138 0.197674