11 0.458678 0.777778 0.019284 0.197531
10 0.573003 0.759259 0.071625 0.259259
10 0.754821 0.203704 0.055096 0.259259
9 0.690083 0.216049 0.063361 0.209877
9 0.398072 0.783951 0.085399 0.259259
11 0.097796 0.283951 0.057851 0.296296
11 0.163912 0.277778 0.063361 0.283951
11 0.223140 0.265432 0.055096 0.259259
11 0.279614 0.259259 0.041322 0.271605
11 0.336088 0.253086 0.055096 0.259259
11 0.398072 0.253086 0.057851 0.259259
11 0.468320 0.246914 0.071625 0.246914
11 0.644628 0.419753 0.027548 0.123457
11 0.681818 0.425926 0.035813 0.111111
3 0.413223 0.500000 0.055096 0.234568
5 0.599174 0.475309 0.063361 0.209877
6 0.345730 0.512346 0.063361 0.234568
6 0.504132 0.771605 0.071625 0.283951
5 0.472452 0.487654 0.063361 0.209877
0 0.793388 0.290123 0.033058 0.135802
1 0.870523 0.197531 0.077135 0.271605
1 0.535813 0.487654 0.063361 0.234568
2 0.297521 0.524691 0.033058 0.209877