11 0.443082 0.782209 0.028021 0.184049
11 0.341506 0.207055 0.045534 0.260736
11 0.647986 0.418712 0.028021 0.113497
11 0.688266 0.430982 0.042032 0.095092
7 0.569177 0.780675 0.070053 0.260736
1 0.391419 0.779141 0.064799 0.239264
1 0.086690 0.489264 0.061296 0.230061
2 0.528021 0.199387 0.050788 0.276074
2 0.289842 0.476994 0.033275 0.211656
3 0.601576 0.473926 0.057793 0.230061
3 0.317863 0.783742 0.068301 0.260736
9 0.535026 0.475460 0.054291 0.226994
10 0.406305 0.475460 0.059545 0.214724
10 0.471103 0.483129 0.059545 0.230061
6 0.341506 0.476994 0.059545 0.230061
4 0.495622 0.774540 0.059545 0.248466
11 0.285464 0.237730 0.059545 0.180982
11 0.774081 0.230061 0.056042 0.202454
11 0.710158 0.226994 0.061296 0.177914
11 0.647986 0.199387 0.063047 0.245399
11 0.217163 0.211656 0.059545 0.251534