11 0.335749 0.272727 0.053140 0.224599
11 0.272947 0.291444 0.053140 0.176471
11 0.210145 0.286096 0.062802 0.240642
8 0.528986 0.451872 0.053140 0.187166
7 0.461353 0.475936 0.062802 0.192513
11 0.637681 0.406417 0.028986 0.096257
2 0.442029 0.245989 0.053140 0.245989
6 0.504831 0.235294 0.072464 0.224599
11 0.676329 0.411765 0.048309 0.085561
9 0.400966 0.475936 0.067633 0.192513
11 0.268116 0.788770 0.053140 0.165775
11 0.741546 0.227273 0.062802 0.165775
11 0.681159 0.245989 0.048309 0.181818
11 0.620773 0.224599 0.062802 0.224599
7 0.586957 0.451872 0.053140 0.187166
3 0.333333 0.497326 0.067633 0.203209
5 0.497585 0.721925 0.067633 0.203209
11 0.449275 0.735294 0.019324 0.155080
10 0.398551 0.737968 0.072464 0.235294
9 0.195652 0.799465 0.053140 0.165775
4 0.572464 0.713904 0.072464 0.240642