6 0.777941 0.193182 0.067647 0.272727
7 0.904412 0.198864 0.073529 0.261364
7 0.583824 0.755682 0.079412 0.261364
7 0.341176 0.465909 0.064706 0.250000
11 0.086765 0.221591 0.067647 0.238636
11 0.150000 0.215909 0.058824 0.250000
11 0.214706 0.210227 0.064706 0.261364
11 0.273529 0.198864 0.052941 0.261364
11 0.342647 0.204545 0.073529 0.250000
9 0.604412 0.454545 0.061765 0.227273
1 0.711765 0.193182 0.058824 0.250000
1 0.541176 0.460227 0.058824 0.238636
2 0.292647 0.465909 0.026471 0.227273
2 0.347059 0.767045 0.023529 0.238636
2 0.526471 0.744318 0.029412 0.238636
11 0.700000 0.414773 0.052941 0.102273
2 0.654412 0.198864 0.055882 0.261364
5 0.407353 0.460227 0.061765 0.215909
6 0.475000 0.460227 0.061765 0.215909
0 0.829412 0.267045 0.041176 0.102273
11 0.660294 0.403409 0.032353 0.147727
1 0.400000 0.750000 0.070588 0.250000