11 0.620000 0.361364 0.034667 0.086364
11 0.666667 0.364773 0.053333 0.075000
8 0.513333 0.203409 0.066667 0.165909
11 0.473333 0.629545 0.034667 0.136364
2 0.289333 0.223864 0.034667 0.156818
2 0.642667 0.606818 0.037333 0.181818
9 0.350667 0.215909 0.072000 0.172727
9 0.590667 0.198864 0.072000 0.165909
7 0.430667 0.211364 0.072000 0.172727
3 0.326667 0.640909 0.088000 0.222727
4 0.414667 0.635227 0.077333 0.211364
5 0.534667 0.620455 0.082667 0.190909
7 0.672000 0.196591 0.069333 0.170455
11 0.252000 0.393182 0.050667 0.090909
11 0.298667 0.390909 0.042667 0.086364
11 0.341333 0.386364 0.042667 0.086364
11 0.381333 0.386364 0.037333 0.086364
11 0.418667 0.381818 0.037333 0.086364