11 0.435039 0.422619 0.043307 0.107143
10 0.629921 0.255952 0.086614 0.202381
11 0.651575 0.446429 0.043307 0.107143
11 0.704724 0.446429 0.062992 0.083333
11 0.257874 0.422619 0.043307 0.107143
11 0.307087 0.422619 0.055118 0.107143
11 0.352362 0.422619 0.035433 0.107143
11 0.391732 0.422619 0.043307 0.107143
11 0.486220 0.714286 0.043307 0.166667
7 0.374016 0.238095 0.078740 0.214286
6 0.460630 0.238095 0.078740 0.214286
1 0.543307 0.238095 0.070866 0.214286
1 0.415354 0.714286 0.098425 0.238095
1 0.635827 0.714286 0.098425 0.238095
2 0.360236 0.714286 0.035433 0.238095
9 0.716535 0.250000 0.078740 0.190476
5 0.543307 0.714286 0.086614 0.214286