11 0.282572 0.239612 0.057530 0.218837
3 0.599831 0.477839 0.059222 0.191136
11 0.342640 0.265928 0.062606 0.160665
11 0.646362 0.228532 0.060914 0.224377
11 0.704738 0.256233 0.055838 0.163435
11 0.763959 0.253463 0.055838 0.157895
11 0.647208 0.430748 0.028765 0.091413
11 0.684433 0.441828 0.045685 0.069252
3 0.464467 0.234072 0.062606 0.224377
2 0.516074 0.760388 0.023689 0.202216
2 0.346024 0.767313 0.025381 0.210526
2 0.490694 0.488920 0.020305 0.180055
2 0.296954 0.490305 0.021997 0.177285
2 0.524535 0.229917 0.037225 0.221607
10 0.406937 0.486150 0.055838 0.196676
7 0.534687 0.481994 0.057530 0.193906
6 0.342640 0.488920 0.059222 0.202216
1 0.395093 0.764543 0.065990 0.221607
11 0.222504 0.240997 0.059222 0.221607
4 0.565990 0.759003 0.062606 0.221607