11 0.681818 0.393678 0.048951 0.097701
11 0.326923 0.244253 0.066434 0.178161
11 0.265734 0.255747 0.055944 0.178161
11 0.201049 0.229885 0.059441 0.252874
10 0.396853 0.465517 0.066434 0.218391
9 0.463287 0.456897 0.059441 0.224138
9 0.333916 0.471264 0.066434 0.206897
9 0.571678 0.729885 0.073427 0.252874
3 0.447552 0.206897 0.069930 0.241379
11 0.639860 0.385057 0.034965 0.091954
4 0.496503 0.738506 0.069930 0.247126
3 0.396853 0.747126 0.073427 0.252874
3 0.323427 0.758621 0.073427 0.252874
2 0.610140 0.442529 0.031469 0.195402
2 0.288462 0.479885 0.024476 0.189655
1 0.078671 0.500000 0.059441 0.206897
11 0.751748 0.201149 0.062937 0.172414
11 0.690559 0.206897 0.059441 0.183908
11 0.629371 0.186782 0.069930 0.235632
8 0.506993 0.195402 0.062937 0.229885
7 0.531469 0.451149 0.069930 0.212644