1 0.568908 0.747922 0.065546 0.227147
2 0.434454 0.491690 0.025210 0.218837
7 0.351261 0.493075 0.053782 0.216066
5 0.477311 0.477839 0.060504 0.202216
5 0.597479 0.458449 0.062185 0.202216
1 0.405882 0.757618 0.065546 0.252078
8 0.640336 0.204986 0.063866 0.249307
2 0.305042 0.495845 0.028571 0.238227
2 0.351261 0.763158 0.030252 0.229917
4 0.703361 0.216066 0.062185 0.249307
4 0.536975 0.476454 0.048739 0.199446
4 0.499160 0.742382 0.063866 0.249307
11 0.879832 0.225762 0.062185 0.168975
11 0.812605 0.209141 0.052101 0.235457
11 0.683193 0.429363 0.042017 0.083102
11 0.643697 0.421053 0.033613 0.105263
11 0.405882 0.238227 0.042017 0.249307
11 0.350420 0.238227 0.048739 0.243767
11 0.292437 0.275623 0.047059 0.163435
11 0.227731 0.278393 0.062185 0.163435
11 0.167227 0.278393 0.052101 0.168975
11 0.107563 0.256233 0.060504 0.235457