11 0.333333 0.223982 0.059072 0.266968
11 0.092827 0.223982 0.059072 0.266968
11 0.149789 0.223982 0.063291 0.266968
11 0.210970 0.223982 0.059072 0.266968
11 0.270042 0.219457 0.059072 0.276018
11 0.392405 0.223982 0.059072 0.266968
11 0.453586 0.223982 0.063291 0.266968
11 0.641350 0.420814 0.033755 0.126697
11 0.681435 0.432127 0.046414 0.104072
9 0.691983 0.212670 0.067511 0.262443
9 0.590717 0.472851 0.059072 0.230769
10 0.757384 0.212670 0.054852 0.262443
0 0.803797 0.287330 0.037975 0.113122
1 0.875527 0.212670 0.080169 0.244344
2 0.103376 0.481900 0.037975 0.203620
2 0.284810 0.481900 0.037975 0.203620
6 0.335443 0.481900 0.063291 0.230769
1 0.398734 0.481900 0.063291 0.230769
7 0.464135 0.477376 0.067511 0.221719
3 0.527426 0.472851 0.059072 0.230769
8 0.398734 0.753394 0.080169 0.266968
3 0.487342 0.764706 0.071730 0.262443
10 0.567511 0.757919 0.071730 0.276018