11 0.067961 0.463592 0.032362 0.101942
11 0.461165 0.072816 0.042071 0.145631
11 0.145631 0.473301 0.032362 0.111650
11 0.839806 0.385922 0.067961 0.179612
11 0.105178 0.475728 0.035599 0.097087
11 0.213592 0.487864 0.038835 0.101942
11 0.181230 0.322816 0.071197 0.160194
11 0.726537 0.837379 0.035599 0.101942
8 0.247573 0.677184 0.074434 0.266990
8 0.666667 0.720874 0.077670 0.266990
6 0.331715 0.691748 0.093851 0.296117
6 0.551780 0.718447 0.080906 0.300971
10 0.440129 0.703883 0.103560 0.291262
7 0.660194 0.135922 0.116505 0.271845
6 0.537217 0.123786 0.103560 0.247573
11 0.179612 0.483010 0.029126 0.111650
11 0.765372 0.842233 0.042071 0.092233
10 0.365696 0.116505 0.097087 0.223301