9 0.360656 0.485849 0.065574 0.216981
9 0.581967 0.764151 0.062295 0.226415
11 0.659016 0.443396 0.026230 0.132075
11 0.700000 0.462264 0.055738 0.094340
11 0.122951 0.221698 0.068852 0.254717
11 0.186885 0.235849 0.045902 0.264151
11 0.459016 0.750000 0.019672 0.179245
0 0.819672 0.325472 0.032787 0.103774
11 0.244262 0.240566 0.062295 0.235849
11 0.303279 0.240566 0.062295 0.235849
11 0.365574 0.235849 0.049180 0.245283
11 0.424590 0.235849 0.068852 0.245283
1 0.549180 0.485849 0.062295 0.216981
1 0.613115 0.495283 0.052459 0.198113
1 0.713115 0.254717 0.062295 0.245283
1 0.511475 0.764151 0.072131 0.226415
1 0.413115 0.764151 0.072131 0.245283
2 0.365574 0.754717 0.016393 0.207547
2 0.655738 0.254717 0.045902 0.245283
3 0.893443 0.259434 0.068852 0.235849
7 0.777049 0.259434 0.052459 0.216981
4 0.426230 0.485849 0.052459 0.216981
4 0.486885 0.485849 0.055738 0.216981