11 0.233707 0.217910 0.062118 0.256716
11 0.460794 0.759701 0.031568 0.176119
11 0.701629 0.438806 0.050916 0.101493
11 0.658859 0.425373 0.036660 0.128358
11 0.354888 0.225373 0.074338 0.253731
11 0.292261 0.223881 0.057026 0.256716
2 0.655295 0.216418 0.047862 0.271642
11 0.108452 0.219403 0.066191 0.253731
11 0.171589 0.217910 0.064155 0.256716
1 0.101324 0.479104 0.072301 0.223881
0 0.831466 0.304478 0.035642 0.119403
7 0.900204 0.216418 0.071283 0.253731
6 0.781059 0.225373 0.065173 0.271642
1 0.713849 0.223881 0.063136 0.256716
4 0.587576 0.761194 0.071283 0.262687
3 0.335540 0.759701 0.080448 0.265672
3 0.613544 0.470149 0.062118 0.229851
3 0.547352 0.477612 0.062118 0.226866
4 0.420061 0.473134 0.051935 0.235821
7 0.358452 0.479104 0.065173 0.223881
2 0.532077 0.759701 0.039715 0.235821
2 0.429735 0.759701 0.030550 0.235821
2 0.302444 0.476119 0.036660 0.205970
1 0.483198 0.473134 0.066191 0.235821