8 0.700000 0.703297 0.080000 0.351648
8 0.284444 0.673077 0.075556 0.368132
5 0.587778 0.701465 0.091111 0.347985
5 0.484444 0.688645 0.097778 0.329670
11 0.868889 0.303114 0.062222 0.210623
11 0.214444 0.223443 0.073333 0.223443
11 0.244444 0.422161 0.035556 0.115385
11 0.207778 0.423993 0.033333 0.119048
11 0.177778 0.400183 0.035556 0.133700
11 0.136667 0.409341 0.037778 0.115385
11 0.796667 0.855311 0.046667 0.098901
11 0.098889 0.400183 0.037778 0.115385
11 0.756667 0.847070 0.033333 0.108059
7 0.363333 0.673077 0.100000 0.386447