11 0.145930 0.765381 0.080233 0.037539
11 0.186047 0.736705 0.093023 0.042753
11 0.208140 0.711679 0.069767 0.028154
0 0.628488 0.305527 0.033721 0.016684
1 0.525581 0.315433 0.183721 0.099062
11 0.222093 0.689781 0.072093 0.051095
2 0.259884 0.658498 0.105814 0.030240
1 0.590698 0.251303 0.188372 0.102190
11 0.222674 0.284150 0.156977 0.057351
11 0.291279 0.235141 0.124419 0.074035
11 0.350581 0.148592 0.154651 0.067779
11 0.306395 0.179353 0.126744 0.066736
11 0.722093 0.179353 0.095349 0.058394
11 0.672674 0.213764 0.080233 0.041710