11 0.635983 0.226829 0.066946 0.239024
4 0.600418 0.473171 0.062762 0.204878
10 0.537657 0.478049 0.062762 0.214634
5 0.474895 0.468293 0.062762 0.195122
8 0.412134 0.468293 0.062762 0.195122
3 0.345188 0.473171 0.062762 0.204878
1 0.098326 0.482927 0.062762 0.204878
5 0.518828 0.241463 0.066946 0.239024
11 0.265690 0.775610 0.054393 0.185366
11 0.447699 0.736585 0.033473 0.175610
11 0.684100 0.429268 0.054393 0.097561
11 0.644351 0.417073 0.025105 0.121951
11 0.765690 0.258537 0.066946 0.185366
11 0.698745 0.258537 0.058577 0.185366
9 0.190377 0.780488 0.062762 0.175610
11 0.347280 0.273171 0.066946 0.195122
11 0.284519 0.268293 0.058577 0.204878
11 0.223849 0.246341 0.062762 0.248780
7 0.571130 0.734146 0.079498 0.248780
6 0.497908 0.734146 0.066946 0.248780
10 0.395397 0.739024 0.071130 0.239024