11 0.451524 0.749012 0.024931 0.154150
0 0.701524 0.304348 0.031856 0.079051
0 0.274238 0.282609 0.030471 0.083004
3 0.282548 0.458498 0.063712 0.197628
4 0.348338 0.462451 0.059557 0.205534
1 0.414820 0.468379 0.062327 0.201581
8 0.483380 0.466403 0.055402 0.197628
8 0.579640 0.750988 0.065097 0.221344
10 0.545014 0.472332 0.062327 0.193676
10 0.609418 0.476285 0.058172 0.201581
10 0.400277 0.747036 0.066482 0.229249
6 0.500693 0.752964 0.070637 0.225296
5 0.186288 0.772727 0.054017 0.154150
1 0.655817 0.227273 0.065097 0.233202
1 0.777701 0.231225 0.062327 0.233202
11 0.104571 0.203557 0.062327 0.225296
11 0.229917 0.235178 0.058172 0.169960
11 0.256233 0.774704 0.047091 0.158103
11 0.658587 0.432806 0.031856 0.098814
11 0.698753 0.444664 0.048476 0.090909
11 0.835180 0.239130 0.052632 0.225296
11 0.900970 0.268775 0.065097 0.173913