11 0.362245 0.405882 0.051020 0.105882
6 0.604592 0.711765 0.096939 0.247059
2 0.410714 0.711765 0.025510 0.247059
11 0.770408 0.435294 0.081633 0.117647
11 0.716837 0.423529 0.045918 0.117647
11 0.500000 0.411765 0.051020 0.117647
11 0.451531 0.411765 0.045918 0.117647
11 0.413265 0.405882 0.030612 0.105882
11 0.311224 0.400000 0.030612 0.117647
7 0.693878 0.229412 0.081633 0.223529
8 0.716837 0.700000 0.076531 0.247059
4 0.142857 0.676471 0.071429 0.223529
4 0.426020 0.200000 0.056122 0.235294
4 0.793367 0.229412 0.076531 0.223529
3 0.482143 0.700000 0.086735 0.270588
3 0.336735 0.205882 0.081633 0.223529
6 0.515306 0.217647 0.081633 0.200000
6 0.602041 0.205882 0.071429 0.223529