2 0.362310 0.744973 0.036802 0.213894
8 0.594543 0.710238 0.077411 0.221207
8 0.553299 0.468921 0.063452 0.195612
3 0.512056 0.724863 0.062183 0.217550
3 0.468274 0.260512 0.073604 0.224863
2 0.303934 0.510969 0.031726 0.180987
2 0.432107 0.494516 0.026650 0.170018
10 0.484772 0.482633 0.065990 0.186472
10 0.411802 0.744059 0.067259 0.230347
7 0.354061 0.510055 0.068528 0.193784
7 0.536168 0.240402 0.062183 0.213894
11 0.714467 0.244059 0.063452 0.173675
11 0.661802 0.410420 0.034264 0.104205
11 0.699873 0.415905 0.041878 0.085923
11 0.347081 0.303473 0.062183 0.171846
11 0.286802 0.288848 0.060914 0.226691
11 0.220178 0.304388 0.064721 0.232176
11 0.463832 0.738574 0.031726 0.175503
11 0.655457 0.227605 0.067259 0.224863
11 0.782360 0.227605 0.054569 0.177331
5 0.615482 0.462523 0.060914 0.179159