11 0.407591 0.425000 0.036304 0.110000
4 0.381188 0.235000 0.075908 0.210000
3 0.551155 0.235000 0.072607 0.210000
3 0.293729 0.235000 0.085809 0.210000
6 0.466997 0.235000 0.082508 0.210000
6 0.429043 0.700000 0.112211 0.260000
11 0.318482 0.425000 0.049505 0.110000
11 0.716172 0.430000 0.066007 0.100000
4 0.643564 0.235000 0.066007 0.210000
11 0.661716 0.425000 0.029703 0.130000
4 0.731023 0.235000 0.082508 0.210000
3 0.653465 0.705000 0.085809 0.250000
2 0.585809 0.705000 0.036304 0.250000
11 0.272277 0.415000 0.042904 0.130000
11 0.366337 0.425000 0.046205 0.110000
11 0.452145 0.425000 0.052805 0.110000