11 0.787302 0.230000 0.050794 0.200000
3 0.484127 0.215000 0.066667 0.250000
1 0.107937 0.480000 0.057143 0.240000
10 0.546032 0.190000 0.063492 0.240000
9 0.361905 0.465000 0.057143 0.210000
6 0.520635 0.760000 0.069841 0.240000
11 0.707937 0.415000 0.044444 0.090000
11 0.301587 0.245000 0.063492 0.190000
11 0.361905 0.235000 0.069841 0.190000
11 0.722222 0.230000 0.060317 0.200000
11 0.234921 0.215000 0.057143 0.250000
2 0.512698 0.460000 0.022222 0.200000
2 0.317460 0.480000 0.019048 0.200000
5 0.595238 0.760000 0.066667 0.220000
11 0.674603 0.410000 0.028571 0.120000
6 0.422222 0.765000 0.076190 0.250000
6 0.557143 0.465000 0.060317 0.210000
8 0.626984 0.460000 0.060317 0.200000
11 0.663492 0.195000 0.057143 0.250000
4 0.428571 0.465000 0.063492 0.210000