11 0.228745 0.258621 0.060729 0.195402
11 0.099190 0.218391 0.076923 0.229885
11 0.645749 0.442529 0.036437 0.126437
11 0.819838 0.264368 0.044534 0.229885
11 0.880567 0.275862 0.060729 0.183908
11 0.686235 0.454023 0.044534 0.103448
10 0.471660 0.471264 0.060729 0.229885
4 0.342105 0.471264 0.060729 0.229885
5 0.402834 0.471264 0.060729 0.206897
5 0.601215 0.500000 0.052632 0.218391
8 0.186235 0.770115 0.048583 0.160920
2 0.342105 0.758621 0.020243 0.229885
2 0.514170 0.758621 0.024291 0.229885
3 0.566802 0.758621 0.064777 0.229885
3 0.277328 0.465517 0.052632 0.218391
1 0.536437 0.477011 0.060729 0.218391
1 0.763158 0.247126 0.052632 0.218391
1 0.641700 0.241379 0.068826 0.229885
1 0.392713 0.752874 0.064777 0.241379
0 0.692308 0.327586 0.032389 0.103448
0 0.273279 0.293103 0.036437 0.103448
11 0.443320 0.741379 0.036437 0.172414
11 0.253036 0.775862 0.044534 0.172414