5 0.903439 0.204301 0.076720 0.258065
4 0.777778 0.188172 0.058201 0.268817
4 0.420635 0.462366 0.063492 0.215054
6 0.588624 0.758065 0.071429 0.268817
6 0.550265 0.462366 0.052910 0.215054
2 0.366402 0.763441 0.023810 0.258065
2 0.310847 0.489247 0.029101 0.247312
7 0.357143 0.467742 0.052910 0.225806
3 0.514550 0.752688 0.066138 0.258065
9 0.616402 0.467742 0.052910 0.225806
1 0.415344 0.758065 0.063492 0.268817
8 0.489418 0.462366 0.047619 0.215054
10 0.711640 0.188172 0.058201 0.268817
0 0.824074 0.284946 0.034392 0.118280
11 0.665344 0.403226 0.023810 0.139785
11 0.703704 0.419355 0.052910 0.107527
11 0.109788 0.225806 0.066138 0.279570
11 0.174603 0.215054 0.052910 0.258065
11 0.230159 0.204301 0.058201 0.236559
11 0.293651 0.209677 0.052910 0.268817
11 0.349206 0.209677 0.058201 0.268817
11 0.412698 0.209677 0.058201 0.268817
11 0.477513 0.204301 0.071429 0.236559