11 0.115385 0.431641 0.053050 0.144531
11 0.161804 0.429688 0.045093 0.140625
11 0.195623 0.435547 0.022546 0.144531
11 0.234085 0.429688 0.049072 0.140625
11 0.669761 0.410156 0.050398 0.125000
11 0.730106 0.410156 0.070292 0.117188
3 0.638594 0.224609 0.078249 0.214844
6 0.731432 0.224609 0.091512 0.214844
2 0.392573 0.689453 0.050398 0.222656
8 0.461538 0.677734 0.090186 0.238281
4 0.571618 0.673828 0.084881 0.246094
7 0.664456 0.669922 0.100796 0.246094
2 0.496684 0.236328 0.043767 0.191406
3 0.557692 0.236328 0.078249 0.214844