11 0.679969 0.445000 0.045383 0.090000
11 0.640063 0.428750 0.028169 0.117500
11 0.769171 0.280000 0.064163 0.175000
11 0.703443 0.267500 0.061033 0.175000
11 0.640063 0.241250 0.062598 0.232500
11 0.341941 0.237500 0.064163 0.175000
11 0.281690 0.228750 0.056338 0.182500
11 0.219092 0.191250 0.068858 0.242500
7 0.333333 0.445000 0.062598 0.210000
1 0.083725 0.422500 0.064163 0.205000
1 0.397496 0.456250 0.062598 0.202500
2 0.284038 0.445000 0.029734 0.190000
2 0.327074 0.712500 0.031299 0.215000
4 0.464006 0.462500 0.061033 0.210000
7 0.523474 0.225000 0.070423 0.240000
4 0.592332 0.475000 0.061033 0.200000
6 0.527387 0.468750 0.056338 0.202500
9 0.381847 0.718750 0.068858 0.227500
3 0.475743 0.731250 0.075117 0.237500
5 0.551643 0.737500 0.070423 0.215000