6 0.535156 0.462791 0.060937 0.227907
11 0.685937 0.423256 0.050000 0.093023
2 0.462500 0.206977 0.053125 0.255814
2 0.592187 0.741860 0.050000 0.246512
2 0.342187 0.741860 0.043750 0.246512
9 0.525000 0.206977 0.068750 0.255814
3 0.275000 0.465116 0.068750 0.223256
3 0.407813 0.462791 0.062500 0.227907
3 0.402344 0.746512 0.076563 0.255814
5 0.342187 0.462791 0.062500 0.209302
5 0.472656 0.458140 0.064062 0.209302
1 0.599219 0.460465 0.064062 0.223256
1 0.496094 0.744186 0.085938 0.260465
11 0.638281 0.206977 0.067187 0.255814
11 0.703906 0.230233 0.060937 0.200000
11 0.768750 0.230233 0.062500 0.200000
11 0.646094 0.409302 0.029687 0.120930
11 0.221094 0.211628 0.067187 0.274419
11 0.282813 0.239535 0.056250 0.200000
11 0.346875 0.239535 0.065625 0.190698