2 0.343990 0.752381 0.028133 0.228571
2 0.510230 0.733333 0.033248 0.228571
0 0.613811 0.280952 0.046036 0.104762
0 0.257033 0.323810 0.038363 0.095238
11 0.446292 0.738095 0.028133 0.142857
11 0.205882 0.280952 0.063939 0.180952
11 0.093350 0.276190 0.074169 0.228571
11 0.675192 0.414286 0.046036 0.085714
11 0.632992 0.404762 0.028133 0.123810
11 0.861893 0.204762 0.066496 0.180952
11 0.796675 0.180952 0.063939 0.228571
10 0.335038 0.485714 0.056266 0.209524
5 0.507673 0.219048 0.063939 0.228571
6 0.524297 0.466667 0.061381 0.190476
9 0.395141 0.742857 0.074169 0.228571
9 0.686701 0.204762 0.069054 0.238095
8 0.569054 0.219048 0.063939 0.228571
8 0.569054 0.723810 0.063939 0.228571
1 0.084399 0.519048 0.056266 0.200000
3 0.590793 0.457143 0.056266 0.190476
3 0.461637 0.471429 0.063939 0.200000
3 0.398977 0.471429 0.061381 0.200000
2 0.285166 0.500000 0.028133 0.219048