11 0.770619 0.346809 0.252577 0.063830
11 0.762887 0.640426 0.237113 0.063830
11 0.760309 0.221277 0.252577 0.068085
11 0.734536 0.706383 0.180412 0.059574
11 0.739691 0.285106 0.170103 0.059574
8 0.255155 0.572340 0.252577 0.080851
7 0.525773 0.600000 0.216495 0.059574
9 0.518041 0.410638 0.231959 0.063830
2 0.520619 0.551064 0.206186 0.038298
2 0.510309 0.489362 0.216495 0.042553
2 0.237113 0.342553 0.237113 0.038298
2 0.201031 0.153191 0.195876 0.025532
3 0.208763 0.191489 0.180412 0.051064
3 0.520619 0.344681 0.206186 0.068085
10 0.239691 0.395745 0.262887 0.068085
10 0.762887 0.521277 0.237113 0.072340
1 0.239691 0.497872 0.262887 0.068085
1 0.520619 0.093617 0.206186 0.068085
11 0.201031 0.257447 0.195876 0.046809
11 0.556701 0.682979 0.103093 0.046809
11 0.569588 0.644681 0.128866 0.029787
11 0.242268 0.448936 0.185567 0.021277
11 0.742268 0.768085 0.195876 0.063830