11 0.121803 0.238095 0.036541 0.039683
11 0.204019 0.288690 0.037759 0.037698
11 0.160171 0.296627 0.040195 0.041667
11 0.119367 0.304563 0.036541 0.033730
11 0.082826 0.310516 0.029233 0.037698
11 0.813033 0.693452 0.025579 0.049603
11 0.849574 0.692460 0.037759 0.039683
11 0.208892 0.809524 0.028015 0.047619
11 0.251523 0.806548 0.040195 0.049603
11 0.283191 0.798611 0.013398 0.053571
11 0.314251 0.797619 0.036541 0.067460
11 0.068819 0.245040 0.032887 0.041667
11 0.051766 0.316468 0.035323 0.037698
11 0.658343 0.547619 0.035323 0.079365
11 0.711328 0.547619 0.058465 0.067460
11 0.755177 0.532738 0.029233 0.077381
11 0.789281 0.522817 0.036541 0.085317
1 0.371498 0.237103 0.060901 0.117063
1 0.524361 0.468254 0.208283 0.333333
6 0.440926 0.223214 0.060901 0.125000
2 0.346529 0.790675 0.018270 0.057540
2 0.247259 0.255952 0.019488 0.107143
3 0.288063 0.250992 0.052375 0.121032
4 0.648599 0.706349 0.054811 0.103175
8 0.776492 0.677579 0.049939 0.109127
8 0.716200 0.693452 0.060901 0.117063
11 0.329476 0.250992 0.013398 0.069444
11 0.530451 0.177579 0.037759 0.057540
11 0.490865 0.184524 0.031669 0.059524
11 0.161998 0.229167 0.036541 0.037698
11 0.096224 0.243056 0.014616 0.045635