2 0.440559 0.747525 0.055944 0.247525
4 0.611888 0.460396 0.055944 0.207921
4 0.547203 0.465347 0.073427 0.217822
5 0.589161 0.727723 0.073427 0.207921
5 0.510490 0.737624 0.076923 0.227723
5 0.417832 0.480198 0.059441 0.207921
11 0.115385 0.277228 0.062937 0.237624
11 0.176573 0.267327 0.059441 0.237624
11 0.236014 0.262376 0.059441 0.227723
11 0.297203 0.252475 0.069930 0.227723
11 0.405594 0.242574 0.055944 0.227723
11 0.472028 0.242574 0.062937 0.227723
11 0.657343 0.410891 0.027972 0.128713
11 0.697552 0.420792 0.052448 0.108911
10 0.702797 0.207921 0.062937 0.237624
3 0.765734 0.202970 0.055944 0.247525
0 0.814685 0.277228 0.034965 0.099010
1 0.886364 0.198020 0.080420 0.237624
1 0.482517 0.475248 0.062937 0.198020
2 0.305944 0.490099 0.045455 0.188119
2 0.367133 0.747525 0.055944 0.247525
7 0.360140 0.490099 0.055944 0.207921