11 0.164537 0.552163 0.028754 0.071247
11 0.194888 0.559796 0.031949 0.071247
11 0.231629 0.562341 0.035144 0.071247
11 0.787540 0.877863 0.041534 0.055980
11 0.746006 0.868957 0.035144 0.063613
8 0.269968 0.704835 0.073482 0.198473
9 0.464856 0.750636 0.092652 0.254453
9 0.575080 0.769720 0.108626 0.216285
2 0.316294 0.260814 0.070288 0.226463
1 0.702875 0.318066 0.127796 0.249364
1 0.410543 0.272265 0.124601 0.249364
3 0.571885 0.305344 0.127796 0.259542
11 0.089457 0.539440 0.031949 0.066158
6 0.354633 0.725191 0.089457 0.213740
6 0.672524 0.782443 0.099042 0.226463
11 0.490415 0.286260 0.035144 0.119593
11 0.864217 0.557252 0.060703 0.101781
11 0.207668 0.445293 0.063898 0.106870
11 0.124601 0.549618 0.038339 0.071247