11 0.641156 0.445026 0.030612 0.104712
11 0.352041 0.238220 0.064626 0.204188
11 0.285714 0.238220 0.054422 0.162304
11 0.229592 0.212042 0.057823 0.235602
11 0.756803 0.285340 0.057823 0.172775
11 0.695578 0.287958 0.057823 0.157068
11 0.636054 0.246073 0.054422 0.219895
11 0.440476 0.738220 0.023810 0.178010
5 0.530612 0.473822 0.061224 0.204188
11 0.676871 0.455497 0.054422 0.094241
10 0.561224 0.746073 0.068027 0.235602
1 0.404762 0.463351 0.054422 0.204188
1 0.392857 0.730366 0.064626 0.246073
4 0.591837 0.486911 0.054422 0.209424
4 0.488095 0.738220 0.057823 0.230366
3 0.523810 0.238220 0.068027 0.235602
2 0.343537 0.748691 0.027211 0.261780
2 0.488095 0.471204 0.030612 0.209424
2 0.299320 0.460733 0.034014 0.209424
10 0.343537 0.455497 0.061224 0.198953