11 0.677586 0.440751 0.041379 0.083815
7 0.343966 0.485549 0.060345 0.202312
9 0.523276 0.232659 0.063793 0.234104
9 0.592241 0.478324 0.060345 0.199422
9 0.560345 0.752890 0.068966 0.228324
2 0.299138 0.489884 0.025862 0.187861
2 0.346552 0.760116 0.031034 0.213873
2 0.510345 0.755780 0.027586 0.210983
1 0.408621 0.482659 0.062069 0.202312
1 0.397414 0.755780 0.067241 0.222543
5 0.472414 0.484104 0.062069 0.187861
8 0.534483 0.476879 0.051724 0.202312
11 0.641379 0.432081 0.027586 0.101156
11 0.228448 0.232659 0.063793 0.245665
11 0.291379 0.267341 0.058621 0.170520
11 0.347414 0.235549 0.043103 0.239884
11 0.637069 0.228324 0.063793 0.236994
11 0.697414 0.261561 0.056897 0.176301
11 0.759483 0.260116 0.067241 0.173410