11 0.645333 0.218254 0.064000 0.230159
11 0.342667 0.226190 0.061333 0.182540
11 0.282667 0.194444 0.058667 0.246032
11 0.220000 0.198413 0.056000 0.238095
11 0.709333 0.253968 0.058667 0.158730
11 0.766667 0.242063 0.056000 0.166667
11 0.652000 0.420635 0.029333 0.111111
11 0.692000 0.452381 0.050667 0.079365
2 0.465333 0.214286 0.040000 0.238095
2 0.360000 0.464286 0.026667 0.198413
2 0.298667 0.464286 0.026667 0.198413
2 0.346667 0.753968 0.026667 0.222222
6 0.526667 0.218254 0.066667 0.230159
1 0.493333 0.753968 0.069333 0.238095
1 0.396000 0.750000 0.072000 0.230159
5 0.569333 0.769841 0.072000 0.238095
7 0.538667 0.476190 0.064000 0.206349
7 0.472000 0.476190 0.064000 0.206349
7 0.405333 0.460317 0.064000 0.206349
6 0.604000 0.476190 0.066667 0.206349