11 0.703655 0.725806 0.044386 0.161290
11 0.664491 0.697581 0.028721 0.185484
11 0.233681 0.342742 0.065274 0.411290
2 0.313316 0.766129 0.052219 0.387097
11 0.356397 0.407258 0.060052 0.314516
11 0.660574 0.350806 0.062663 0.427419
11 0.720627 0.415323 0.052219 0.298387
11 0.788512 0.423387 0.052219 0.314516
5 0.553525 0.782258 0.062663 0.354839
7 0.485640 0.774194 0.062663 0.370968
9 0.421671 0.782258 0.054830 0.387097
8 0.621410 0.766129 0.052219 0.387097
8 0.539164 0.354839 0.060052 0.451613
3 0.479112 0.346774 0.060052 0.435484
2 0.374674 0.786290 0.033943 0.346774
11 0.293734 0.399194 0.060052 0.298387