2 0.532503 0.799652 0.027086 0.240418
11 0.267064 0.858885 0.048754 0.191638
11 0.226436 0.226481 0.060672 0.243902
6 0.536836 0.205575 0.063922 0.257840
11 0.350488 0.252613 0.057421 0.191638
11 0.780065 0.231707 0.047671 0.184669
11 0.665222 0.432056 0.030336 0.118467
11 0.286566 0.257840 0.063922 0.195122
4 0.093716 0.505226 0.053088 0.216028
3 0.473998 0.216028 0.055255 0.250871
2 0.303359 0.503484 0.023835 0.219512
11 0.716143 0.233449 0.056338 0.195122
11 0.701517 0.444251 0.046587 0.094077
11 0.656555 0.205575 0.058505 0.250871
2 0.371073 0.494774 0.018418 0.202091
2 0.157096 0.858885 0.019502 0.170732
2 0.356446 0.815331 0.026002 0.243902
10 0.547671 0.489547 0.057421 0.212544
10 0.407909 0.804878 0.068256 0.264808
9 0.417118 0.494774 0.060672 0.229965
7 0.580715 0.803136 0.065005 0.261324
7 0.483749 0.494774 0.063922 0.229965
4 0.612134 0.486063 0.054171 0.240418
6 0.192308 0.858885 0.050921 0.191638