7 0.577441 0.692308 0.070707 0.199095
11 0.461279 0.726244 0.020202 0.131222
11 0.264310 0.323529 0.057239 0.167421
11 0.324916 0.339367 0.063973 0.135747
11 0.611111 0.239819 0.070707 0.199095
11 0.676768 0.257919 0.053872 0.135747
11 0.730640 0.239819 0.053872 0.135747
11 0.634680 0.407240 0.030303 0.072398
11 0.668350 0.404977 0.043771 0.067873
3 0.437710 0.285068 0.067340 0.199095
3 0.341751 0.753394 0.063973 0.194570
10 0.402357 0.497738 0.063973 0.162896
7 0.466330 0.477376 0.063973 0.158371
1 0.415825 0.730769 0.070707 0.194570
5 0.508418 0.701357 0.074074 0.162896
5 0.590909 0.447964 0.063973 0.144796
11 0.200337 0.339367 0.057239 0.180995
4 0.530303 0.466063 0.057239 0.162896
4 0.498316 0.266968 0.067340 0.190045
2 0.297980 0.527149 0.030303 0.149321
1 0.095960 0.576923 0.057239 0.158371
9 0.338384 0.511312 0.063973 0.153846