1 0.537425 0.226087 0.062874 0.226087
3 0.579341 0.760870 0.080838 0.252174
10 0.480539 0.478261 0.056886 0.208696
11 0.655689 0.430435 0.029940 0.113043
11 0.697605 0.452174 0.047904 0.104348
1 0.401198 0.756522 0.065868 0.243478
1 0.502994 0.769565 0.065868 0.269565
3 0.477545 0.230435 0.062874 0.234783
2 0.353293 0.743478 0.035928 0.234783
9 0.347305 0.478261 0.065868 0.226087
11 0.714072 0.256522 0.056886 0.165217
11 0.779940 0.273913 0.056886 0.182609
7 0.546407 0.482609 0.062874 0.217391
4 0.613772 0.491304 0.047904 0.217391
4 0.417665 0.478261 0.056886 0.226087
11 0.353293 0.239130 0.065868 0.165217
11 0.291916 0.252174 0.056886 0.191304
11 0.224551 0.221739 0.059880 0.217391
11 0.654192 0.239130 0.056886 0.252174
11 0.452096 0.778261 0.023952 0.200000