10 0.526718 0.472074 0.064885 0.215426
2 0.635496 0.226064 0.047710 0.244681
2 0.276718 0.485372 0.028626 0.199468
11 0.385019 0.232713 0.065840 0.236702
2 0.586355 0.763298 0.025763 0.239362
2 0.332538 0.763298 0.033397 0.239362
1 0.062977 0.485372 0.062977 0.210106
1 0.698950 0.218085 0.062023 0.239362
1 0.888359 0.216755 0.072519 0.247340
0 0.809637 0.293883 0.042939 0.103723
11 0.682729 0.434840 0.052481 0.087766
11 0.641698 0.425532 0.033397 0.117021
11 0.071088 0.235372 0.060115 0.247340
11 0.134542 0.235372 0.057252 0.236702
11 0.195134 0.234043 0.060115 0.239362
11 0.258111 0.235372 0.062023 0.236702
11 0.322519 0.232713 0.061069 0.236702
8 0.389313 0.756649 0.062977 0.236702
5 0.489981 0.764628 0.084924 0.226064
4 0.393607 0.477394 0.062023 0.210106
4 0.594943 0.474734 0.058206 0.204787
6 0.458969 0.474734 0.062977 0.210106
7 0.322996 0.482713 0.062023 0.220745
8 0.763836 0.222074 0.065840 0.242021