11 0.680212 0.420000 0.045936 0.085714
11 0.641343 0.410000 0.028269 0.105714
11 0.757067 0.238571 0.061837 0.162857
2 0.346290 0.748571 0.024735 0.217143
11 0.697880 0.238571 0.056537 0.162857
11 0.637809 0.212857 0.060071 0.225714
11 0.338339 0.268571 0.061837 0.171429
11 0.280035 0.241429 0.058304 0.225714
11 0.218198 0.245714 0.061837 0.222857
2 0.295936 0.484286 0.026502 0.197143
9 0.467314 0.467143 0.054770 0.191429
9 0.394876 0.741429 0.065371 0.214286
3 0.521201 0.221429 0.060071 0.225714
1 0.402827 0.477143 0.060071 0.200000
1 0.090989 0.492857 0.058304 0.185714
7 0.340106 0.478571 0.058304 0.197143
2 0.459364 0.228571 0.045936 0.240000
10 0.531802 0.464286 0.060071 0.197143
11 0.444346 0.738571 0.026502 0.162857
10 0.592756 0.460000 0.054770 0.194286
8 0.568905 0.727143 0.060071 0.214286
4 0.494700 0.735714 0.060071 0.225714