11 0.700000 0.445848 0.050932 0.133574
11 0.659006 0.435018 0.028571 0.140794
5 0.575776 0.768953 0.083230 0.259928
0 0.273292 0.283394 0.047205 0.119134
0 0.698137 0.305054 0.049689 0.133574
11 0.103106 0.198556 0.081988 0.274368
11 0.250932 0.788809 0.064596 0.220217
11 0.826708 0.240072 0.060870 0.277978
11 0.896894 0.274368 0.079503 0.216606
1 0.088820 0.458484 0.080745 0.259928
1 0.398758 0.756318 0.081988 0.277978
1 0.493168 0.768953 0.086957 0.288809
2 0.648447 0.232852 0.054658 0.263538
2 0.592547 0.227437 0.054658 0.274368
2 0.340994 0.754513 0.038509 0.252708
11 0.222360 0.240072 0.079503 0.220217
3 0.275776 0.465704 0.077019 0.252708
4 0.345342 0.469314 0.067081 0.252708
6 0.412422 0.474729 0.072050 0.256318
8 0.477019 0.471119 0.067081 0.241877
7 0.538509 0.481949 0.070807 0.249097
4 0.608075 0.483755 0.070807 0.259928
4 0.180745 0.785199 0.065839 0.220217
3 0.527950 0.223827 0.081988 0.274368
1 0.765839 0.240072 0.068323 0.285199