7 0.408438 0.465969 0.059246 0.209424
1 0.525135 0.214660 0.062837 0.219895
2 0.360862 0.479058 0.043088 0.214660
2 0.300718 0.471204 0.041293 0.209424
2 0.458707 0.214660 0.044883 0.240838
0 0.271095 0.290576 0.035907 0.099476
11 0.222621 0.238220 0.061041 0.162304
11 0.105925 0.219895 0.078995 0.240838
6 0.584381 0.214660 0.062837 0.230366
4 0.500000 0.753927 0.070018 0.230366
4 0.094255 0.468586 0.059246 0.193717
2 0.149013 0.790576 0.032316 0.188482
2 0.419210 0.748691 0.034111 0.230366
0 0.629264 0.295812 0.034111 0.099476
5 0.702873 0.219895 0.077199 0.230366
5 0.184919 0.795812 0.050269 0.188482
8 0.474865 0.458115 0.059246 0.193717
8 0.573609 0.740838 0.062837 0.256545
3 0.323160 0.751309 0.075404 0.246073
3 0.535009 0.468586 0.061041 0.204188
3 0.600539 0.468586 0.059246 0.193717
11 0.817774 0.222513 0.066427 0.246073
11 0.889587 0.222513 0.066427 0.246073
11 0.649910 0.431937 0.035907 0.120419
11 0.686715 0.431937 0.044883 0.089005
11 0.262118 0.790576 0.061041 0.188482