1 0.767932 0.217949 0.059072 0.230769
11 0.103376 0.192308 0.063291 0.230769
11 0.227848 0.224359 0.059072 0.192308
11 0.822785 0.224359 0.042194 0.217949
11 0.888186 0.250000 0.063291 0.192308
11 0.651899 0.429487 0.029536 0.115385
11 0.689873 0.435897 0.037975 0.076923
11 0.255274 0.788462 0.046414 0.166667
10 0.396624 0.762821 0.067511 0.243590
5 0.497890 0.756410 0.067511 0.230769
4 0.569620 0.769231 0.067511 0.230769
4 0.185654 0.788462 0.050633 0.166667
4 0.603376 0.480769 0.059072 0.217949
4 0.348101 0.467949 0.054852 0.217949
3 0.274262 0.461538 0.059072 0.205128
8 0.542194 0.474359 0.054852 0.205128
8 0.476793 0.467949 0.050633 0.192308
8 0.415612 0.461538 0.054852 0.205128
0 0.694093 0.294872 0.029536 0.076923
0 0.270042 0.275641 0.033755 0.089744
1 0.090717 0.448718 0.063291 0.205128
1 0.649789 0.217949 0.059072 0.230769
11 0.449367 0.762821 0.021097 0.166667