11 0.472222 0.223404 0.064103 0.244681
3 0.767094 0.212766 0.064103 0.234043
10 0.705128 0.215426 0.059829 0.228723
10 0.606838 0.468085 0.059829 0.212766
1 0.576923 0.755319 0.068376 0.244681
1 0.884615 0.204787 0.059829 0.239362
1 0.482906 0.478723 0.059829 0.212766
3 0.416667 0.478723 0.055556 0.212766
3 0.502137 0.755319 0.072650 0.255319
7 0.547009 0.473404 0.059829 0.223404
7 0.354701 0.481383 0.059829 0.207447
2 0.311966 0.489362 0.025641 0.191489
2 0.431624 0.763298 0.025641 0.218085
2 0.361111 0.763298 0.029915 0.218085
0 0.814103 0.281915 0.029915 0.095745
11 0.692308 0.436170 0.051282 0.095745
11 0.653846 0.420213 0.025641 0.106383
11 0.410256 0.234043 0.059829 0.244681
11 0.292735 0.239362 0.064103 0.244681
11 0.232906 0.239362 0.064103 0.244681
11 0.175214 0.242021 0.059829 0.228723
11 0.117521 0.244681 0.064103 0.234043