11 0.252212 0.792208 0.053097 0.207792
11 0.099558 0.207792 0.075221 0.259740
11 0.902655 0.266234 0.070796 0.194805
11 0.834071 0.240260 0.048673 0.246753
11 0.225664 0.233766 0.070796 0.207792
11 0.696903 0.454545 0.048673 0.103896
11 0.657080 0.422078 0.030973 0.116883
9 0.577434 0.779221 0.075221 0.259740
0 0.701327 0.298701 0.030973 0.103896
0 0.272124 0.285714 0.030973 0.103896
6 0.546460 0.474026 0.066372 0.220779
6 0.480088 0.474026 0.066372 0.220779
6 0.413717 0.467532 0.066372 0.233766
5 0.181416 0.785714 0.061947 0.168831
2 0.347345 0.759740 0.030973 0.220779
4 0.349558 0.467532 0.061947 0.233766
3 0.606195 0.474026 0.061947 0.220779
3 0.278761 0.467532 0.070796 0.233766
1 0.497788 0.766234 0.075221 0.259740
1 0.402655 0.766234 0.079646 0.259740
1 0.776549 0.233766 0.066372 0.259740
1 0.652655 0.214286 0.066372 0.246753