8 0.276744 0.709472 0.079070 0.344262
11 0.847674 0.234973 0.072093 0.182149
11 0.800000 0.776867 0.051163 0.089253
11 0.759302 0.771403 0.034884 0.092896
7 0.681395 0.668488 0.093023 0.357013
2 0.601163 0.678506 0.058140 0.322404
10 0.476744 0.693989 0.102326 0.331512
6 0.369767 0.704918 0.083721 0.342441
11 0.236047 0.489982 0.030233 0.105647
11 0.202326 0.489982 0.032558 0.105647
11 0.168605 0.490893 0.034884 0.111111
11 0.132558 0.492714 0.037209 0.114754
11 0.094186 0.493625 0.039535 0.105647
11 0.198837 0.312386 0.058140 0.169399