8 0.418208 0.466448 0.056899 0.238953
11 0.107397 0.193944 0.078236 0.270049
11 0.226174 0.231588 0.068279 0.207856
11 0.834282 0.240589 0.064011 0.261866
11 0.906117 0.271686 0.071124 0.199673
11 0.662162 0.431260 0.032717 0.145663
11 0.704836 0.449264 0.049787 0.109656
11 0.450925 0.767594 0.028450 0.183306
6 0.531294 0.220949 0.072546 0.261866
6 0.600996 0.222586 0.058321 0.265139
0 0.647937 0.301964 0.035562 0.106383
7 0.721906 0.232406 0.075391 0.261866
2 0.302276 0.464812 0.046942 0.225859
2 0.364865 0.466448 0.041252 0.222586
2 0.564011 0.481997 0.032717 0.214403
2 0.343528 0.758592 0.035562 0.250409
5 0.482219 0.472177 0.068279 0.211129
3 0.612376 0.481997 0.064011 0.230769
9 0.400427 0.760229 0.069701 0.270049
4 0.502134 0.769231 0.071124 0.281506
1 0.578236 0.774959 0.075391 0.270049
0 0.279516 0.279869 0.035562 0.121113