10 0.684087 0.702765 0.053672 0.118280
11 0.640301 0.543779 0.043315 0.089094
11 0.742467 0.526882 0.031073 0.095238
11 0.692561 0.543779 0.059322 0.070661
1 0.499058 0.473886 0.197740 0.348694
11 0.779661 0.517665 0.043315 0.086022
7 0.251883 0.237327 0.078154 0.136713
6 0.617702 0.711982 0.060264 0.112135
10 0.405838 0.212750 0.060264 0.130568
11 0.504237 0.168203 0.040490 0.069124
11 0.250942 0.812596 0.014124 0.104455
11 0.217985 0.817972 0.040490 0.075269
11 0.841808 0.699693 0.047081 0.050691
11 0.464218 0.178955 0.043315 0.062980
3 0.337100 0.224270 0.062147 0.125960
7 0.754237 0.684332 0.052731 0.105991
2 0.313559 0.804916 0.022599 0.086022
11 0.801789 0.698925 0.029190 0.067588
11 0.171846 0.817204 0.038606 0.073733
11 0.278249 0.803379 0.034840 0.082949