6 0.702020 0.187500 0.070707 0.162500
6 0.544192 0.229167 0.073232 0.170833
6 0.577020 0.593750 0.078283 0.200000
2 0.488636 0.236458 0.037879 0.152083
10 0.622475 0.210417 0.073232 0.162500
3 0.372475 0.647917 0.078283 0.204167
4 0.463384 0.628125 0.078283 0.193750
5 0.664141 0.566667 0.080808 0.170833
0 0.662879 0.258333 0.022727 0.037500
11 0.657828 0.345833 0.037879 0.091667
11 0.217172 0.459375 0.040404 0.097917
11 0.184343 0.460417 0.020202 0.087500
11 0.155303 0.470833 0.047980 0.083333
11 0.108586 0.480208 0.040404 0.093750
11 0.521465 0.609375 0.032828 0.139583
11 0.703283 0.346875 0.053030 0.064583