10 0.412596 0.464706 0.069409 0.247059
10 0.399743 0.776471 0.079692 0.305882
4 0.476864 0.452941 0.059126 0.247059
11 0.893316 0.176471 0.079692 0.258824
11 0.771208 0.205882 0.066838 0.223529
11 0.705656 0.182353 0.064267 0.270588
11 0.349614 0.223529 0.071979 0.211765
11 0.284062 0.235294 0.053985 0.235294
8 0.586118 0.770588 0.077121 0.294118
8 0.611825 0.464706 0.051414 0.247059
3 0.344473 0.464706 0.066838 0.223529
3 0.525707 0.188235 0.069409 0.258824
3 0.544987 0.452941 0.066838 0.247059
3 0.500000 0.770588 0.079692 0.294118
11 0.223650 0.211765 0.066838 0.282353
11 0.655527 0.400000 0.030848 0.141176
11 0.695373 0.411765 0.048843 0.117647
11 0.831620 0.217647 0.053985 0.200000
11 0.097686 0.223529 0.066838 0.282353
11 0.158098 0.241176 0.053985 0.223529
2 0.592545 0.188235 0.053985 0.258824
2 0.146530 0.823529 0.046272 0.211765
2 0.199229 0.829412 0.033419 0.223529
11 0.260925 0.823529 0.059126 0.211765