9 0.810197 0.452680 0.111794 0.168757
2 0.410934 0.521095 0.050369 0.184721
1 0.517813 0.508552 0.126536 0.189282
6 0.675061 0.472064 0.116708 0.184721
11 0.278870 0.431015 0.049140 0.054732
11 0.724816 0.220068 0.044226 0.050171
11 0.722359 0.346066 0.027027 0.037628
11 0.747543 0.342645 0.020885 0.039909
11 0.770885 0.338084 0.023342 0.037628
11 0.794840 0.332953 0.024570 0.038769
11 0.820639 0.327252 0.027027 0.036488
1 0.460688 0.777651 0.076167 0.123147
11 0.305283 0.710946 0.030713 0.042189
11 0.337838 0.705815 0.029484 0.041049
11 0.371007 0.697834 0.029484 0.041049
4 0.352580 0.803877 0.076167 0.120867
8 0.565725 0.744584 0.072482 0.104903
10 0.667076 0.729190 0.071253 0.115165
7 0.765971 0.706385 0.072482 0.115165