3 0.220000 0.200855 0.190000 0.042735
2 0.520000 0.557692 0.210000 0.038462
2 0.520000 0.615385 0.210000 0.025641
2 0.257500 0.356838 0.245000 0.029915
2 0.220000 0.166667 0.190000 0.025641
3 0.520000 0.354701 0.210000 0.068376
8 0.767500 0.521368 0.245000 0.076923
8 0.530000 0.414530 0.210000 0.051282
10 0.530000 0.480769 0.210000 0.064103
10 0.262500 0.405983 0.235000 0.068376
6 0.262500 0.504274 0.235000 0.068376
5 0.267500 0.572650 0.225000 0.068376
11 0.750000 0.230769 0.230000 0.068376
11 0.750000 0.292735 0.230000 0.055556
11 0.725000 0.352564 0.200000 0.064103
11 0.762500 0.636752 0.235000 0.059829
11 0.740000 0.696581 0.190000 0.059829
11 0.745000 0.756410 0.200000 0.059829
11 0.262500 0.450855 0.165000 0.021368
11 0.222500 0.271368 0.175000 0.055556
11 0.572500 0.643162 0.125000 0.029915
11 0.565000 0.688034 0.100000 0.042735