2 0.637037 0.529762 0.051852 0.202381
2 0.340741 0.508929 0.037037 0.196429
1 0.405556 0.511905 0.092593 0.202381
5 0.503704 0.520833 0.103704 0.172619
11 0.546296 0.761905 0.077778 0.119048
11 0.861111 0.776786 0.077778 0.148810
11 0.877778 0.610119 0.059259 0.113095
11 0.822222 0.604167 0.022222 0.101190
11 0.772222 0.604167 0.048148 0.113095
11 0.720370 0.589286 0.040741 0.119048
11 0.831481 0.488095 0.055556 0.083333
11 0.766667 0.467262 0.059259 0.113095
0 0.553704 0.619048 0.040741 0.047619