7 0.475460 0.456332 0.263804 0.065502
11 0.423313 0.301310 0.122699 0.043668
11 0.414110 0.342795 0.141104 0.030568
11 0.815951 0.543668 0.208589 0.030568
11 0.208589 0.908297 0.306748 0.069869
0 0.233129 0.183406 0.134969 0.034934
10 0.174847 0.288210 0.288344 0.061135
8 0.797546 0.412664 0.294479 0.074236
7 0.500000 0.657205 0.276074 0.056769
5 0.484663 0.587336 0.257669 0.082969
5 0.168712 0.098253 0.300613 0.082969
4 0.168712 0.224891 0.312883 0.065502
1 0.815951 0.593886 0.319018 0.078603
3 0.797546 0.495633 0.294479 0.065502
2 0.478528 0.504367 0.257669 0.030568
2 0.490798 0.705240 0.269939 0.030568
2 0.828221 0.648472 0.306748 0.030568
9 0.472393 0.393013 0.269939 0.069869