2 0.474763 0.218009 0.047319 0.255924
3 0.337539 0.767773 0.075710 0.255924
1 0.511830 0.774882 0.077287 0.251185
11 0.784700 0.244076 0.058360 0.175355
11 0.721609 0.244076 0.064669 0.175355
11 0.658517 0.215640 0.064669 0.232227
11 0.229495 0.222749 0.064669 0.246445
11 0.293375 0.248815 0.059937 0.184834
11 0.355678 0.244076 0.061514 0.175355
11 0.662461 0.426540 0.028391 0.113744
11 0.701893 0.433649 0.047319 0.099526
9 0.354890 0.473934 0.066246 0.218009
9 0.485016 0.478673 0.064669 0.218009
9 0.549685 0.469194 0.061514 0.218009
9 0.615931 0.473934 0.061514 0.227488
9 0.535489 0.215640 0.067823 0.260664
2 0.433754 0.767773 0.031546 0.236967
2 0.607256 0.770142 0.031546 0.222749
4 0.421136 0.478673 0.056782 0.236967