11 0.648330 0.407975 0.027505 0.104294
11 0.686640 0.420245 0.041257 0.092025
2 0.301572 0.481595 0.033399 0.214724
2 0.362475 0.481595 0.021611 0.214724
10 0.603143 0.463190 0.058939 0.226994
1 0.573674 0.763804 0.070727 0.263804
8 0.527505 0.199387 0.072692 0.251534
9 0.538310 0.463190 0.058939 0.226994
11 0.704322 0.223926 0.053045 0.190184
3 0.500982 0.763804 0.066798 0.263804
2 0.461690 0.202454 0.039293 0.257669
11 0.220039 0.223926 0.058939 0.251534
11 0.283890 0.217791 0.060904 0.263804
11 0.347741 0.236196 0.058939 0.190184
11 0.640472 0.190184 0.062868 0.269939
11 0.765226 0.217791 0.056974 0.190184
9 0.471513 0.466258 0.058939 0.220859
7 0.410609 0.478528 0.058939 0.233129
1 0.405697 0.776074 0.068762 0.263804
2 0.350688 0.776074 0.025540 0.251534