5 0.628866 0.657233 0.082474 0.194969
4 0.522337 0.231132 0.068729 0.172956
4 0.604811 0.221698 0.068729 0.166667
11 0.259450 0.415094 0.044674 0.088050
11 0.305842 0.415094 0.048110 0.088050
11 0.345361 0.413522 0.044674 0.091195
11 0.386598 0.411950 0.044674 0.088050
11 0.426117 0.405660 0.041237 0.088050
4 0.542955 0.661950 0.082474 0.210692
11 0.634021 0.393082 0.037801 0.088050
9 0.353952 0.240566 0.068729 0.172956
2 0.706186 0.215409 0.024055 0.154088
2 0.297251 0.245283 0.030928 0.163522
11 0.678694 0.402516 0.058419 0.069182
11 0.482818 0.669811 0.030928 0.138365
1 0.422680 0.671384 0.082474 0.210692
9 0.438144 0.234277 0.072165 0.172956