4 0.555556 0.676768 0.071895 0.262626
9 0.643791 0.196970 0.078431 0.191919
10 0.647059 0.686869 0.091503 0.242424
10 0.555556 0.186869 0.071895 0.232323
6 0.470588 0.186869 0.084967 0.232323
4 0.385621 0.176768 0.078431 0.212121
3 0.299020 0.176768 0.075163 0.212121
2 0.362745 0.671717 0.026144 0.252525
1 0.733660 0.196970 0.088235 0.212121
1 0.426471 0.671717 0.088235 0.252525
11 0.447712 0.393939 0.045752 0.121212
11 0.408497 0.388889 0.032680 0.111111
11 0.369281 0.378788 0.045752 0.131313
11 0.323529 0.383838 0.052288 0.121212
11 0.274510 0.378788 0.045752 0.131313
11 0.666667 0.393939 0.045752 0.141414
11 0.718954 0.409091 0.065359 0.111111
11 0.493464 0.671717 0.032680 0.212121