11 0.688503 0.462963 0.045455 0.086420
11 0.645722 0.253086 0.072193 0.234568
11 0.268717 0.790123 0.056150 0.197531
1 0.569519 0.759259 0.064171 0.234568
1 0.529412 0.253086 0.058824 0.234568
3 0.347594 0.487654 0.058824 0.185185
3 0.463904 0.240741 0.056150 0.209877
2 0.425134 0.759259 0.021390 0.234568
2 0.356952 0.777778 0.029412 0.246914
5 0.199198 0.790123 0.050802 0.172840
8 0.609626 0.506173 0.058824 0.197531
6 0.540107 0.487654 0.064171 0.209877
7 0.474599 0.481481 0.066845 0.197531
7 0.413102 0.481481 0.056150 0.197531
1 0.109626 0.481481 0.058824 0.197531
11 0.711230 0.290123 0.058824 0.185185
11 0.228610 0.246914 0.066845 0.246914
11 0.768717 0.290123 0.056150 0.185185
11 0.290107 0.271605 0.056150 0.172840
11 0.355615 0.240741 0.058824 0.209877
3 0.497326 0.759259 0.064171 0.234568
11 0.454545 0.765432 0.021390 0.172840
11 0.649733 0.444444 0.037433 0.123457