8 0.453744 0.476923 0.052863 0.205128
1 0.545521 0.765385 0.066079 0.243590
1 0.375918 0.774359 0.061674 0.235897
2 0.328928 0.776923 0.023495 0.220513
2 0.281938 0.494872 0.023495 0.194872
2 0.597651 0.479487 0.023495 0.210256
3 0.445668 0.225641 0.063142 0.256410
10 0.511747 0.219231 0.063142 0.243590
10 0.518355 0.482051 0.058737 0.230769
11 0.666667 0.437179 0.049927 0.079487
10 0.389868 0.493590 0.057269 0.217949
6 0.326725 0.489744 0.054332 0.220513
6 0.471366 0.776923 0.070485 0.241026
11 0.423642 0.774359 0.019090 0.174359
11 0.627753 0.212821 0.066079 0.246154
11 0.687959 0.244872 0.054332 0.192308
11 0.746696 0.242308 0.063142 0.187179
11 0.628488 0.429487 0.029369 0.115385
11 0.206314 0.232051 0.057269 0.253846
11 0.268722 0.264103 0.058737 0.179487
11 0.328928 0.258974 0.064611 0.189744