10 0.332031 0.500000 0.065104 0.218182
2 0.507812 0.731818 0.026042 0.245455
1 0.563802 0.704545 0.075521 0.227273
1 0.085938 0.554545 0.067708 0.200000
3 0.398438 0.481818 0.057292 0.200000
3 0.559896 0.227273 0.067708 0.236364
8 0.497396 0.240909 0.057292 0.209091
7 0.455729 0.481818 0.062500 0.200000
2 0.343750 0.759091 0.026042 0.227273
10 0.675781 0.209091 0.075521 0.218182
10 0.519531 0.463636 0.059896 0.181818
10 0.582031 0.454545 0.059896 0.200000
10 0.398438 0.745455 0.067708 0.218182
2 0.285156 0.504545 0.028646 0.209091
0 0.256510 0.350000 0.039062 0.100000
0 0.609375 0.295455 0.031250 0.100000
11 0.851562 0.209091 0.072917 0.181818
11 0.786458 0.181818 0.062500 0.236364
11 0.087240 0.322727 0.075521 0.245455
11 0.205729 0.318182 0.062500 0.181818
11 0.628906 0.404545 0.028646 0.100000
11 0.667969 0.413636 0.049479 0.100000