2 0.516241 0.257009 0.048724 0.214953
2 0.742459 0.242991 0.041763 0.224299
4 0.501160 0.714953 0.074246 0.233645
3 0.209977 0.752336 0.048724 0.158879
2 0.171694 0.752336 0.027842 0.140187
2 0.588167 0.710280 0.044084 0.224299
3 0.350348 0.471963 0.069606 0.196262
9 0.410673 0.476636 0.060325 0.186916
5 0.469838 0.471963 0.058005 0.177570
1 0.533643 0.476636 0.064965 0.186916
10 0.596288 0.467290 0.060325 0.186916
10 0.410673 0.714953 0.078886 0.233645
1 0.120650 0.490654 0.069606 0.196262
11 0.185615 0.289720 0.060325 0.168224
11 0.126450 0.266355 0.062645 0.233645
11 0.624130 0.252336 0.055684 0.224299
0 0.454756 0.317757 0.041763 0.093458
1 0.858469 0.238318 0.055684 0.214953
1 0.798144 0.242991 0.055684 0.205607
11 0.238979 0.266355 0.064965 0.214953
11 0.635731 0.425234 0.032483 0.102804
11 0.677494 0.425234 0.055684 0.102804
11 0.686775 0.266355 0.069606 0.158879
11 0.281903 0.747664 0.048724 0.168224
9 0.403712 0.257009 0.069606 0.214953