11 0.464435 0.406863 0.050209 0.107843
11 0.658996 0.401961 0.046025 0.117647
11 0.717573 0.431373 0.062762 0.098039
2 0.334728 0.235294 0.058577 0.196078
7 0.401674 0.230392 0.075314 0.225490
8 0.481172 0.230392 0.083682 0.225490
5 0.562762 0.230392 0.079498 0.225490
10 0.638075 0.230392 0.087866 0.225490
3 0.719665 0.230392 0.083682 0.225490
6 0.447699 0.671569 0.100418 0.245098
1 0.573222 0.676471 0.100418 0.254902
2 0.677824 0.671569 0.066946 0.245098
1 0.146444 0.671569 0.100418 0.245098
11 0.510460 0.681373 0.025105 0.186275
11 0.297071 0.401961 0.050209 0.117647
11 0.343096 0.406863 0.041841 0.107843
11 0.384937 0.406863 0.041841 0.107843
11 0.422594 0.406863 0.033473 0.107843