4 0.577473 0.775547 0.063170 0.237226
5 0.528605 0.204380 0.058403 0.233577
6 0.408820 0.472628 0.059595 0.215328
7 0.475566 0.468978 0.061979 0.208029
9 0.541120 0.468978 0.061979 0.200730
11 0.696067 0.432482 0.045292 0.091241
11 0.658522 0.419708 0.029797 0.109489
1 0.498808 0.775547 0.070322 0.237226
11 0.775924 0.233577 0.057211 0.167883
11 0.715733 0.235401 0.056019 0.178832
11 0.655542 0.204380 0.059595 0.240876
11 0.342670 0.204380 0.039333 0.240876
11 0.281287 0.235401 0.059595 0.178832
11 0.216925 0.206204 0.059595 0.237226
11 0.252086 0.815693 0.046484 0.178832
1 0.399285 0.777372 0.069130 0.240876
2 0.144815 0.813869 0.017878 0.160584
2 0.361740 0.472628 0.022646 0.200730
2 0.295590 0.470803 0.023838 0.197080
4 0.084029 0.470803 0.056019 0.204380
3 0.181168 0.810219 0.047676 0.167883
3 0.466031 0.204380 0.059595 0.240876
3 0.321812 0.777372 0.069130 0.240876
4 0.610250 0.465328 0.057211 0.208029