6 0.495833 0.750000 0.069444 0.255556
1 0.600000 0.472222 0.061111 0.211111
1 0.469444 0.472222 0.061111 0.211111
9 0.405556 0.472222 0.055556 0.211111
9 0.338889 0.477778 0.061111 0.222222
2 0.556944 0.472222 0.025000 0.211111
10 0.397222 0.761111 0.066667 0.255556
3 0.570833 0.750000 0.069444 0.255556
3 0.459722 0.205556 0.069444 0.255556
11 0.686111 0.427778 0.050000 0.100000
11 0.651389 0.422222 0.030556 0.111111
2 0.295833 0.472222 0.025000 0.188889
11 0.445833 0.755556 0.025000 0.177778
11 0.702778 0.238889 0.061111 0.188889
11 0.762500 0.233333 0.069444 0.177778
5 0.519444 0.205556 0.061111 0.255556
11 0.212500 0.222222 0.069444 0.266667
11 0.277778 0.238889 0.061111 0.188889
11 0.333333 0.205556 0.050000 0.255556
11 0.644444 0.205556 0.066667 0.255556