11 0.703101 0.244652 0.060465 0.173797
7 0.549612 0.770053 0.069767 0.235294
2 0.288372 0.479947 0.021705 0.189840
5 0.526357 0.478610 0.060465 0.197861
6 0.521705 0.211230 0.060465 0.229947
6 0.459690 0.477273 0.060465 0.200535
6 0.332558 0.475936 0.060465 0.208556
1 0.078295 0.473262 0.060465 0.203209
1 0.382171 0.767380 0.069767 0.229947
3 0.307752 0.766043 0.072868 0.237968
3 0.479070 0.767380 0.068217 0.229947
3 0.455814 0.212567 0.068217 0.243316
3 0.592248 0.475936 0.068217 0.208556
10 0.396124 0.477273 0.060465 0.200535
11 0.431008 0.767380 0.021705 0.149733
11 0.641860 0.425134 0.031008 0.106952
11 0.676744 0.438503 0.044961 0.080214
11 0.214729 0.212567 0.057364 0.237968
11 0.275194 0.239305 0.057364 0.173797
11 0.336434 0.225936 0.055814 0.200535
11 0.642636 0.211230 0.063566 0.240642
11 0.761240 0.244652 0.062016 0.173797