3 0.458273 0.218919 0.073381 0.264865
2 0.294964 0.491892 0.031655 0.216216
2 0.493525 0.467568 0.034532 0.221622
2 0.558273 0.464865 0.028777 0.216216
1 0.404317 0.756757 0.080576 0.270270
9 0.341727 0.481081 0.064748 0.237838
11 0.207914 0.245946 0.076259 0.264865
11 0.277698 0.267568 0.063309 0.200000
11 0.694964 0.408108 0.048921 0.124324
11 0.653957 0.405405 0.035971 0.140541
11 0.337410 0.229730 0.047482 0.264865
11 0.642446 0.202703 0.070504 0.264865
11 0.706475 0.227027 0.063309 0.205405
11 0.770504 0.224324 0.064748 0.210811
3 0.578417 0.737838 0.077698 0.264865
9 0.409353 0.478378 0.070504 0.232432
5 0.605755 0.459459 0.060432 0.216216
6 0.500000 0.743243 0.079137 0.264865
5 0.522302 0.218919 0.066187 0.264865
3 0.326619 0.762162 0.083453 0.270270