11 0.346930 0.246711 0.058772 0.243421
11 0.408333 0.231908 0.064035 0.246711
7 0.484211 0.481908 0.064912 0.213816
7 0.550877 0.476974 0.068421 0.217105
8 0.596491 0.748355 0.070175 0.240132
8 0.617982 0.465461 0.062281 0.213816
4 0.518421 0.764803 0.073684 0.259868
2 0.304825 0.491776 0.025439 0.200658
2 0.364474 0.769737 0.027193 0.230263
5 0.906579 0.197368 0.078070 0.243421
10 0.713158 0.210526 0.066667 0.256579
11 0.663596 0.424342 0.028947 0.125000
11 0.472368 0.226974 0.064035 0.236842
4 0.421491 0.483553 0.062281 0.217105
4 0.779825 0.200658 0.070175 0.243421
0 0.832018 0.271382 0.039474 0.101974
9 0.418421 0.769737 0.071930 0.243421
7 0.353509 0.491776 0.068421 0.213816
11 0.706140 0.425987 0.054386 0.101974
11 0.097807 0.261513 0.062281 0.259868
11 0.167105 0.263158 0.060526 0.243421
11 0.225000 0.250000 0.057018 0.243421
11 0.286404 0.245066 0.058772 0.233553