9 0.344660 0.259358 0.067961 0.160428
11 0.485437 0.627005 0.051780 0.173797
11 0.660194 0.371658 0.058252 0.064171
11 0.613269 0.370321 0.035599 0.082888
11 0.420712 0.407754 0.045307 0.088235
11 0.380259 0.415775 0.042071 0.082888
11 0.344660 0.425134 0.035599 0.101604
11 0.304207 0.429144 0.045307 0.082888
11 0.255663 0.434492 0.038835 0.093583
2 0.288026 0.271390 0.045307 0.173797
3 0.576052 0.225936 0.064725 0.179144
6 0.498382 0.237968 0.071197 0.165775
7 0.660194 0.212567 0.077670 0.184492
8 0.425566 0.248663 0.074434 0.160428