4 0.602703 0.479339 0.055135 0.223140
3 0.538378 0.479339 0.062703 0.223140
3 0.190270 0.803719 0.047568 0.177686
2 0.304324 0.481405 0.035676 0.210744
2 0.361622 0.485537 0.031351 0.194215
2 0.349189 0.774793 0.023784 0.235537
2 0.150270 0.803719 0.021622 0.185950
1 0.705405 0.225207 0.074595 0.252066
1 0.584865 0.216942 0.067027 0.235537
1 0.400541 0.760331 0.070270 0.247934
8 0.411351 0.473140 0.057297 0.210744
8 0.477297 0.469008 0.055135 0.219008
6 0.576757 0.754132 0.072432 0.268595
6 0.499459 0.754132 0.064865 0.260331
11 0.101622 0.245868 0.067027 0.243802
11 0.219459 0.272727 0.062703 0.190083
11 0.651351 0.427686 0.033514 0.128099
11 0.822162 0.225207 0.057297 0.243802
11 0.261081 0.803719 0.055135 0.169421
0 0.634054 0.293388 0.031351 0.090909
0 0.271351 0.307851 0.041081 0.103306
11 0.450811 0.770661 0.021622 0.202479
11 0.692432 0.438017 0.048649 0.107438
11 0.889730 0.241736 0.067027 0.194215