11 0.208772 0.249311 0.063158 0.223140
11 0.273684 0.272727 0.059649 0.170799
1 0.080702 0.506887 0.063158 0.187328
11 0.334211 0.268595 0.068421 0.162534
11 0.642105 0.206612 0.066667 0.231405
11 0.707018 0.228650 0.059649 0.165289
11 0.767544 0.221763 0.064912 0.168044
11 0.646491 0.403581 0.029825 0.101928
11 0.688596 0.410468 0.047368 0.077135
3 0.457895 0.221763 0.063158 0.223140
3 0.519298 0.214876 0.066667 0.220386
3 0.317544 0.754821 0.070175 0.225895
3 0.566667 0.727273 0.077193 0.214876
3 0.598246 0.454545 0.059649 0.192837
1 0.392982 0.749311 0.070175 0.220386
2 0.288596 0.486226 0.026316 0.173554
2 0.550877 0.458678 0.028070 0.173554
6 0.335088 0.482094 0.066667 0.192837
10 0.400877 0.475207 0.064912 0.195592
4 0.468421 0.468320 0.063158 0.203857
4 0.493860 0.736915 0.068421 0.223140