11 0.813465 0.284615 0.038593 0.048521
11 0.289880 0.414793 0.042882 0.053254
11 0.266295 0.678107 0.030017 0.035503
5 0.843482 0.543787 0.120926 0.147929
5 0.695969 0.540237 0.129503 0.150296
1 0.517153 0.533136 0.140652 0.157396
2 0.400515 0.526627 0.058319 0.151479
11 0.777015 0.421893 0.029160 0.034320
11 0.802316 0.424260 0.021441 0.036686
11 0.831046 0.424260 0.030875 0.029586
9 0.507719 0.766272 0.089194 0.093491
8 0.616638 0.767456 0.082333 0.088757
9 0.716123 0.772189 0.090909 0.093491
11 0.862779 0.426036 0.027444 0.030769
11 0.295883 0.678698 0.029160 0.034320
11 0.330189 0.679290 0.034305 0.035503
4 0.297599 0.763314 0.084048 0.092308
1 0.400515 0.765089 0.092624 0.091124
11 0.891509 0.426036 0.026587 0.030769