10 0.761029 0.748031 0.235294 0.055118
0 0.707721 0.797244 0.121324 0.043307
8 0.536765 0.602362 0.213235 0.055118
8 0.275735 0.411417 0.235294 0.074803
9 0.779412 0.864173 0.213235 0.090551
2 0.472426 0.120079 0.194853 0.035433
2 0.494485 0.301181 0.187500 0.035433
2 0.527574 0.553150 0.194853 0.035433
11 0.577206 0.687008 0.102941 0.043307
3 0.281250 0.500000 0.224265 0.070866
1 0.509191 0.411417 0.216912 0.074803
4 0.518382 0.480315 0.213235 0.062992
6 0.284926 0.576772 0.231618 0.082677
6 0.503676 0.346457 0.205882 0.055118
11 0.696691 0.100394 0.231618 0.059055
11 0.705882 0.165354 0.235294 0.070866
11 0.711397 0.224409 0.224265 0.047244
11 0.715074 0.283465 0.216912 0.070866
11 0.733456 0.393701 0.216912 0.062992
11 0.737132 0.460630 0.224265 0.062992
11 0.579044 0.647638 0.113971 0.035433
9 0.759191 0.687008 0.224265 0.066929