1 0.536127 0.214912 0.060694 0.236842
11 0.226879 0.241228 0.060694 0.236842
11 0.290462 0.236842 0.060694 0.228070
11 0.352601 0.263158 0.063584 0.175439
11 0.716763 0.245614 0.057803 0.175439
11 0.781792 0.232456 0.060694 0.184211
11 0.660405 0.416667 0.026012 0.114035
11 0.699422 0.425439 0.052023 0.078947
9 0.355491 0.491228 0.057803 0.210526
9 0.615607 0.464912 0.057803 0.210526
9 0.586705 0.754386 0.069364 0.245614
5 0.550578 0.469298 0.060694 0.201754
4 0.472543 0.214912 0.060694 0.219298
4 0.421965 0.473684 0.057803 0.210526
3 0.485549 0.473684 0.057803 0.210526
3 0.513006 0.754386 0.072254 0.245614
3 0.341040 0.776316 0.069364 0.236842
2 0.309249 0.491228 0.023121 0.192982
1 0.414740 0.767544 0.072254 0.236842
11 0.653179 0.206140 0.069364 0.236842