11 0.250000 0.812950 0.050588 0.179856
11 0.652353 0.417266 0.031765 0.115108
11 0.690588 0.429856 0.049412 0.089928
11 0.827647 0.194245 0.050588 0.244604
11 0.894118 0.226619 0.063529 0.179856
11 0.445882 0.775180 0.025882 0.169065
0 0.695882 0.276978 0.034118 0.086331
10 0.538235 0.467626 0.064706 0.215827
10 0.397647 0.775180 0.075294 0.248201
11 0.091765 0.203237 0.065882 0.248201
11 0.215882 0.232014 0.062353 0.183453
3 0.524706 0.197842 0.063529 0.244604
3 0.496471 0.775180 0.072941 0.248201
3 0.272353 0.473022 0.062353 0.212230
4 0.181765 0.816547 0.050588 0.179856
4 0.605294 0.471223 0.060000 0.215827
4 0.340588 0.473022 0.060000 0.219424
8 0.407647 0.465827 0.057647 0.205036
2 0.492353 0.474820 0.027059 0.201439
2 0.586471 0.196043 0.045882 0.255396
6 0.572941 0.775180 0.075294 0.248201
5 0.648235 0.196043 0.063529 0.248201
5 0.770588 0.197842 0.061176 0.251799
0 0.264706 0.282374 0.035294 0.089928