9 0.354895 0.236593 0.073427 0.176656
11 0.479021 0.668770 0.041958 0.145110
11 0.688811 0.395899 0.055944 0.072555
11 0.636364 0.391167 0.041958 0.094637
11 0.424825 0.406940 0.038462 0.088328
11 0.255245 0.419558 0.041958 0.094637
11 0.300699 0.416404 0.048951 0.088328
11 0.382867 0.414826 0.045455 0.091483
11 0.344406 0.413249 0.045455 0.088328
9 0.438811 0.231861 0.073427 0.179811
10 0.522727 0.225552 0.073427 0.173502
6 0.604895 0.217666 0.076923 0.176656
5 0.688811 0.212934 0.076923 0.160883
2 0.291958 0.246057 0.031469 0.170347