11 0.167857 0.200809 0.062500 0.245283
11 0.105357 0.199461 0.066071 0.253369
11 0.229464 0.202156 0.060714 0.242588
1 0.096429 0.459569 0.066071 0.218329
1 0.545089 0.467655 0.063393 0.229111
1 0.612054 0.470350 0.063393 0.223720
1 0.579911 0.764151 0.074107 0.261456
2 0.300000 0.459569 0.035714 0.218329
2 0.348661 0.756065 0.036607 0.239892
7 0.353125 0.464960 0.063393 0.223720
3 0.478125 0.470350 0.061607 0.223720
8 0.408482 0.757412 0.066964 0.253369
0 0.826786 0.299191 0.035714 0.097035
5 0.902679 0.218329 0.075000 0.247978
11 0.661607 0.423181 0.030357 0.123989
11 0.536607 0.206199 0.050000 0.239892
11 0.471875 0.208895 0.061607 0.250674
11 0.413839 0.210243 0.045536 0.242588
11 0.353125 0.199461 0.061607 0.253369
11 0.291071 0.200809 0.062500 0.250674
4 0.417411 0.469003 0.058036 0.226415
4 0.504464 0.757412 0.062500 0.253369
4 0.779911 0.212938 0.054464 0.253369
10 0.715179 0.214286 0.067857 0.245283
11 0.454018 0.764151 0.025893 0.164420
11 0.701786 0.436658 0.050000 0.097035