11 0.462134 0.766667 0.022375 0.148718
11 0.704819 0.417949 0.046472 0.087179
11 0.098107 0.225641 0.058520 0.246154
11 0.160069 0.223077 0.061962 0.241026
11 0.222892 0.217949 0.063683 0.241026
11 0.284854 0.215385 0.060241 0.246154
11 0.345955 0.210256 0.061962 0.246154
11 0.408778 0.205128 0.060241 0.235897
1 0.908778 0.184615 0.068847 0.246154
1 0.586059 0.764103 0.074010 0.246154
2 0.433735 0.769231 0.027539 0.215385
2 0.358003 0.774359 0.027539 0.215385
2 0.303787 0.479487 0.025818 0.189744
2 0.657487 0.197436 0.041308 0.241026
4 0.417384 0.471795 0.060241 0.215385
4 0.512909 0.764103 0.068847 0.256410
1 0.720310 0.192308 0.063683 0.241026
7 0.348537 0.474359 0.060241 0.220513
8 0.619621 0.458974 0.058520 0.210256
8 0.783133 0.187179 0.061962 0.241026
9 0.483649 0.469231 0.061962 0.210256
9 0.549053 0.461538 0.065404 0.215385
0 0.832186 0.264103 0.032702 0.087179
11 0.666093 0.410256 0.030981 0.112821