11 0.768999 0.250903 0.066345 0.198556
7 0.340772 0.456679 0.059107 0.212996
9 0.471049 0.460289 0.059107 0.220217
10 0.394451 0.745487 0.060314 0.241877
10 0.566345 0.750903 0.071170 0.245487
5 0.528951 0.211191 0.059107 0.234657
4 0.603739 0.474729 0.049457 0.227437
1 0.534379 0.469314 0.057901 0.216606
3 0.460193 0.205776 0.061520 0.238267
3 0.490350 0.749097 0.063932 0.249097
2 0.341978 0.754513 0.030157 0.274368
2 0.425211 0.467509 0.027744 0.227437
2 0.293727 0.456679 0.027744 0.212996
2 0.102533 0.463899 0.031363 0.256318
11 0.442702 0.741877 0.026538 0.205776
11 0.688782 0.435018 0.048251 0.097473
11 0.647768 0.425993 0.024125 0.115523
11 0.343185 0.212996 0.059107 0.216606
11 0.277443 0.229242 0.055489 0.191336
11 0.212907 0.189531 0.061520 0.249097
11 0.644150 0.211191 0.060314 0.227437
11 0.704463 0.236462 0.050663 0.169675