11 0.198738 0.429919 0.044164 0.094340
11 0.168770 0.433962 0.015773 0.102426
11 0.137224 0.439353 0.041009 0.091644
11 0.096215 0.442049 0.034700 0.097035
1 0.119874 0.699461 0.082019 0.202156
4 0.689274 0.199461 0.066246 0.172507
8 0.600946 0.210243 0.059937 0.167116
2 0.545741 0.230458 0.031546 0.175202
2 0.466877 0.226415 0.031546 0.167116
0 0.641956 0.269542 0.015773 0.048518
11 0.488959 0.640162 0.044164 0.180593
11 0.681388 0.370620 0.050473 0.072776
11 0.632492 0.365229 0.034700 0.094340