11 0.186475 0.426829 0.023224 0.162602
11 0.151639 0.424797 0.046448 0.150407
11 0.678279 0.418699 0.053279 0.154472
11 0.228825 0.420732 0.058743 0.142276
11 0.743852 0.420732 0.077869 0.134146
11 0.103142 0.420732 0.050546 0.142276
1 0.127732 0.707317 0.105191 0.243902
1 0.452869 0.691057 0.096995 0.268293
2 0.503415 0.233740 0.047814 0.199187
11 0.516393 0.693089 0.035519 0.191057
6 0.671448 0.684959 0.105191 0.264228
3 0.574454 0.689024 0.091530 0.256098
3 0.355874 0.697154 0.099727 0.264228
4 0.743852 0.221545 0.086066 0.223577
8 0.574454 0.221545 0.088798 0.215447
2 0.674863 0.229675 0.049180 0.199187