11 0.633550 0.393713 0.035831 0.092814
3 0.420195 0.672156 0.078176 0.206587
6 0.543974 0.667665 0.084691 0.203593
8 0.633550 0.654192 0.074919 0.200599
11 0.682410 0.404192 0.055375 0.071856
11 0.480456 0.667665 0.029316 0.137725
11 0.425081 0.411677 0.035831 0.092814
11 0.385993 0.411677 0.048860 0.092814
11 0.343648 0.416168 0.042345 0.083832
11 0.302932 0.416168 0.052117 0.083832
11 0.255700 0.419162 0.042345 0.083832
2 0.708469 0.217066 0.022801 0.158683
2 0.293160 0.242515 0.026059 0.155689
2 0.539088 0.226048 0.022801 0.158683
2 0.623779 0.221557 0.022801 0.161677
9 0.351792 0.239521 0.071661 0.173653
10 0.434853 0.233533 0.068404 0.173653
3 0.333876 0.681138 0.081433 0.206587