5 0.506849 0.770950 0.074364 0.256983
6 0.545988 0.494413 0.062622 0.240223
0 0.284736 0.312849 0.029354 0.122905
11 0.269080 0.804469 0.060665 0.223464
11 0.455969 0.773743 0.019569 0.206704
11 0.704501 0.463687 0.046967 0.111732
11 0.663405 0.452514 0.035225 0.122905
11 0.898239 0.284916 0.074364 0.212291
11 0.831703 0.251397 0.058708 0.279330
11 0.230920 0.270950 0.078278 0.217877
11 0.115460 0.245810 0.082192 0.279330
5 0.191781 0.798883 0.066536 0.201117
1 0.098826 0.494413 0.076321 0.240223
10 0.402153 0.776536 0.080235 0.279330
8 0.590998 0.768156 0.078278 0.262570
4 0.594912 0.248603 0.062622 0.262570
4 0.357143 0.491620 0.060665 0.256983
4 0.485323 0.491620 0.058708 0.245810
3 0.528376 0.243017 0.078278 0.262570
3 0.656556 0.248603 0.056751 0.262570
3 0.768102 0.251397 0.068493 0.279330
0 0.702544 0.326816 0.035225 0.117318
3 0.283757 0.494413 0.070450 0.251397
3 0.609589 0.500000 0.064579 0.240223
5 0.420744 0.494413 0.066536 0.229050