1 0.542383 0.748971 0.062654 0.345679
9 0.476044 0.746914 0.062654 0.333333
8 0.412776 0.732510 0.061425 0.329218
3 0.606880 0.748971 0.063882 0.345679
3 0.530098 0.347737 0.070025 0.382716
2 0.466216 0.335391 0.047912 0.382716
2 0.361179 0.732510 0.027027 0.337449
2 0.296069 0.732510 0.029484 0.345679
11 0.699017 0.693416 0.051597 0.144033
11 0.656634 0.676955 0.030713 0.185185
11 0.777027 0.401235 0.065111 0.292181
11 0.714373 0.393004 0.057740 0.275720
11 0.654177 0.353909 0.062654 0.370370
11 0.345823 0.382716 0.060197 0.312757
11 0.283784 0.333333 0.061425 0.378601
11 0.219902 0.329218 0.066339 0.395062