9 0.570261 0.742991 0.075163 0.252336
11 0.098039 0.228972 0.065359 0.252336
11 0.158497 0.242991 0.062092 0.186916
11 0.222222 0.247664 0.065359 0.177570
11 0.287582 0.247664 0.065359 0.177570
11 0.341503 0.214953 0.055556 0.242991
11 0.398693 0.214953 0.058824 0.242991
11 0.812092 0.200935 0.062092 0.271028
11 0.882353 0.242991 0.065359 0.186916
11 0.647059 0.406542 0.032680 0.140187
11 0.687908 0.425234 0.049020 0.102804
11 0.444444 0.742991 0.032680 0.177570
10 0.581699 0.214953 0.065359 0.224299
3 0.647059 0.214953 0.052288 0.242991
3 0.277778 0.462617 0.065359 0.214953
3 0.599673 0.462617 0.062092 0.214953
1 0.704248 0.214953 0.068627 0.242991
4 0.088235 0.462617 0.058824 0.214953
5 0.346405 0.462617 0.065359 0.196262
2 0.415033 0.476636 0.039216 0.224299
2 0.338235 0.742991 0.049020 0.233645
2 0.410131 0.733645 0.049020 0.233645
1 0.468954 0.457944 0.068627 0.224299
1 0.493464 0.738318 0.065359 0.242991
7 0.534314 0.457944 0.062092 0.224299