4 0.507958 0.701887 0.079576 0.237736
3 0.529841 0.237736 0.064987 0.230189
3 0.462202 0.255660 0.067639 0.216981
6 0.479443 0.466981 0.057029 0.186792
8 0.553714 0.458491 0.070292 0.181132
11 0.777188 0.232075 0.063660 0.173585
11 0.709549 0.233962 0.058355 0.147170
11 0.648541 0.211321 0.066313 0.222642
11 0.213528 0.297170 0.068966 0.224528
11 0.280504 0.303774 0.064987 0.166038
11 0.342175 0.274528 0.053050 0.213208
11 0.654509 0.395283 0.025199 0.103774
11 0.692308 0.401887 0.053050 0.079245
1 0.406499 0.727358 0.070292 0.213208
2 0.600796 0.694340 0.042440 0.226415
2 0.351459 0.735849 0.034483 0.230189
2 0.427719 0.478302 0.033156 0.186792
2 0.624005 0.461321 0.027851 0.194340
7 0.348806 0.496226 0.068966 0.184906
2 0.294430 0.500943 0.031830 0.190566