2 0.286792 0.505952 0.037736 0.202381
11 0.445283 0.761905 0.022642 0.154762
11 0.677358 0.431548 0.041509 0.089286
11 0.635849 0.419643 0.026415 0.113095
11 0.747170 0.241071 0.060377 0.172619
11 0.681132 0.252976 0.056604 0.172619
11 0.622642 0.226190 0.060377 0.214286
11 0.332075 0.291667 0.060377 0.166667
11 0.271698 0.291667 0.060377 0.166667
11 0.209434 0.270833 0.056604 0.232143
10 0.333962 0.502976 0.064151 0.208333
9 0.526415 0.479167 0.056604 0.208333
8 0.467925 0.485119 0.052830 0.196429
2 0.341509 0.776786 0.026415 0.232143
2 0.511321 0.241071 0.056604 0.244048
2 0.449057 0.250000 0.052830 0.238095
1 0.398113 0.491071 0.064151 0.208333
1 0.396226 0.767857 0.075472 0.250000
1 0.492453 0.755952 0.071698 0.238095
1 0.569811 0.747024 0.075472 0.232143
1 0.586792 0.479167 0.056604 0.208333