7 0.382900 0.213483 0.081784 0.224719
8 0.468401 0.213483 0.074349 0.224719
4 0.550186 0.235955 0.074349 0.224719
6 0.628253 0.235955 0.081784 0.224719
5 0.719331 0.230337 0.100372 0.191011
5 0.648699 0.696629 0.107807 0.224719
3 0.550186 0.691011 0.089219 0.258427
11 0.483271 0.679775 0.022305 0.191011
2 0.314126 0.213483 0.033457 0.224719
1 0.423792 0.685393 0.081784 0.269663
11 0.431227 0.410112 0.081784 0.146067
11 0.366171 0.410112 0.033457 0.146067
11 0.317844 0.410112 0.040892 0.123596
11 0.269517 0.410112 0.055762 0.123596
11 0.706320 0.426966 0.074349 0.112360
11 0.648699 0.421348 0.040892 0.123596
2 0.366171 0.691011 0.033457 0.258427