11 0.711039 0.242574 0.058442 0.168317
11 0.650974 0.227723 0.061688 0.237624
11 0.657468 0.430693 0.029221 0.108911
10 0.405844 0.772277 0.077922 0.257426
9 0.543831 0.480198 0.061688 0.227723
8 0.418831 0.480198 0.058442 0.207921
11 0.228896 0.222772 0.061688 0.247525
11 0.696429 0.435644 0.048701 0.099010
1 0.503247 0.762376 0.077922 0.257426
1 0.608766 0.475248 0.061688 0.237624
2 0.353896 0.777228 0.025974 0.267327
2 0.301948 0.490099 0.032468 0.207921
2 0.366883 0.490099 0.032468 0.207921
2 0.470779 0.227723 0.051948 0.257426
3 0.099026 0.475248 0.068182 0.237624
4 0.581169 0.762376 0.071429 0.257426
1 0.532468 0.222772 0.071429 0.247525
7 0.480519 0.480198 0.051948 0.207921
11 0.288961 0.252475 0.058442 0.188119
11 0.353896 0.237624 0.058442 0.198020
11 0.771104 0.252475 0.061688 0.188119