11 0.222290 0.201128 0.062119 0.266917
11 0.780146 0.238722 0.054811 0.199248
11 0.715591 0.219925 0.059683 0.169173
11 0.654689 0.201128 0.062119 0.274436
11 0.344093 0.206767 0.054811 0.293233
11 0.700365 0.434211 0.048721 0.109023
7 0.577345 0.780075 0.075518 0.266917
11 0.289281 0.242481 0.054811 0.191729
5 0.344702 0.479323 0.065773 0.229323
4 0.087698 0.477444 0.060901 0.248120
6 0.531669 0.201128 0.069428 0.259398
11 0.656516 0.422932 0.034105 0.124060
3 0.504872 0.776316 0.066991 0.274436
3 0.607795 0.469925 0.058465 0.255639
2 0.348965 0.774436 0.032887 0.285714
2 0.493910 0.471805 0.035323 0.229323
2 0.563337 0.479323 0.023143 0.221805
2 0.468331 0.191729 0.042631 0.278195
3 0.274665 0.494361 0.059683 0.244361
11 0.451279 0.780075 0.030451 0.206767
4 0.402558 0.783835 0.062119 0.274436
3 0.411084 0.469925 0.059683 0.248120