11 0.461187 0.412088 0.054795 0.120879
11 0.292237 0.412088 0.045662 0.120879
11 0.337900 0.412088 0.045662 0.120879
11 0.385845 0.406593 0.041096 0.109890
11 0.420091 0.412088 0.027397 0.120879
11 0.659817 0.434066 0.041096 0.142857
11 0.716895 0.439560 0.063927 0.109890
2 0.335616 0.225275 0.031963 0.208791
7 0.397260 0.230769 0.073059 0.219780
8 0.479452 0.225275 0.073059 0.230769
3 0.559361 0.230769 0.086758 0.219780
3 0.351598 0.692308 0.091324 0.263736
1 0.438356 0.692308 0.082192 0.263736
1 0.547945 0.692308 0.091324 0.263736
9 0.639269 0.236264 0.073059 0.208791
10 0.728311 0.236264 0.086758 0.208791
4 0.648402 0.703297 0.091324 0.263736