2 0.147093 0.808772 0.015116 0.157895
4 0.088953 0.464912 0.050000 0.200000
11 0.695930 0.438596 0.045349 0.084211
11 0.658140 0.426316 0.027907 0.108772
11 0.895930 0.243860 0.068605 0.192982
11 0.833721 0.224561 0.058140 0.266667
11 0.252907 0.803509 0.040698 0.168421
11 0.221512 0.231579 0.054651 0.175439
11 0.098837 0.203509 0.062791 0.245614
1 0.398837 0.777193 0.072093 0.242105
9 0.714535 0.219298 0.061628 0.249123
0 0.637791 0.289474 0.033721 0.087719
0 0.268605 0.282456 0.032558 0.087719
5 0.605814 0.477193 0.058140 0.196491
5 0.476163 0.471930 0.054651 0.207018
4 0.500581 0.770175 0.063953 0.242105
4 0.529070 0.210526 0.060465 0.231579
7 0.183140 0.805263 0.045349 0.171930
8 0.591860 0.207018 0.058140 0.238596
8 0.413372 0.470175 0.054651 0.224561
2 0.363953 0.471930 0.020930 0.207018
2 0.297674 0.471930 0.020930 0.207018
3 0.324419 0.770175 0.069767 0.242105
3 0.542442 0.478947 0.056977 0.214035