11 0.773660 0.274468 0.064994 0.182979
11 0.708096 0.274468 0.054732 0.157447
11 0.643672 0.236170 0.064994 0.242553
11 0.649373 0.434043 0.033067 0.110638
11 0.691562 0.444681 0.049031 0.089362
2 0.292474 0.472340 0.042189 0.212766
3 0.534208 0.229787 0.064994 0.238298
2 0.358039 0.463830 0.027366 0.229787
11 0.347777 0.221277 0.047891 0.246809
11 0.217788 0.219149 0.070696 0.251064
11 0.286773 0.244681 0.060433 0.182979
3 0.317560 0.746809 0.076397 0.276596
1 0.392816 0.740426 0.074116 0.246809
3 0.461802 0.231915 0.066135 0.242553
10 0.600912 0.482979 0.059293 0.217021
10 0.536488 0.472340 0.060433 0.221277
5 0.492018 0.746809 0.076397 0.234043
4 0.473774 0.474468 0.053592 0.208511
7 0.567275 0.746809 0.067275 0.242553
9 0.409920 0.465957 0.064994 0.225532