7 0.465686 0.236111 0.062092 0.250000
8 0.607843 0.490741 0.058824 0.222222
5 0.403595 0.481481 0.068627 0.203704
6 0.470588 0.486111 0.058824 0.212963
11 0.692810 0.449074 0.052288 0.101852
11 0.655229 0.449074 0.029412 0.120370
11 0.836601 0.277778 0.058824 0.185185
11 0.774510 0.245370 0.058824 0.250000
11 0.714052 0.240741 0.062092 0.259259
11 0.089869 0.212963 0.062092 0.240741
11 0.151961 0.217593 0.062092 0.250000
9 0.336601 0.481481 0.071895 0.222222
1 0.393791 0.763889 0.075163 0.250000
1 0.495098 0.763889 0.075163 0.250000
2 0.338235 0.759259 0.035948 0.240741
3 0.220588 0.217593 0.062092 0.250000
3 0.591503 0.236111 0.071895 0.250000
1 0.568627 0.768519 0.078431 0.240741
1 0.537582 0.486111 0.068627 0.231481
1 0.398693 0.226852 0.071895 0.231481
0 0.514706 0.305556 0.035948 0.111111
2 0.339869 0.226852 0.052288 0.250000