11 0.453297 0.782051 0.021978 0.179487
2 0.601648 0.801282 0.038462 0.243590
7 0.188187 0.801282 0.057692 0.192308
9 0.407967 0.243590 0.068681 0.256410
0 0.462912 0.314103 0.046703 0.115385
11 0.109890 0.243590 0.065934 0.256410
11 0.168956 0.275641 0.052198 0.192308
11 0.236264 0.250000 0.065934 0.243590
11 0.262363 0.801282 0.046703 0.192308
11 0.655220 0.250000 0.052198 0.269231
11 0.719780 0.282051 0.065934 0.179487
11 0.657967 0.467949 0.030220 0.115385
11 0.699176 0.480769 0.052198 0.115385
8 0.612637 0.500000 0.060440 0.230769
8 0.486264 0.512821 0.043956 0.205128
8 0.552198 0.500000 0.060440 0.230769
2 0.523352 0.788462 0.046703 0.243590
2 0.534341 0.250000 0.052198 0.269231
2 0.781593 0.275641 0.052198 0.269231
2 0.353022 0.794872 0.030220 0.256410
1 0.094780 0.480769 0.068681 0.217949
1 0.405220 0.794872 0.074176 0.256410
1 0.839286 0.275641 0.068681 0.269231
1 0.902473 0.275641 0.057692 0.269231
3 0.347527 0.500000 0.052198 0.230769
7 0.414835 0.500000 0.065934 0.230769