3 0.446768 0.238372 0.064639 0.220930
2 0.412548 0.479651 0.026616 0.203488
2 0.287072 0.491279 0.026616 0.191860
2 0.340304 0.741279 0.026616 0.215116
2 0.513308 0.726744 0.030418 0.232558
1 0.393536 0.735465 0.072243 0.226744
11 0.750951 0.235465 0.064639 0.168605
11 0.636882 0.406977 0.026616 0.104651
11 0.674905 0.412791 0.049430 0.081395
5 0.507605 0.229651 0.057034 0.238372
9 0.526616 0.459302 0.057034 0.197674
10 0.564639 0.720930 0.072243 0.220930
4 0.591255 0.450581 0.057034 0.191860
10 0.332700 0.479651 0.057034 0.203488
11 0.328897 0.270349 0.057034 0.180233
11 0.623574 0.220930 0.060837 0.220930
11 0.686312 0.241279 0.057034 0.168605
11 0.268061 0.290698 0.057034 0.174419
9 0.461977 0.470930 0.057034 0.197674
11 0.207224 0.270349 0.057034 0.226744