3 0.411290 0.452381 0.061290 0.200000
11 0.770968 0.223810 0.064516 0.180952
11 0.711290 0.223810 0.061290 0.180952
11 0.650000 0.195238 0.061290 0.238095
11 0.346774 0.214286 0.061290 0.200000
11 0.285484 0.233333 0.061290 0.180952
11 0.220968 0.204762 0.061290 0.238095
11 0.653226 0.404762 0.029032 0.104762
11 0.693548 0.404762 0.051613 0.085714
11 0.451613 0.738095 0.025806 0.161905
2 0.466129 0.204762 0.041935 0.238095
2 0.424194 0.747619 0.029032 0.219048
2 0.351613 0.747619 0.025806 0.219048
6 0.501613 0.738095 0.074194 0.238095
7 0.574194 0.738095 0.070968 0.238095
3 0.282258 0.461905 0.061290 0.219048
5 0.346774 0.461905 0.067742 0.200000
5 0.543548 0.452381 0.061290 0.180952
4 0.477419 0.452381 0.058065 0.200000
6 0.608065 0.452381 0.061290 0.200000
8 0.525806 0.195238 0.064516 0.238095