11 0.693681 0.240741 0.046703 0.166667
11 0.640110 0.226852 0.060440 0.194444
11 0.347527 0.282407 0.052198 0.212963
11 0.288462 0.310185 0.054945 0.157407
11 0.228022 0.300926 0.065934 0.212963
11 0.755495 0.240741 0.054945 0.166667
11 0.462912 0.717593 0.030220 0.157407
3 0.542582 0.462963 0.057692 0.185185
3 0.460165 0.268519 0.068681 0.203704
3 0.530220 0.250000 0.065934 0.203704
3 0.416209 0.490741 0.057692 0.185185
1 0.101648 0.541667 0.065934 0.194444
2 0.310440 0.518519 0.032967 0.185185
2 0.366758 0.740741 0.041209 0.222222
11 0.646978 0.393519 0.030220 0.101852
11 0.685440 0.402778 0.046703 0.083333
10 0.354396 0.500000 0.054945 0.185185
8 0.420330 0.726852 0.054945 0.212963
6 0.515110 0.712963 0.074176 0.203704
4 0.582418 0.694444 0.060440 0.222222
7 0.483516 0.472222 0.065934 0.185185
6 0.604396 0.453704 0.054945 0.185185