10 0.402574 0.467647 0.062500 0.217647
11 0.213235 0.223529 0.066176 0.235294
11 0.279412 0.226471 0.058824 0.241176
11 0.338235 0.255882 0.058824 0.170588
11 0.637868 0.214706 0.069853 0.241176
11 0.700368 0.244118 0.055147 0.182353
11 0.647059 0.411765 0.029412 0.105882
11 0.681985 0.423529 0.047794 0.094118
11 0.759191 0.235294 0.062500 0.176471
11 0.452206 0.755882 0.029412 0.170588
3 0.457721 0.214706 0.069853 0.229412
2 0.516544 0.211765 0.040441 0.223529
2 0.294118 0.476471 0.029412 0.200000
2 0.615809 0.464706 0.025735 0.188235
2 0.347426 0.758824 0.033088 0.223529
9 0.338235 0.467647 0.066176 0.217647
9 0.573529 0.744118 0.073529 0.252941
5 0.470588 0.467647 0.066176 0.205882
1 0.533088 0.461765 0.066176 0.217647
1 0.400735 0.747059 0.073529 0.247059
4 0.501838 0.747059 0.069853 0.247059