11 0.209119 0.472222 0.034591 0.104938
11 0.240566 0.469136 0.028302 0.098765
11 0.174528 0.469136 0.034591 0.098765
11 0.139937 0.466049 0.034591 0.098765
11 0.106918 0.461420 0.037736 0.095679
11 0.797170 0.837963 0.053459 0.070988
11 0.756289 0.824074 0.028302 0.098765
11 0.856918 0.342593 0.066038 0.166667
11 0.215409 0.304012 0.059748 0.163580
9 0.476415 0.703704 0.110063 0.320988
6 0.374214 0.699074 0.088050 0.324074
8 0.284591 0.691358 0.078616 0.333333
8 0.591195 0.706790 0.075472 0.320988
3 0.682390 0.712963 0.106918 0.333333