2 0.374474 0.497992 0.022440 0.176707
2 0.310659 0.497992 0.021038 0.176707
2 0.435484 0.769076 0.023843 0.204819
4 0.202665 0.813253 0.043478 0.156627
1 0.509818 0.761044 0.068724 0.220884
3 0.474053 0.238956 0.058906 0.220884
3 0.338008 0.771084 0.070126 0.224900
3 0.584151 0.757028 0.065919 0.220884
2 0.164797 0.815261 0.021038 0.144578
11 0.716690 0.261044 0.056101 0.160643
11 0.775596 0.259036 0.061711 0.164659
4 0.103787 0.502008 0.056101 0.184739
11 0.655680 0.232932 0.060309 0.224900
11 0.353436 0.259036 0.061711 0.188755
11 0.293128 0.283133 0.056101 0.164659
11 0.231417 0.255020 0.058906 0.220884
11 0.660589 0.433735 0.028050 0.096386
11 0.697055 0.445783 0.044881 0.080321
11 0.269285 0.811245 0.047686 0.160643
8 0.487377 0.483936 0.051893 0.188755
8 0.551893 0.481928 0.054698 0.184739
7 0.612903 0.479920 0.058906 0.188755
6 0.534362 0.238956 0.056101 0.220884
6 0.419355 0.491968 0.061711 0.196787