11 0.225000 0.206122 0.063514 0.257143
11 0.287162 0.208163 0.060811 0.253061
11 0.350676 0.240816 0.060811 0.195918
11 0.647297 0.208163 0.064865 0.253061
11 0.710135 0.242857 0.060811 0.183673
11 0.774324 0.242857 0.062162 0.200000
11 0.652703 0.418367 0.035135 0.118367
11 0.693243 0.430612 0.043243 0.093878
2 0.466216 0.206122 0.051351 0.257143
2 0.428378 0.467347 0.029730 0.208163
2 0.557432 0.467347 0.031081 0.208163
2 0.352703 0.755102 0.040541 0.236735
2 0.422973 0.755102 0.035135 0.244898
3 0.528378 0.208163 0.067568 0.253061
3 0.282432 0.465306 0.064865 0.220408
3 0.495946 0.757143 0.072973 0.257143
5 0.348649 0.465306 0.064865 0.204082
9 0.478378 0.463265 0.064865 0.216327
1 0.606081 0.465306 0.060811 0.220408
7 0.573649 0.757143 0.074324 0.248980