4 0.341463 0.475806 0.059385 0.222581
11 0.099152 0.203226 0.068929 0.251613
11 0.221103 0.232258 0.064687 0.187097
11 0.827147 0.224194 0.057264 0.248387
11 0.891304 0.250000 0.066808 0.183871
11 0.650583 0.429032 0.030753 0.109677
11 0.691410 0.443548 0.050901 0.080645
11 0.252386 0.804839 0.053022 0.177419
0 0.694062 0.295161 0.037116 0.087097
0 0.269353 0.283871 0.033934 0.090323
10 0.586957 0.217742 0.064687 0.248387
10 0.392895 0.775806 0.079533 0.254839
8 0.475080 0.469355 0.057264 0.209677
8 0.607105 0.472581 0.060445 0.229032
8 0.650053 0.217742 0.065748 0.254839
7 0.407211 0.470968 0.065748 0.219355
3 0.274655 0.470968 0.065748 0.225806
4 0.767762 0.220968 0.065748 0.248387
6 0.537116 0.475806 0.062566 0.216129
3 0.494698 0.777419 0.081654 0.251613
5 0.178685 0.811290 0.060445 0.183871
2 0.593319 0.785484 0.026511 0.248387
2 0.524390 0.214516 0.043478 0.241935
1 0.085366 0.462903 0.062566 0.209677