3 0.530151 0.202564 0.055276 0.261538
10 0.399497 0.769231 0.075377 0.266667
10 0.407035 0.466667 0.060302 0.235897
1 0.082915 0.466667 0.065327 0.235897
3 0.344221 0.471795 0.065327 0.215385
3 0.459799 0.202564 0.065327 0.261538
5 0.474874 0.471795 0.065327 0.215385
5 0.185930 0.797436 0.050251 0.210256
2 0.522613 0.774359 0.030151 0.276923
2 0.344221 0.774359 0.025126 0.256410
7 0.540201 0.469231 0.065327 0.230769
9 0.610553 0.466667 0.065327 0.235897
4 0.580402 0.764103 0.075377 0.276923
11 0.258794 0.812821 0.055276 0.200000
11 0.778894 0.228205 0.060302 0.200000
11 0.711055 0.230769 0.055276 0.194872
11 0.653266 0.200000 0.060302 0.256410
11 0.223618 0.202564 0.065327 0.261538
11 0.291457 0.230769 0.060302 0.194872
11 0.346734 0.189744 0.050251 0.256410
11 0.695980 0.428205 0.045226 0.107692
11 0.655779 0.417949 0.035176 0.128205