2 0.597204 0.701195 0.041278 0.239044
6 0.564581 0.243028 0.082557 0.223108
10 0.452730 0.695219 0.082557 0.274900
10 0.739015 0.237052 0.082557 0.219124
2 0.501997 0.252988 0.047936 0.211155
1 0.128495 0.707171 0.091877 0.250996
2 0.385486 0.707171 0.043941 0.250996
4 0.649800 0.243028 0.077230 0.223108
3 0.665113 0.703187 0.089214 0.258964
11 0.726365 0.442231 0.067909 0.111554
11 0.669108 0.436255 0.043941 0.123506
11 0.509321 0.703187 0.033289 0.179283
11 0.227031 0.432271 0.046605 0.123506
11 0.189747 0.434263 0.019973 0.135458
11 0.153129 0.428287 0.047936 0.131474
11 0.108522 0.430279 0.041278 0.135458
0 0.691744 0.322709 0.017310 0.079681