10 0.404110 0.788000 0.072407 0.248000
10 0.608611 0.492000 0.058708 0.248000
7 0.580235 0.784000 0.076321 0.272000
6 0.502935 0.784000 0.066536 0.272000
9 0.412916 0.476000 0.058708 0.232000
3 0.535225 0.208000 0.064579 0.272000
2 0.364971 0.488000 0.033268 0.256000
4 0.483366 0.480000 0.058708 0.272000
11 0.453033 0.784000 0.025440 0.192000
2 0.561644 0.488000 0.027397 0.240000
11 0.223092 0.212000 0.070450 0.280000
11 0.652642 0.208000 0.064579 0.256000
11 0.713307 0.244000 0.052838 0.200000
11 0.657534 0.436000 0.031311 0.120000
3 0.468689 0.200000 0.064579 0.272000
2 0.300391 0.496000 0.033268 0.272000
11 0.783757 0.244000 0.064579 0.216000
11 0.699609 0.444000 0.052838 0.104000
11 0.352250 0.204000 0.046967 0.264000
11 0.288650 0.240000 0.060665 0.208000