11 0.334220 0.234043 0.054965 0.200608
1 0.392730 0.483283 0.062057 0.212766
1 0.584220 0.484802 0.054965 0.197568
5 0.547872 0.772036 0.070922 0.224924
8 0.526596 0.483283 0.053191 0.212766
6 0.458333 0.483283 0.058511 0.212766
10 0.515957 0.226444 0.060284 0.240122
1 0.378546 0.773556 0.069149 0.240122
7 0.328014 0.483283 0.053191 0.212766
2 0.496454 0.772036 0.021277 0.224924
2 0.328014 0.779635 0.021277 0.215805
2 0.283688 0.489362 0.021277 0.212766
11 0.633865 0.218845 0.054965 0.231003
11 0.692376 0.256839 0.054965 0.167173
11 0.755319 0.255319 0.060284 0.170213
11 0.426418 0.773556 0.026596 0.167173
11 0.632979 0.436170 0.028369 0.106383
11 0.671099 0.445289 0.044326 0.088146
11 0.208333 0.218845 0.062057 0.243161
11 0.272163 0.255319 0.058511 0.170213