11 0.270554 0.778400 0.036329 0.088000
6 0.649618 0.552000 0.056405 0.112000
6 0.708413 0.520800 0.049713 0.120000
6 0.769598 0.484800 0.053537 0.112000
1 0.503824 0.355200 0.198853 0.339200
11 0.758604 0.328000 0.044933 0.083200
11 0.639101 0.397600 0.041109 0.094400
11 0.687380 0.376000 0.051625 0.076800
11 0.728011 0.346400 0.025813 0.104000
11 0.813098 0.491200 0.021989 0.067200
11 0.847992 0.476000 0.042065 0.052800
11 0.453155 0.080000 0.040153 0.048000
11 0.420172 0.093600 0.033461 0.056000
11 0.312141 0.752800 0.037285 0.075200
11 0.338432 0.737600 0.015296 0.073600
11 0.363289 0.725600 0.036329 0.075200