2 0.554770 0.761214 0.028269 0.192612
7 0.610424 0.761214 0.075972 0.218997
11 0.713781 0.441953 0.028269 0.102902
11 0.755300 0.453826 0.051237 0.079156
11 0.853357 0.269129 0.063604 0.168865
11 0.785336 0.263852 0.065371 0.168865
11 0.720848 0.230871 0.077739 0.224274
10 0.445230 0.474934 0.067138 0.195251
4 0.590989 0.481530 0.068905 0.197889
4 0.424912 0.757256 0.072438 0.221636
6 0.374558 0.470976 0.063604 0.192612
2 0.679329 0.488127 0.033569 0.174142
2 0.537986 0.486807 0.030035 0.171504
2 0.321555 0.474934 0.035336 0.184697
3 0.341873 0.750660 0.079505 0.213720
3 0.515901 0.229551 0.070671 0.226913
1 0.587456 0.228232 0.068905 0.224274
1 0.096290 0.461741 0.065371 0.195251
11 0.380742 0.250660 0.065371 0.168865
11 0.315371 0.250660 0.061837 0.174142
11 0.250000 0.217678 0.072438 0.224274